# Channel 1
+1.00000000000000E+004, +1.620786E-010
+1.12375000000000E+004, +1.124407E-010
+1.24750000000000E+004, +8.753021E-011
+1.37125000000000E+004, +7.261820E-011
+1.49500000000000E+004, +1.306249E-010
+1.61875000000000E+004, +1.325366E-010
+1.74250000000000E+004, +1.817933E-010
+1.86625000000000E+004, +2.281259E-010
+1.99000000000000E+004, +2.401540E-010
+2.11375000000000E+004, +4.663404E-010
+2.23750000000000E+004, +4.229165E-010
+2.36125000000000E+004, +3.179623E-010
+2.48500000000000E+004, +4.014880E-010
+2.60875000000000E+004, +5.438779E-010
+2.73250000000000E+004, +5.938276E-010
+2.85625000000000E+004, +7.594108E-010
+2.98000000000000E+004, +8.093269E-010
+3.10375000000000E+004, +4.757142E-010
+3.22750000000000E+004, +9.730649E-010
+3.35125000000000E+004, +8.491379E-010
+3.47500000000000E+004, +8.120846E-010
+3.59875000000000E+004, +9.904536E-010
+3.72250000000000E+004, +9.899803E-010
+3.84625000000000E+004, +4.772628E-009
+3.97000000000000E+004, +4.540953E-008
+4.09375000000000E+004, +1.265804E-008
+4.21750000000000E+004, +5.997934E-010
+4.34125000000000E+004, +8.726720E-010
+4.46500000000000E+004, +8.379761E-010
+4.58875000000000E+004, +7.890931E-010
+4.71250000000000E+004, +6.177963E-010
+4.83625000000000E+004, +1.547867E-008
+4.96000000000000E+004, +9.618278E-009
+5.08375000000000E+004, +5.344504E-010
+5.20750000000000E+004, +6.217503E-010
+5.33125000000000E+004, +5.144692E-010
+5.45500000000000E+004, +4.843882E-010
+5.57875000000000E+004, +4.935207E-010
+5.70250000000000E+004, +4.991173E-010
+5.82625000000000E+004, +3.809260E-010
+5.95000000000000E+004, +2.549463E-010
+6.07375000000000E+004, +3.171397E-010
+6.19750000000000E+004, +2.537759E-010
+6.32125000000000E+004, +2.960162E-010
+6.44500000000000E+004, +3.719068E-010
+6.56875000000000E+004, +3.393132E-010
+6.69250000000000E+004, +2.768284E-010
+6.81625000000000E+004, +2.890400E-010
+6.94000000000000E+004, +3.083550E-010
+7.06375000000000E+004, +2.889248E-010
+7.18750000000000E+004, +2.348107E-010
+7.31125000000000E+004, +2.357029E-010
+7.43500000000000E+004, +2.384148E-010
+7.55875000000000E+004, +1.883655E-010
+7.68250000000000E+004, +2.525953E-010
+7.80625000000000E+004, +1.994643E-010
+7.93000000000000E+004, +8.051392E-010
+8.05375000000000E+004, +5.501319E-010
+8.17750000000000E+004, +2.023303E-010
+8.30125000000000E+004, +1.643124E-010
+8.42500000000000E+004, +2.018990E-010
+8.54875000000000E+004, +2.202184E-010
+8.67250000000000E+004, +2.139355E-010
+8.79625000000000E+004, +1.594098E-010
+8.92000000000000E+004, +1.607386E-010
+9.04375000000000E+004, +1.408595E-010
+9.16750000000000E+004, +1.194700E-010
+9.29125000000000E+004, +1.170863E-010
+9.41500000000000E+004, +1.430871E-010
+9.53875000000000E+004, +1.116517E-010
+9.66250000000000E+004, +2.013216E-010
+9.78625000000000E+004, +2.819510E-010
+9.91000000000000E+004, +1.531257E-010
+1.00337500000000E+005, +1.519144E-010
+1.01575000000000E+005, +1.156177E-010
+1.02812500000000E+005, +6.075654E-011
+1.04050000000000E+005, +6.512203E-011
+1.05287500000000E+005, +7.636026E-011
+1.06525000000000E+005, +9.504202E-011
+1.07762500000000E+005, +7.856872E-011
+1.09000000000000E+005, +7.127875E-011
+1.10237500000000E+005, +7.856622E-011
+1.11475000000000E+005, +9.495696E-011
+1.12712500000000E+005, +1.075414E-010
+1.13950000000000E+005, +8.750635E-011
+1.15187500000000E+005, +6.559099E-011
+1.16425000000000E+005, +3.942035E-011
+1.17662500000000E+005, +5.389818E-011
+1.18900000000000E+005, +4.805894E-011
+1.20137500000000E+005, +6.436430E-011
+1.21375000000000E+005, +3.423586E-011
+1.22612500000000E+005, +3.664987E-011
+1.23850000000000E+005, +3.184583E-011
+1.25087500000000E+005, +5.456509E-011
+1.26325000000000E+005, +8.895558E-011
+1.27562500000000E+005, +1.327456E-010
+1.28800000000000E+005, +1.486711E-010
+1.30037500000000E+005, +2.096337E-010
+1.31275000000000E+005, +2.336800E-010
+1.32512500000000E+005, +1.566734E-010
+1.33750000000000E+005, +1.829072E-010
+1.34987500000000E+005, +1.637526E-010
+1.36225000000000E+005, +3.725978E-010
+1.37462500000000E+005, +3.150685E-010
+1.38700000000000E+005, +2.527658E-010
+1.39937500000000E+005, +2.126488E-010
+1.41175000000000E+005, +1.620225E-010
+1.42412500000000E+005, +2.951704E-010
+1.43650000000000E+005, +1.212341E-010
+1.44887500000000E+005, +7.867047E-011
+1.46125000000000E+005, +2.139111E-008
+1.47362500000000E+005, +2.071758E-008
+1.48600000000000E+005, +1.110818E-010
+1.49837500000000E+005, +8.544518E-011
+1.51075000000000E+005, +9.050454E-011
+1.52312500000000E+005, +1.040267E-010
+1.53550000000000E+005, +1.192251E-010
+1.54787500000000E+005, +8.446755E-011
+1.56025000000000E+005, +9.984448E-011
+1.57262500000000E+005, +5.273008E-011
+1.58500000000000E+005, +3.494057E-011
+1.59737500000000E+005, +3.822506E-011
+1.60975000000000E+005, +3.533471E-011
+1.62212500000000E+005, +2.943407E-011
+1.63450000000000E+005, +4.711462E-011
+1.64687500000000E+005, +5.522286E-011
+1.65925000000000E+005, +5.328006E-011
+1.67162500000000E+005, +4.132828E-011
+1.68400000000000E+005, +4.181976E-011
+1.69637500000000E+005, +2.643247E-011
+1.70875000000000E+005, +1.830738E-011
+1.72112500000000E+005, +1.544349E-011
+1.73350000000000E+005, +1.182093E-011
+1.74587500000000E+005, +1.317555E-011
+1.75825000000000E+005, +1.472279E-011
+1.77062500000000E+005, +1.745100E-011
+1.78300000000000E+005, +2.455990E-011
+1.79537500000000E+005, +4.771966E-011
+1.80775000000000E+005, +5.333398E-011
+1.82012500000000E+005, +4.954410E-011
+1.83250000000000E+005, +6.076281E-011
+1.84487500000000E+005, +5.564650E-011
+1.85725000000000E+005, +3.471467E-011
+1.86962500000000E+005, +2.684107E-011
+1.88200000000000E+005, +1.684635E-011
+1.89437500000000E+005, +1.791416E-011
+1.90675000000000E+005, +2.808439E-011
+1.91912500000000E+005, +3.567711E-011
+1.93150000000000E+005, +3.277967E-011
+1.94387500000000E+005, +3.446510E-011
+1.95625000000000E+005, +2.624922E-010
+1.96862500000000E+005, +8.812696E-011
+1.98100000000000E+005, +2.127765E-011
+1.99337500000000E+005, +1.954663E-011
+2.00575000000000E+005, +1.896193E-011
+2.01812500000000E+005, +8.605224E-012
+2.03050000000000E+005, +7.472968E-012
+2.04287500000000E+005, +1.851938E-011
+2.05525000000000E+005, +4.264073E-011
+2.06762500000000E+005, +6.373630E-011
+2.08000000000000E+005, +1.470610E-010
+2.09237500000000E+005, +1.383248E-010
+2.10475000000000E+005, +1.096378E-010
+2.11712500000000E+005, +1.771905E-010
+2.12950000000000E+005, +2.564000E-010
+2.14187500000000E+005, +2.171975E-010
+2.15425000000000E+005, +1.621988E-010
+2.16662500000000E+005, +1.123955E-010
+2.17900000000000E+005, +5.856220E-011
+2.19137500000000E+005, +3.972239E-011
+2.20375000000000E+005, +3.290662E-011
+2.21612500000000E+005, +6.999246E-011
+2.22850000000000E+005, +1.312970E-010
+2.24087500000000E+005, +1.282366E-010
+2.25325000000000E+005, +1.564505E-010
+2.26562500000000E+005, +3.073327E-010
+2.27800000000000E+005, +2.399464E-010
+2.29037500000000E+005, +2.199523E-010
+2.30275000000000E+005, +1.766127E-010
+2.31512500000000E+005, +1.681202E-010
+2.32750000000000E+005, +1.058403E-010
+2.33987500000000E+005, +1.015185E-010
+2.35225000000000E+005, +9.680480E-011
+2.36462500000000E+005, +9.929766E-011
+2.37700000000000E+005, +8.462576E-011
+2.38937500000000E+005, +1.381004E-010
+2.40175000000000E+005, +6.326957E-011
+2.41412500000000E+005, +5.390048E-011
+2.42650000000000E+005, +4.343622E-011
+2.43887500000000E+005, +9.231818E-009
+2.45125000000000E+005, +1.151663E-008
+2.46362500000000E+005, +8.596282E-011
+2.47600000000000E+005, +5.223331E-011
+2.48837500000000E+005, +4.822142E-011
+2.50075000000000E+005, +4.097922E-011
+2.51312500000000E+005, +3.815757E-011
+2.52550000000000E+005, +4.416963E-011
+2.53787500000000E+005, +4.271701E-011
+2.55025000000000E+005, +3.636169E-011
+2.56262500000000E+005, +4.030538E-011
+2.57500000000000E+005, +6.274199E-011
+2.58737500000000E+005, +5.320509E-011
+2.59975000000000E+005, +4.725854E-011
+2.61212500000000E+005, +5.261473E-011
+2.62450000000000E+005, +4.706428E-011
+2.63687500000000E+005, +5.640534E-011
+2.64925000000000E+005, +5.069226E-011
+2.66162500000000E+005, +4.253809E-011
+2.67400000000000E+005, +5.501791E-011
+2.68637500000000E+005, +5.652233E-011
+2.69875000000000E+005, +8.972853E-011
+2.71112500000000E+005, +1.694034E-010
+2.72350000000000E+005, +1.134106E-010
+2.73587500000000E+005, +1.182250E-010
+2.74825000000000E+005, +1.256843E-010
+2.76062500000000E+005, +1.089812E-010
+2.77300000000000E+005, +1.543310E-010
+2.78537500000000E+005, +2.179928E-010
+2.79775000000000E+005, +2.597746E-010
+2.81012500000000E+005, +1.273230E-010
+2.82250000000000E+005, +1.078350E-010
+2.83487500000000E+005, +1.135811E-010
+2.84725000000000E+005, +2.890011E-010
+2.85962500000000E+005, +1.554914E-010
+2.87200000000000E+005, +1.991114E-010
+2.88437500000000E+005, +1.716772E-010
+2.89675000000000E+005, +1.420615E-010
+2.90912500000000E+005, +1.178414E-010
+2.92150000000000E+005, +7.097929E-011
+2.93387500000000E+005, +1.880368E-009
+2.94625000000000E+005, +1.393230E-009
+2.95862500000000E+005, +8.545983E-011
+2.97100000000000E+005, +1.154590E-010
+2.98337500000000E+005, +1.233736E-010
+2.99575000000000E+005, +1.004149E-010
+3.00812500000000E+005, +8.515828E-011
+3.02050000000000E+005, +7.025820E-011
+3.03287500000000E+005, +5.461313E-011
+3.04525000000000E+005, +5.159496E-011
+3.05762500000000E+005, +5.200866E-011
+3.07000000000000E+005, +4.632283E-011
+3.08237500000000E+005, +4.668702E-011
+3.09475000000000E+005, +3.445941E-011
+3.10712500000000E+005, +3.914617E-011
+3.11950000000000E+005, +4.150524E-011
+3.13187500000000E+005, +2.995858E-011
+3.14425000000000E+005, +2.309869E-011
+3.15662500000000E+005, +2.145974E-011
+3.16900000000000E+005, +1.948222E-011
+3.18137500000000E+005, +2.606491E-011
+3.19375000000000E+005, +1.758326E-011
+3.20612500000000E+005, +1.819129E-011
+3.21850000000000E+005, +2.771013E-011
+3.23087500000000E+005, +2.326693E-011
+3.24325000000000E+005, +2.394300E-011
+3.25562500000000E+005, +1.376114E-011
+3.26800000000000E+005, +1.016361E-011
+3.28037500000000E+005, +7.831910E-012
+3.29275000000000E+005, +8.726651E-012
+3.30512500000000E+005, +9.437504E-012
+3.31750000000000E+005, +1.063562E-011
+3.32987500000000E+005, +6.673927E-012
+3.34225000000000E+005, +6.416092E-012
+3.35462500000000E+005, +7.500018E-012
+3.36700000000000E+005, +5.734152E-012
+3.37937500000000E+005, +5.630415E-012
+3.39175000000000E+005, +6.080610E-012
+3.40412500000000E+005, +5.848839E-012
+3.41650000000000E+005, +5.157730E-010
+3.42887500000000E+005, +1.790216E-009
+3.44125000000000E+005, +3.414435E-010
+3.45362500000000E+005, +5.610641E-012
+3.46600000000000E+005, +5.859543E-012
+3.47837500000000E+005, +5.530358E-012
+3.49075000000000E+005, +1.402575E-010
+3.50312500000000E+005, +1.155856E-010
+3.51550000000000E+005, +2.695905E-012
+3.52787500000000E+005, +2.278260E-012
+3.54025000000000E+005, +2.440704E-012
+3.55262500000000E+005, +2.617276E-012
+3.56500000000000E+005, +2.086799E-012
+3.57737500000000E+005, +1.592994E-012
+3.58975000000000E+005, +1.705035E-012
+3.60212500000000E+005, +1.780157E-012
+3.61450000000000E+005, +1.924717E-012
+3.62687500000000E+005, +1.595659E-012
+3.63925000000000E+005, +1.462593E-012
+3.65162500000000E+005, +1.758255E-012
+3.66400000000000E+005, +1.856637E-012
+3.67637500000000E+005, +2.828718E-012
+3.68875000000000E+005, +1.888234E-012
+3.70112500000000E+005, +3.568830E-012
+3.71350000000000E+005, +3.930934E-012
+3.72587500000000E+005, +3.657289E-012
+3.73825000000000E+005, +4.934018E-012
+3.75062500000000E+005, +3.564379E-012
+3.76300000000000E+005, +3.616225E-012
+3.77537500000000E+005, +4.629368E-012
+3.78775000000000E+005, +4.843397E-012
+3.80012500000000E+005, +2.974211E-012
+3.81250000000000E+005, +3.199443E-012
+3.82487500000000E+005, +2.838667E-012
+3.83725000000000E+005, +3.033031E-012
+3.84962500000000E+005, +8.768930E-012
+3.86200000000000E+005, +1.204378E-011
+3.87437500000000E+005, +2.328258E-012
+3.88675000000000E+005, +2.258502E-012
+3.89912500000000E+005, +2.195051E-012
+3.91150000000000E+005, +6.413307E-011
+3.92387500000000E+005, +7.435200E-011
+3.93625000000000E+005, +4.314253E-012
+3.94862500000000E+005, +3.584533E-012
+3.96100000000000E+005, +4.643990E-012
+3.97337500000000E+005, +3.410596E-012
+3.98575000000000E+005, +2.224601E-012
+3.99812500000000E+005, +1.925490E-012
+4.01050000000000E+005, +1.814555E-012
+4.02287500000000E+005, +2.182428E-012
+4.03525000000000E+005, +2.012604E-012
+4.04762500000000E+005, +1.943821E-012
+4.06000000000000E+005, +1.535884E-012
+4.07237500000000E+005, +1.876423E-012
+4.08475000000000E+005, +2.331409E-012
+4.09712500000000E+005, +1.060924E-011
+4.10950000000000E+005, +8.471399E-011
+4.12187500000000E+005, +1.693519E-011
+4.13425000000000E+005, +1.878555E-012
+4.14662500000000E+005, +2.424933E-012
+4.15900000000000E+005, +7.400146E-012
+4.17137500000000E+005, +4.883980E-012
+4.18375000000000E+005, +2.535675E-012
+4.19612500000000E+005, +3.721917E-012
+4.20850000000000E+005, +3.974594E-012
+4.22087500000000E+005, +2.739235E-012
+4.23325000000000E+005, +2.308617E-012
+4.24562500000000E+005, +2.300591E-012
+4.25800000000000E+005, +1.757629E-012
+4.27037500000000E+005, +2.701689E-012
+4.28275000000000E+005, +2.111784E-012
+4.29512500000000E+005, +2.151612E-012
+4.30750000000000E+005, +1.497325E-012
+4.31987500000000E+005, +1.657430E-012
+4.33225000000000E+005, +1.629164E-012
+4.34462500000000E+005, +2.209028E-012
+4.35700000000000E+005, +2.523902E-012
+4.36937500000000E+005, +1.909579E-012
+4.38175000000000E+005, +1.456870E-012
+4.39412500000000E+005, +4.694579E-012
+4.40650000000000E+005, +6.841308E-011
+4.41887500000000E+005, +4.573990E-011
+4.43125000000000E+005, +1.234959E-012
+4.44362500000000E+005, +1.298452E-012
+4.45600000000000E+005, +1.371144E-012
+4.46837500000000E+005, +1.400943E-012
+4.48075000000000E+005, +1.185264E-012
+4.49312500000000E+005, +1.569023E-012
+4.50550000000000E+005, +1.911556E-012
+4.51787500000000E+005, +9.971091E-013
+4.53025000000000E+005, +1.169549E-012
+4.54262500000000E+005, +8.874118E-013
+4.55500000000000E+005, +1.161658E-012
+4.56737500000000E+005, +9.275931E-013
+4.57975000000000E+005, +1.075026E-012
+4.59212500000000E+005, +1.098208E-012
+4.60450000000000E+005, +1.337860E-012
+4.61687500000000E+005, +1.423799E-012
+4.62925000000000E+005, +1.980045E-012
+4.64162500000000E+005, +1.645367E-012
+4.65400000000000E+005, +1.468612E-012
+4.66637500000000E+005, +1.379741E-012
+4.67875000000000E+005, +1.357151E-012
+4.69112500000000E+005, +1.435073E-012
+4.70350000000000E+005, +1.210558E-012
+4.71587500000000E+005, +1.341374E-012
+4.72825000000000E+005, +1.303917E-012
+4.74062500000000E+005, +1.261605E-012
+4.75300000000000E+005, +1.241771E-012
+4.76537500000000E+005, +1.138817E-012
+4.77775000000000E+005, +1.451327E-012
+4.79012500000000E+005, +1.902149E-012
+4.80250000000000E+005, +3.463208E-012
+4.81487500000000E+005, +1.903887E-011
+4.82725000000000E+005, +1.534302E-011
+4.83962500000000E+005, +2.211719E-012
+4.85200000000000E+005, +1.224212E-012
+4.86437500000000E+005, +1.106932E-012
+4.87675000000000E+005, +9.350032E-013
+4.88912500000000E+005, +2.181032E-012
+4.90150000000000E+005, +4.306993E-012
+4.91387500000000E+005, +1.660335E-012
+4.92625000000000E+005, +1.126103E-012
+4.93862500000000E+005, +1.414217E-012
+4.95100000000000E+005, +1.525694E-012
+4.96337500000000E+005, +1.320861E-012
+4.97575000000000E+005, +1.040877E-012
+4.98812500000000E+005, +1.203897E-012
+5.00050000000000E+005, +1.126428E-012
+5.01287500000000E+005, +1.267017E-012
+5.02525000000000E+005, +8.631937E-013
+5.03762500000000E+005, +8.925746E-013
+5.05000000000000E+005, +1.045627E-012
+5.06237500000000E+005, +1.036458E-012
+5.07475000000000E+005, +1.188128E-012
+5.08712500000000E+005, +1.315399E-012
+5.09950000000000E+005, +1.145332E-012
+5.11187500000000E+005, +1.369600E-012
+5.12425000000000E+005, +1.199117E-012
+5.13662500000000E+005, +1.133985E-012
+5.14900000000000E+005, +1.297271E-012
+5.16137500000000E+005, +8.321476E-013
+5.17375000000000E+005, +8.958950E-013
+5.18612500000000E+005, +8.510729E-013
+5.19850000000000E+005, +1.042964E-012
+5.21087500000000E+005, +9.610942E-013
+5.22325000000000E+005, +1.000110E-012
+5.23562500000000E+005, +1.110129E-012
+5.24800000000000E+005, +1.194789E-012
+5.26037500000000E+005, +9.022334E-013
+5.27275000000000E+005, +1.145757E-012
+5.28512500000000E+005, +1.118502E-012
+5.29750000000000E+005, +1.102357E-012
+5.30987500000000E+005, +8.531275E-013
+5.32225000000000E+005, +1.073330E-012
+5.33462500000000E+005, +1.277839E-012
+5.34700000000000E+005, +1.055081E-012
+5.35937500000000E+005, +1.558856E-012
+5.37175000000000E+005, +1.370997E-012
+5.38412500000000E+005, +7.880778E-012
+5.39650000000000E+005, +7.090186E-012
+5.40887500000000E+005, +2.474142E-012
+5.42125000000000E+005, +8.508545E-013
+5.43362500000000E+005, +8.927524E-013
+5.44600000000000E+005, +1.038193E-012
+5.45837500000000E+005, +1.054244E-012
+5.47075000000000E+005, +2.605809E-011
+5.48312500000000E+005, +4.818393E-011
+5.49550000000000E+005, +1.141220E-012
+5.50787500000000E+005, +1.233905E-012
+5.52025000000000E+005, +1.079934E-012
+5.53262500000000E+005, +9.295039E-013
+5.54500000000000E+005, +1.088007E-012
+5.55737500000000E+005, +1.828116E-012
+5.56975000000000E+005, +8.161805E-013
+5.58212500000000E+005, +1.066358E-012
+5.59450000000000E+005, +8.251630E-013
+5.60687500000000E+005, +1.002091E-012
+5.61925000000000E+005, +8.828820E-013
+5.63162500000000E+005, +9.396048E-013
+5.64400000000000E+005, +8.400752E-013
+5.65637500000000E+005, +8.624391E-013
+5.66875000000000E+005, +9.366884E-013
+5.68112500000000E+005, +1.012958E-012
+5.69350000000000E+005, +8.305794E-011
+5.70587500000000E+005, +7.842839E-011
+5.71825000000000E+005, +2.150768E-012
+5.73062500000000E+005, +1.495915E-012
+5.74300000000000E+005, +1.240374E-012
+5.75537500000000E+005, +1.274091E-012
+5.76775000000000E+005, +2.952780E-012
+5.78012500000000E+005, +1.274015E-011
+5.79250000000000E+005, +1.434037E-011
+5.80487500000000E+005, +8.547297E-013
+5.81725000000000E+005, +9.505127E-013
+5.82962500000000E+005, +1.061705E-012
+5.84200000000000E+005, +8.956838E-013
+5.85437500000000E+005, +8.267941E-013
+5.86675000000000E+005, +1.033733E-012
+5.87912500000000E+005, +1.766732E-012
+5.89150000000000E+005, +1.319811E-012
+5.90387500000000E+005, +7.492349E-013
+5.91625000000000E+005, +9.479627E-013
+5.92862500000000E+005, +7.090924E-013
+5.94100000000000E+005, +1.018390E-012
+5.95337500000000E+005, +1.023259E-012
+5.96575000000000E+005, +7.272765E-013
+5.97812500000000E+005, +8.430420E-013
+5.99050000000000E+005, +7.893968E-013
+6.00287500000000E+005, +6.983868E-013
+6.01525000000000E+005, +6.511603E-013
+6.02762500000000E+005, +5.974240E-013
+6.04000000000000E+005, +6.776735E-013
+6.05237500000000E+005, +7.384481E-013
+6.06475000000000E+005, +6.809065E-013
+6.07712500000000E+005, +1.183265E-012
+6.08950000000000E+005, +1.069064E-012
+6.10187500000000E+005, +1.293997E-012
+6.11425000000000E+005, +1.270983E-012
+6.12662500000000E+005, +1.440762E-012
+6.13900000000000E+005, +1.220982E-012
+6.15137500000000E+005, +1.436249E-012
+6.16375000000000E+005, +1.200914E-012
+6.17612500000000E+005, +6.644907E-013
+6.18850000000000E+005, +6.296910E-013
+6.20087500000000E+005, +6.014261E-013
+6.21325000000000E+005, +6.308215E-013
+6.22562500000000E+005, +6.335918E-013
+6.23800000000000E+005, +5.735611E-013
+6.25037500000000E+005, +5.716302E-013
+6.26275000000000E+005, +4.963646E-013
+6.27512500000000E+005, +5.194543E-013
+6.28750000000000E+005, +1.296238E-012
+6.29987500000000E+005, +7.520174E-013
+6.31225000000000E+005, +6.173410E-013
+6.32462500000000E+005, +6.874857E-013
+6.33700000000000E+005, +5.641593E-013
+6.34937500000000E+005, +8.629136E-013
+6.36175000000000E+005, +1.270073E-012
+6.37412500000000E+005, +1.778332E-012
+6.38650000000000E+005, +6.600405E-013
+6.39887500000000E+005, +6.808464E-012
+6.41125000000000E+005, +7.160496E-012
+6.42362500000000E+005, +7.351539E-013
+6.43600000000000E+005, +6.161740E-013
+6.44837500000000E+005, +5.529270E-013
+6.46075000000000E+005, +5.281315E-013
+6.47312500000000E+005, +5.868286E-013
+6.48550000000000E+005, +6.987343E-013
+6.49787500000000E+005, +4.606072E-013
+6.51025000000000E+005, +7.431924E-013
+6.52262500000000E+005, +7.528546E-013
+6.53500000000000E+005, +7.629689E-013
+6.54737500000000E+005, +4.988018E-013
+6.55975000000000E+005, +5.518559E-013
+6.57212500000000E+005, +6.360637E-013
+6.58450000000000E+005, +5.718556E-013
+6.59687500000000E+005, +5.122867E-013
+6.60925000000000E+005, +6.008390E-013
+6.62162500000000E+005, +5.740940E-013
+6.63400000000000E+005, +4.417287E-013
+6.64637500000000E+005, +5.115016E-013
+6.65875000000000E+005, +4.429784E-013
+6.67112500000000E+005, +4.311542E-013
+6.68350000000000E+005, +3.968081E-013
+6.69587500000000E+005, +6.237127E-013
+6.70825000000000E+005, +6.267650E-013
+6.72062500000000E+005, +5.490841E-013
+6.73300000000000E+005, +6.755655E-013
+6.74537500000000E+005, +3.883776E-012
+6.75775000000000E+005, +5.397923E-012
+6.77012500000000E+005, +1.084012E-012
+6.78250000000000E+005, +4.144569E-013
+6.79487500000000E+005, +5.081175E-013
+6.80725000000000E+005, +5.654344E-013
+6.81962500000000E+005, +6.474201E-013
+6.83200000000000E+005, +3.560976E-013
+6.84437500000000E+005, +6.331419E-013
+6.85675000000000E+005, +6.313820E-013
+6.86912500000000E+005, +5.828335E-013
+6.88150000000000E+005, +5.933093E-013
+6.89387500000000E+005, +4.597305E-013
+6.90625000000000E+005, +3.522235E-013
+6.91862500000000E+005, +4.257340E-013
+6.93100000000000E+005, +6.243848E-013
+6.94337500000000E+005, +5.926490E-013
+6.95575000000000E+005, +4.921910E-013
+6.96812500000000E+005, +6.319468E-013
+6.98050000000000E+005, +8.193038E-013
+6.99287500000000E+005, +9.596050E-013
+7.00525000000000E+005, +4.581917E-013
+7.01762500000000E+005, +5.326337E-013
+7.03000000000000E+005, +6.254246E-013
+7.04237500000000E+005, +4.962967E-013
+7.05475000000000E+005, +5.008329E-013
+7.06712500000000E+005, +4.606138E-013
+7.07950000000000E+005, +5.321462E-013
+7.09187500000000E+005, +5.898692E-013
+7.10425000000000E+005, +5.493913E-013
+7.11662500000000E+005, +5.941615E-013
+7.12900000000000E+005, +4.695567E-013
+7.14137500000000E+005, +5.021686E-013
+7.15375000000000E+005, +5.711558E-013
+7.16612500000000E+005, +6.356088E-013
+7.17850000000000E+005, +5.096539E-013
+7.19087500000000E+005, +3.574257E-013
+7.20325000000000E+005, +3.401631E-013
+7.21562500000000E+005, +3.577251E-013
+7.22800000000000E+005, +4.939729E-013
+7.24037500000000E+005, +5.553036E-013
+7.25275000000000E+005, +4.451121E-013
+7.26512500000000E+005, +4.833851E-013
+7.27750000000000E+005, +4.489474E-013
+7.28987500000000E+005, +5.381507E-013
+7.30225000000000E+005, +3.314363E-013
+7.31462500000000E+005, +4.838777E-013
+7.32700000000000E+005, +4.789961E-013
+7.33937500000000E+005, +4.977305E-013
+7.35175000000000E+005, +8.437494E-013
+7.36412500000000E+005, +5.412491E-013
+7.37650000000000E+005, +4.803549E-013
+7.38887500000000E+005, +3.441328E-013
+7.40125000000000E+005, +2.961456E-013
+7.41362500000000E+005, +3.686561E-013
+7.42600000000000E+005, +3.620345E-013
+7.43837500000000E+005, +3.882516E-013
+7.45075000000000E+005, +4.227094E-013
+7.46312500000000E+005, +4.416140E-013
+7.47550000000000E+005, +4.539452E-013
+7.48787500000000E+005, +5.382055E-013
+7.50025000000000E+005, +4.016658E-013
+7.51262500000000E+005, +4.702604E-013
+7.52500000000000E+005, +4.350473E-013
+7.53737500000000E+005, +4.569735E-013
+7.54975000000000E+005, +3.840489E-013
+7.56212500000000E+005, +4.495024E-013
+7.57450000000000E+005, +4.520413E-013
+7.58687500000000E+005, +4.033027E-013
+7.59925000000000E+005, +4.676308E-013
+7.61162500000000E+005, +3.877365E-013
+7.62400000000000E+005, +3.847309E-013
+7.63637500000000E+005, +4.389509E-013
+7.64875000000000E+005, +5.256718E-013
+7.66112500000000E+005, +6.813837E-013
+7.67350000000000E+005, +7.447617E-013
+7.68587500000000E+005, +8.902891E-013
+7.69825000000000E+005, +7.213165E-013
+7.71062500000000E+005, +2.906176E-012
+7.72300000000000E+005, +3.477007E-012
+7.73537500000000E+005, +6.667996E-013
+7.74775000000000E+005, +4.861287E-013
+7.76012500000000E+005, +5.371795E-013
+7.77250000000000E+005, +5.244731E-013
+7.78487500000000E+005, +3.948375E-013
+7.79725000000000E+005, +3.369239E-013
+7.80962500000000E+005, +2.861599E-013
+7.82200000000000E+005, +5.958388E-013
+7.83437500000000E+005, +1.404932E-012
+7.84675000000000E+005, +1.666647E-012
+7.85912500000000E+005, +6.958887E-013
+7.87150000000000E+005, +7.633755E-013
+7.88387500000000E+005, +9.436742E-013
+7.89625000000000E+005, +4.349187E-013
+7.90862500000000E+005, +3.778429E-013
+7.92100000000000E+005, +4.736202E-013
+7.93337500000000E+005, +4.896784E-013
+7.94575000000000E+005, +3.770449E-013
+7.95812500000000E+005, +4.794933E-013
+7.97050000000000E+005, +6.268563E-013
+7.98287500000000E+005, +6.087804E-013
+7.99525000000000E+005, +6.364159E-013
+8.00762500000000E+005, +5.279378E-013
+8.02000000000000E+005, +5.267992E-013
+8.03237500000000E+005, +5.725924E-013
+8.04475000000000E+005, +8.736314E-013
+8.05712500000000E+005, +8.239958E-013
+8.06950000000000E+005, +7.477911E-013
+8.08187500000000E+005, +6.337808E-013
+8.09425000000000E+005, +4.851829E-013
+8.10662500000000E+005, +4.545599E-013
+8.11900000000000E+005, +3.385016E-013
+8.13137500000000E+005, +3.256903E-013
+8.14375000000000E+005, +5.082211E-013
+8.15612500000000E+005, +1.643016E-012
+8.16850000000000E+005, +6.269845E-013
+8.18087500000000E+005, +3.216677E-013
+8.19325000000000E+005, +3.346159E-013
+8.20562500000000E+005, +3.508014E-013
+8.21800000000000E+005, +5.241446E-013
+8.23037500000000E+005, +4.568982E-013
+8.24275000000000E+005, +5.162539E-013
+8.25512500000000E+005, +3.819780E-013
+8.26750000000000E+005, +4.549616E-013
+8.27987500000000E+005, +4.262548E-013
+8.29225000000000E+005, +3.784574E-013
+8.30462500000000E+005, +2.928595E-013
+8.31700000000000E+005, +4.622441E-013
+8.32937500000000E+005, +8.151954E-013
+8.34175000000000E+005, +6.257483E-013
+8.35412500000000E+005, +5.683508E-013
+8.36650000000000E+005, +5.385064E-013
+8.37887500000000E+005, +6.170837E-013
+8.39125000000000E+005, +5.846003E-013
+8.40362500000000E+005, +8.227596E-013
+8.41600000000000E+005, +8.244391E-013
+8.42837500000000E+005, +9.087260E-013
+8.44075000000000E+005, +8.202933E-013
+8.45312500000000E+005, +4.350487E-013
+8.46550000000000E+005, +3.945793E-013
+8.47787500000000E+005, +4.029739E-013
+8.49025000000000E+005, +4.895447E-013
+8.50262500000000E+005, +6.230530E-013
+8.51500000000000E+005, +4.380498E-013
+8.52737500000000E+005, +3.898152E-013
+8.53975000000000E+005, +7.122268E-013
+8.55212500000000E+005, +9.746466E-013
+8.56450000000000E+005, +3.519932E-013
+8.57687500000000E+005, +3.214544E-013
+8.58925000000000E+005, +2.973747E-013
+8.60162500000000E+005, +3.217852E-013
+8.61400000000000E+005, +2.678903E-013
+8.62637500000000E+005, +6.425138E-013
+8.63875000000000E+005, +4.808204E-013
+8.65112500000000E+005, +3.402840E-013
+8.66350000000000E+005, +3.397829E-013
+8.67587500000000E+005, +3.650719E-012
+8.68825000000000E+005, +4.061185E-012
+8.70062500000000E+005, +5.268937E-013
+8.71300000000000E+005, +3.046197E-013
+8.72537500000000E+005, +3.756530E-013
+8.73775000000000E+005, +2.802338E-013
+8.75012500000000E+005, +3.072612E-013
+8.76250000000000E+005, +4.061933E-013
+8.77487500000000E+005, +4.168470E-013
+8.78725000000000E+005, +3.042564E-013
+8.79962500000000E+005, +3.602780E-013
+8.81200000000000E+005, +4.387681E-013
+8.82437500000000E+005, +3.226515E-013
+8.83675000000000E+005, +4.311237E-013
+8.84912500000000E+005, +4.381464E-013
+8.86150000000000E+005, +2.988544E-013
+8.87387500000000E+005, +2.332794E-013
+8.88625000000000E+005, +3.285181E-013
+8.89862500000000E+005, +3.929554E-013
+8.91100000000000E+005, +3.800326E-013
+8.92337500000000E+005, +2.822982E-013
+8.93575000000000E+005, +3.124167E-013
+8.94812500000000E+005, +3.342303E-013
+8.96050000000000E+005, +3.682215E-013
+8.97287500000000E+005, +3.393471E-013
+8.98525000000000E+005, +4.593364E-013
+8.99762500000000E+005, +4.125931E-013
+9.01000000000000E+005, +5.291656E-013
+9.02237500000000E+005, +4.149435E-013
+9.03475000000000E+005, +4.588682E-013
+9.04712500000000E+005, +4.515308E-013
+9.05950000000000E+005, +2.026989E-013
+9.07187500000000E+005, +1.988157E-013
+9.08425000000000E+005, +6.133108E-013
+9.09662500000000E+005, +3.459666E-013
+9.10900000000000E+005, +2.833803E-013
+9.12137500000000E+005, +2.509150E-013
+9.13375000000000E+005, +2.048556E-013
+9.14612500000000E+005, +2.121904E-013
+9.15850000000000E+005, +3.743440E-013
+9.17087500000000E+005, +4.979876E-013
+9.18325000000000E+005, +4.843852E-013
+9.19562500000000E+005, +3.806210E-013
+9.20800000000000E+005, +3.226073E-013
+9.22037500000000E+005, +2.435659E-013
+9.23275000000000E+005, +2.386571E-013
+9.24512500000000E+005, +2.613348E-013
+9.25750000000000E+005, +2.658829E-013
+9.26987500000000E+005, +4.410098E-013
+9.28225000000000E+005, +3.648472E-013
+9.29462500000000E+005, +5.046536E-013
+9.30700000000000E+005, +7.101029E-013
+9.31937500000000E+005, +6.437090E-013
+9.33175000000000E+005, +3.810328E-013
+9.34412500000000E+005, +2.891652E-013
+9.35650000000000E+005, +1.909906E-013
+9.36887500000000E+005, +3.364866E-013
+9.38125000000000E+005, +3.936301E-013
+9.39362500000000E+005, +3.937095E-013
+9.40600000000000E+005, +5.930050E-013
+9.41837500000000E+005, +7.367860E-013
+9.43075000000000E+005, +9.353050E-013
+9.44312500000000E+005, +3.849573E-013
+9.45550000000000E+005, +3.727844E-013
+9.46787500000000E+005, +3.008608E-013
+9.48025000000000E+005, +2.977120E-013
+9.49262500000000E+005, +3.496447E-013
+9.50500000000000E+005, +2.985566E-013
+9.51737500000000E+005, +2.341899E-013
+9.52975000000000E+005, +2.866652E-013
+9.54212500000000E+005, +3.747599E-013
+9.55450000000000E+005, +4.295289E-013
+9.56687500000000E+005, +3.591880E-013
+9.57925000000000E+005, +3.202915E-013
+9.59162500000000E+005, +4.297535E-013
+9.60400000000000E+005, +4.545494E-013
+9.61637500000000E+005, +7.167966E-013
+9.62875000000000E+005, +1.030379E-012
+9.64112500000000E+005, +3.153702E-012
+9.65350000000000E+005, +3.473778E-012
+9.66587500000000E+005, +6.269103E-013
+9.67825000000000E+005, +3.629159E-013
+9.69062500000000E+005, +3.639972E-013
+9.70300000000000E+005, +4.980037E-013
+9.71537500000000E+005, +9.942945E-013
+9.72775000000000E+005, +7.739263E-013
+9.74012500000000E+005, +8.071964E-013
+9.75250000000000E+005, +8.436006E-013
+9.76487500000000E+005, +1.069106E-012
+9.77725000000000E+005, +1.103728E-012
+9.78962500000000E+005, +9.787514E-013
+9.80200000000000E+005, +2.698312E-012
+9.81437500000000E+005, +2.939774E-012
+9.82675000000000E+005, +4.184326E-013
+9.83912500000000E+005, +5.688945E-013
+9.85150000000000E+005, +5.139512E-013
+9.86387500000000E+005, +3.513521E-013
+9.87625000000000E+005, +3.536972E-013
+9.88862500000000E+005, +3.280807E-013
+9.90100000000000E+005, +2.417408E-013
+9.91337500000000E+005, +3.557488E-013
+9.92575000000000E+005, +3.901140E-013
+9.93812500000000E+005, +5.294267E-013
+9.95050000000000E+005, +5.993168E-013
+9.96287500000000E+005, +5.637992E-013
+9.97525000000000E+005, +8.935156E-013
+9.98762500000000E+005, +4.609284E-013
+1.00000000000000E+006, +5.425409E-013
