# Channel 1
+1.00000000000000E+004, +1.552388E-010
+1.12375000000000E+004, +1.491680E-010
+1.24750000000000E+004, +1.578237E-010
+1.37125000000000E+004, +1.655674E-010
+1.49500000000000E+004, +2.915242E-010
+1.61875000000000E+004, +2.601734E-010
+1.74250000000000E+004, +4.017501E-010
+1.86625000000000E+004, +6.535528E-010
+1.99000000000000E+004, +6.843205E-010
+2.11375000000000E+004, +5.613978E-010
+2.23750000000000E+004, +8.350926E-010
+2.36125000000000E+004, +1.028190E-009
+2.48500000000000E+004, +1.099263E-009
+2.60875000000000E+004, +1.275842E-009
+2.73250000000000E+004, +1.434130E-009
+2.85625000000000E+004, +1.663196E-009
+2.98000000000000E+004, +1.654403E-009
+3.10375000000000E+004, +1.575329E-009
+3.22750000000000E+004, +1.642041E-009
+3.35125000000000E+004, +1.814427E-009
+3.47500000000000E+004, +2.817032E-009
+3.59875000000000E+004, +2.691360E-009
+3.72250000000000E+004, +2.152071E-009
+3.84625000000000E+004, +3.468896E-009
+3.97000000000000E+004, +4.645936E-008
+4.09375000000000E+004, +2.334631E-008
+4.21750000000000E+004, +1.836794E-009
+4.34125000000000E+004, +1.901148E-009
+4.46500000000000E+004, +1.035399E-009
+4.58875000000000E+004, +1.178926E-009
+4.71250000000000E+004, +1.526211E-009
+4.83625000000000E+004, +1.730106E-008
+4.96000000000000E+004, +1.202242E-008
+5.08375000000000E+004, +1.155729E-009
+5.20750000000000E+004, +8.968094E-010
+5.33125000000000E+004, +9.793761E-010
+5.45500000000000E+004, +9.913781E-010
+5.57875000000000E+004, +1.049071E-009
+5.70250000000000E+004, +8.887855E-010
+5.82625000000000E+004, +1.127454E-009
+5.95000000000000E+004, +7.891179E-010
+6.07375000000000E+004, +5.690855E-010
+6.19750000000000E+004, +7.014300E-010
+6.32125000000000E+004, +6.816537E-010
+6.44500000000000E+004, +5.232665E-010
+6.56875000000000E+004, +5.710051E-010
+6.69250000000000E+004, +5.142708E-010
+6.81625000000000E+004, +5.703983E-010
+6.94000000000000E+004, +6.270093E-010
+7.06375000000000E+004, +5.598937E-010
+7.18750000000000E+004, +3.364354E-010
+7.31125000000000E+004, +2.747191E-010
+7.43500000000000E+004, +4.921248E-010
+7.55875000000000E+004, +4.585163E-010
+7.68250000000000E+004, +3.261305E-010
+7.80625000000000E+004, +3.044427E-010
+7.93000000000000E+004, +7.320488E-010
+8.05375000000000E+004, +8.325731E-010
+8.17750000000000E+004, +2.887282E-010
+8.30125000000000E+004, +2.750342E-010
+8.42500000000000E+004, +2.415265E-010
+8.54875000000000E+004, +2.641476E-010
+8.67250000000000E+004, +2.337203E-010
+8.79625000000000E+004, +2.614158E-010
+8.92000000000000E+004, +2.881151E-010
+9.04375000000000E+004, +1.864158E-010
+9.16750000000000E+004, +2.656299E-010
+9.29125000000000E+004, +1.791231E-010
+9.41500000000000E+004, +2.267777E-010
+9.53875000000000E+004, +2.212925E-010
+9.66250000000000E+004, +2.690302E-010
+9.78625000000000E+004, +4.774771E-010
+9.91000000000000E+004, +2.438614E-010
+1.00337500000000E+005, +1.962433E-010
+1.01575000000000E+005, +1.514582E-010
+1.02812500000000E+005, +1.121926E-010
+1.04050000000000E+005, +1.320091E-010
+1.05287500000000E+005, +1.706308E-010
+1.06525000000000E+005, +1.310093E-010
+1.07762500000000E+005, +1.262286E-010
+1.09000000000000E+005, +1.056022E-010
+1.10237500000000E+005, +1.288997E-010
+1.11475000000000E+005, +1.275797E-010
+1.12712500000000E+005, +1.306999E-010
+1.13950000000000E+005, +1.262036E-010
+1.15187500000000E+005, +1.371387E-010
+1.16425000000000E+005, +1.061988E-010
+1.17662500000000E+005, +7.135288E-011
+1.18900000000000E+005, +8.578234E-011
+1.20137500000000E+005, +1.248869E-010
+1.21375000000000E+005, +9.167964E-011
+1.22612500000000E+005, +9.457371E-011
+1.23850000000000E+005, +8.259840E-011
+1.25087500000000E+005, +9.324550E-011
+1.26325000000000E+005, +1.234889E-010
+1.27562500000000E+005, +1.893875E-010
+1.28800000000000E+005, +2.010188E-010
+1.30037500000000E+005, +2.061616E-010
+1.31275000000000E+005, +2.161972E-010
+1.32512500000000E+005, +2.189335E-010
+1.33750000000000E+005, +2.186134E-010
+1.34987500000000E+005, +1.930396E-010
+1.36225000000000E+005, +3.947906E-010
+1.37462500000000E+005, +3.009741E-010
+1.38700000000000E+005, +3.546236E-010
+1.39937500000000E+005, +3.268198E-010
+1.41175000000000E+005, +2.715392E-010
+1.42412500000000E+005, +3.957946E-010
+1.43650000000000E+005, +1.005554E-010
+1.44887500000000E+005, +1.504071E-010
+1.46125000000000E+005, +2.126051E-008
+1.47362500000000E+005, +2.180099E-008
+1.48600000000000E+005, +1.708462E-010
+1.49837500000000E+005, +1.231358E-010
+1.51075000000000E+005, +1.145887E-010
+1.52312500000000E+005, +1.123465E-010
+1.53550000000000E+005, +9.675324E-011
+1.54787500000000E+005, +1.072553E-010
+1.56025000000000E+005, +8.376147E-011
+1.57262500000000E+005, +6.542982E-011
+1.58500000000000E+005, +6.352387E-011
+1.59737500000000E+005, +5.583912E-011
+1.60975000000000E+005, +6.110590E-011
+1.62212500000000E+005, +4.784820E-011
+1.63450000000000E+005, +5.472637E-011
+1.64687500000000E+005, +5.375309E-011
+1.65925000000000E+005, +3.980426E-011
+1.67162500000000E+005, +5.922038E-011
+1.68400000000000E+005, +6.288765E-011
+1.69637500000000E+005, +4.938776E-011
+1.70875000000000E+005, +3.014049E-011
+1.72112500000000E+005, +2.651999E-011
+1.73350000000000E+005, +1.828148E-011
+1.74587500000000E+005, +1.958297E-011
+1.75825000000000E+005, +2.588817E-011
+1.77062500000000E+005, +2.269434E-011
+1.78300000000000E+005, +3.045846E-011
+1.79537500000000E+005, +5.584551E-011
+1.80775000000000E+005, +6.558238E-011
+1.82012500000000E+005, +7.580624E-011
+1.83250000000000E+005, +5.712557E-011
+1.84487500000000E+005, +6.021026E-011
+1.85725000000000E+005, +4.599249E-011
+1.86962500000000E+005, +3.645055E-011
+1.88200000000000E+005, +2.882741E-011
+1.89437500000000E+005, +4.016051E-011
+1.90675000000000E+005, +4.373413E-011
+1.91912500000000E+005, +5.713009E-011
+1.93150000000000E+005, +4.817612E-011
+1.94387500000000E+005, +3.528623E-011
+1.95625000000000E+005, +3.160202E-010
+1.96862500000000E+005, +1.778240E-010
+1.98100000000000E+005, +3.441427E-011
+1.99337500000000E+005, +1.878203E-011
+2.00575000000000E+005, +2.503805E-011
+2.01812500000000E+005, +1.735082E-011
+2.03050000000000E+005, +1.465605E-011
+2.04287500000000E+005, +2.719041E-011
+2.05525000000000E+005, +5.328174E-011
+2.06762500000000E+005, +5.609107E-011
+2.08000000000000E+005, +1.219436E-010
+2.09237500000000E+005, +1.257451E-010
+2.10475000000000E+005, +1.072991E-010
+2.11712500000000E+005, +1.297888E-010
+2.12950000000000E+005, +1.984093E-010
+2.14187500000000E+005, +2.240323E-010
+2.15425000000000E+005, +1.817847E-010
+2.16662500000000E+005, +7.929523E-011
+2.17900000000000E+005, +6.599461E-011
+2.19137500000000E+005, +3.214158E-011
+2.20375000000000E+005, +3.560773E-011
+2.21612500000000E+005, +7.311496E-011
+2.22850000000000E+005, +1.244301E-010
+2.24087500000000E+005, +1.527305E-010
+2.25325000000000E+005, +1.518788E-010
+2.26562500000000E+005, +1.631107E-010
+2.27800000000000E+005, +2.272519E-010
+2.29037500000000E+005, +3.389776E-010
+2.30275000000000E+005, +2.809817E-010
+2.31512500000000E+005, +2.603272E-010
+2.32750000000000E+005, +1.191189E-010
+2.33987500000000E+005, +1.393292E-010
+2.35225000000000E+005, +1.094711E-010
+2.36462500000000E+005, +1.270043E-010
+2.37700000000000E+005, +1.096751E-010
+2.38937500000000E+005, +7.360854E-011
+2.40175000000000E+005, +7.705549E-011
+2.41412500000000E+005, +7.048260E-011
+2.42650000000000E+005, +6.043187E-011
+2.43887500000000E+005, +6.630287E-009
+2.45125000000000E+005, +1.119774E-008
+2.46362500000000E+005, +5.466202E-010
+2.47600000000000E+005, +4.453056E-011
+2.48837500000000E+005, +3.591290E-011
+2.50075000000000E+005, +3.561467E-011
+2.51312500000000E+005, +4.850637E-011
+2.52550000000000E+005, +4.416264E-011
+2.53787500000000E+005, +4.682312E-011
+2.55025000000000E+005, +4.201313E-011
+2.56262500000000E+005, +4.787721E-011
+2.57500000000000E+005, +5.337849E-011
+2.58737500000000E+005, +5.485783E-011
+2.59975000000000E+005, +6.659354E-011
+2.61212500000000E+005, +5.171468E-011
+2.62450000000000E+005, +4.936321E-011
+2.63687500000000E+005, +6.031294E-011
+2.64925000000000E+005, +7.136250E-011
+2.66162500000000E+005, +5.418514E-011
+2.67400000000000E+005, +6.309495E-011
+2.68637500000000E+005, +7.597655E-011
+2.69875000000000E+005, +9.957599E-011
+2.71112500000000E+005, +9.813438E-011
+2.72350000000000E+005, +8.935684E-011
+2.73587500000000E+005, +1.335005E-010
+2.74825000000000E+005, +1.371265E-010
+2.76062500000000E+005, +1.372909E-010
+2.77300000000000E+005, +1.779764E-010
+2.78537500000000E+005, +1.800048E-010
+2.79775000000000E+005, +1.604299E-010
+2.81012500000000E+005, +1.552856E-010
+2.82250000000000E+005, +1.313148E-010
+2.83487500000000E+005, +1.523960E-010
+2.84725000000000E+005, +2.940110E-010
+2.85962500000000E+005, +1.949297E-010
+2.87200000000000E+005, +2.309196E-010
+2.88437500000000E+005, +1.698543E-010
+2.89675000000000E+005, +1.186760E-010
+2.90912500000000E+005, +1.061903E-010
+2.92150000000000E+005, +8.371934E-011
+2.93387500000000E+005, +1.808623E-009
+2.94625000000000E+005, +1.759096E-009
+2.95862500000000E+005, +9.169104E-011
+2.97100000000000E+005, +1.251464E-010
+2.98337500000000E+005, +1.293323E-010
+2.99575000000000E+005, +6.280152E-011
+3.00812500000000E+005, +6.068566E-011
+3.02050000000000E+005, +5.798530E-011
+3.03287500000000E+005, +6.265106E-011
+3.04525000000000E+005, +6.939156E-011
+3.05762500000000E+005, +9.020045E-011
+3.07000000000000E+005, +6.832380E-011
+3.08237500000000E+005, +6.260444E-011
+3.09475000000000E+005, +6.183529E-011
+3.10712500000000E+005, +4.703909E-011
+3.11950000000000E+005, +4.282943E-011
+3.13187500000000E+005, +3.857471E-011
+3.14425000000000E+005, +3.460124E-011
+3.15662500000000E+005, +3.245675E-011
+3.16900000000000E+005, +2.923078E-011
+3.18137500000000E+005, +2.435595E-011
+3.19375000000000E+005, +2.863346E-011
+3.20612500000000E+005, +2.891760E-011
+3.21850000000000E+005, +2.865135E-011
+3.23087500000000E+005, +2.814350E-011
+3.24325000000000E+005, +2.350690E-011
+3.25562500000000E+005, +1.812623E-011
+3.26800000000000E+005, +1.705767E-011
+3.28037500000000E+005, +1.098536E-011
+3.29275000000000E+005, +1.255341E-011
+3.30512500000000E+005, +1.231259E-011
+3.31750000000000E+005, +1.069089E-011
+3.32987500000000E+005, +7.804885E-012
+3.34225000000000E+005, +7.252208E-012
+3.35462500000000E+005, +6.823010E-012
+3.36700000000000E+005, +6.870338E-012
+3.37937500000000E+005, +5.403928E-012
+3.39175000000000E+005, +4.664900E-012
+3.40412500000000E+005, +9.122900E-012
+3.41650000000000E+005, +3.060517E-010
+3.42887500000000E+005, +1.764994E-009
+3.44125000000000E+005, +6.863262E-010
+3.45362500000000E+005, +6.584385E-012
+3.46600000000000E+005, +5.228428E-012
+3.47837500000000E+005, +5.726657E-012
+3.49075000000000E+005, +1.429329E-010
+3.50312500000000E+005, +1.152340E-010
+3.51550000000000E+005, +2.696574E-012
+3.52787500000000E+005, +3.095607E-012
+3.54025000000000E+005, +2.531085E-012
+3.55262500000000E+005, +3.396352E-012
+3.56500000000000E+005, +2.776742E-012
+3.57737500000000E+005, +2.866776E-012
+3.58975000000000E+005, +3.415426E-012
+3.60212500000000E+005, +2.768746E-012
+3.61450000000000E+005, +1.719836E-012
+3.62687500000000E+005, +2.153170E-012
+3.63925000000000E+005, +2.718950E-012
+3.65162500000000E+005, +2.621440E-012
+3.66400000000000E+005, +3.629515E-012
+3.67637500000000E+005, +3.250527E-012
+3.68875000000000E+005, +2.740929E-012
+3.70112500000000E+005, +2.735173E-012
+3.71350000000000E+005, +3.703271E-012
+3.72587500000000E+005, +4.022669E-012
+3.73825000000000E+005, +4.155313E-012
+3.75062500000000E+005, +4.655898E-012
+3.76300000000000E+005, +4.520512E-012
+3.77537500000000E+005, +4.515214E-012
+3.78775000000000E+005, +3.231600E-012
+3.80012500000000E+005, +3.226369E-012
+3.81250000000000E+005, +3.259228E-012
+3.82487500000000E+005, +3.608214E-012
+3.83725000000000E+005, +4.244522E-012
+3.84962500000000E+005, +6.429299E-012
+3.86200000000000E+005, +1.196356E-011
+3.87437500000000E+005, +2.971569E-012
+3.88675000000000E+005, +4.290952E-012
+3.89912500000000E+005, +2.987082E-012
+3.91150000000000E+005, +5.268564E-011
+3.92387500000000E+005, +8.043984E-011
+3.93625000000000E+005, +8.409372E-012
+3.94862500000000E+005, +3.860416E-012
+3.96100000000000E+005, +4.737671E-012
+3.97337500000000E+005, +4.624915E-012
+3.98575000000000E+005, +3.052642E-012
+3.99812500000000E+005, +2.441444E-012
+4.01050000000000E+005, +2.924560E-012
+4.02287500000000E+005, +2.631539E-012
+4.03525000000000E+005, +2.493908E-012
+4.04762500000000E+005, +2.264180E-012
+4.06000000000000E+005, +2.868707E-012
+4.07237500000000E+005, +2.658822E-012
+4.08475000000000E+005, +3.071895E-012
+4.09712500000000E+005, +1.192684E-011
+4.10950000000000E+005, +9.545737E-011
+4.12187500000000E+005, +2.319738E-011
+4.13425000000000E+005, +3.533500E-012
+4.14662500000000E+005, +3.682860E-012
+4.15900000000000E+005, +9.284408E-012
+4.17137500000000E+005, +5.105731E-012
+4.18375000000000E+005, +3.027185E-012
+4.19612500000000E+005, +5.598985E-012
+4.20850000000000E+005, +4.673821E-012
+4.22087500000000E+005, +2.373318E-012
+4.23325000000000E+005, +2.213928E-012
+4.24562500000000E+005, +1.898672E-012
+4.25800000000000E+005, +2.493527E-012
+4.27037500000000E+005, +3.125315E-012
+4.28275000000000E+005, +2.238534E-012
+4.29512500000000E+005, +1.767780E-012
+4.30750000000000E+005, +1.862743E-012
+4.31987500000000E+005, +1.816434E-012
+4.33225000000000E+005, +2.618269E-012
+4.34462500000000E+005, +3.010153E-012
+4.35700000000000E+005, +2.515362E-012
+4.36937500000000E+005, +1.438772E-012
+4.38175000000000E+005, +1.561082E-012
+4.39412500000000E+005, +2.276253E-012
+4.40650000000000E+005, +6.278604E-011
+4.41887500000000E+005, +4.646045E-011
+4.43125000000000E+005, +1.965190E-012
+4.44362500000000E+005, +1.605930E-012
+4.45600000000000E+005, +1.565457E-012
+4.46837500000000E+005, +1.449595E-012
+4.48075000000000E+005, +1.413240E-012
+4.49312500000000E+005, +1.466856E-012
+4.50550000000000E+005, +1.431433E-012
+4.51787500000000E+005, +1.543888E-012
+4.53025000000000E+005, +1.876978E-012
+4.54262500000000E+005, +1.614570E-012
+4.55500000000000E+005, +1.579013E-012
+4.56737500000000E+005, +1.183100E-012
+4.57975000000000E+005, +1.364501E-012
+4.59212500000000E+005, +1.420481E-012
+4.60450000000000E+005, +1.684570E-012
+4.61687500000000E+005, +9.448156E-013
+4.62925000000000E+005, +1.454941E-012
+4.64162500000000E+005, +1.513262E-012
+4.65400000000000E+005, +1.335431E-012
+4.66637500000000E+005, +1.579971E-012
+4.67875000000000E+005, +1.498432E-012
+4.69112500000000E+005, +1.180435E-012
+4.70350000000000E+005, +1.365283E-012
+4.71587500000000E+005, +1.611935E-012
+4.72825000000000E+005, +1.779580E-012
+4.74062500000000E+005, +1.818557E-012
+4.75300000000000E+005, +1.709446E-012
+4.76537500000000E+005, +1.792193E-012
+4.77775000000000E+005, +1.313036E-012
+4.79012500000000E+005, +1.602411E-012
+4.80250000000000E+005, +1.710978E-012
+4.81487500000000E+005, +1.468950E-011
+4.82725000000000E+005, +1.610336E-011
+4.83962500000000E+005, +1.938853E-012
+4.85200000000000E+005, +1.476315E-012
+4.86437500000000E+005, +1.297305E-012
+4.87675000000000E+005, +1.324553E-012
+4.88912500000000E+005, +2.829415E-012
+4.90150000000000E+005, +4.727635E-012
+4.91387500000000E+005, +2.172046E-012
+4.92625000000000E+005, +1.486455E-012
+4.93862500000000E+005, +1.405933E-012
+4.95100000000000E+005, +1.187179E-012
+4.96337500000000E+005, +1.524047E-012
+4.97575000000000E+005, +1.961311E-012
+4.98812500000000E+005, +2.012507E-012
+5.00050000000000E+005, +1.622116E-012
+5.01287500000000E+005, +1.583290E-012
+5.02525000000000E+005, +1.375857E-012
+5.03762500000000E+005, +1.663793E-012
+5.05000000000000E+005, +1.414455E-012
+5.06237500000000E+005, +1.146238E-012
+5.07475000000000E+005, +9.990917E-013
+5.08712500000000E+005, +9.743647E-013
+5.09950000000000E+005, +1.429237E-012
+5.11187500000000E+005, +8.913976E-013
+5.12425000000000E+005, +1.374271E-012
+5.13662500000000E+005, +1.125566E-012
+5.14900000000000E+005, +8.653259E-013
+5.16137500000000E+005, +8.511052E-013
+5.17375000000000E+005, +1.226842E-012
+5.18612500000000E+005, +1.177304E-012
+5.19850000000000E+005, +1.080222E-012
+5.21087500000000E+005, +8.673061E-013
+5.22325000000000E+005, +1.028500E-012
+5.23562500000000E+005, +1.120685E-012
+5.24800000000000E+005, +1.124541E-012
+5.26037500000000E+005, +1.060268E-012
+5.27275000000000E+005, +1.222630E-012
+5.28512500000000E+005, +1.124164E-012
+5.29750000000000E+005, +9.864828E-013
+5.30987500000000E+005, +7.615835E-013
+5.32225000000000E+005, +8.264377E-013
+5.33462500000000E+005, +8.168777E-013
+5.34700000000000E+005, +9.922007E-013
+5.35937500000000E+005, +9.280559E-013
+5.37175000000000E+005, +1.335298E-012
+5.38412500000000E+005, +5.865303E-012
+5.39650000000000E+005, +8.497524E-012
+5.40887500000000E+005, +3.432002E-012
+5.42125000000000E+005, +1.058814E-012
+5.43362500000000E+005, +1.387257E-012
+5.44600000000000E+005, +1.526892E-012
+5.45837500000000E+005, +1.991092E-012
+5.47075000000000E+005, +2.421996E-011
+5.48312500000000E+005, +4.819105E-011
+5.49550000000000E+005, +7.391025E-013
+5.50787500000000E+005, +1.039221E-012
+5.52025000000000E+005, +8.879860E-013
+5.53262500000000E+005, +9.444303E-013
+5.54500000000000E+005, +1.170839E-012
+5.55737500000000E+005, +1.568844E-012
+5.56975000000000E+005, +9.427024E-013
+5.58212500000000E+005, +1.265328E-012
+5.59450000000000E+005, +1.416796E-012
+5.60687500000000E+005, +1.210117E-012
+5.61925000000000E+005, +1.043200E-012
+5.63162500000000E+005, +1.007222E-012
+5.64400000000000E+005, +9.826337E-013
+5.65637500000000E+005, +1.086214E-012
+5.66875000000000E+005, +1.186145E-012
+5.68112500000000E+005, +1.050561E-012
+5.69350000000000E+005, +8.766108E-011
+5.70587500000000E+005, +8.145961E-011
+5.71825000000000E+005, +2.041262E-012
+5.73062500000000E+005, +2.139778E-012
+5.74300000000000E+005, +1.855787E-012
+5.75537500000000E+005, +1.646594E-012
+5.76775000000000E+005, +2.966524E-012
+5.78012500000000E+005, +1.277130E-011
+5.79250000000000E+005, +1.470144E-011
+5.80487500000000E+005, +1.871473E-012
+5.81725000000000E+005, +1.089142E-012
+5.82962500000000E+005, +7.304729E-013
+5.84200000000000E+005, +1.156028E-012
+5.85437500000000E+005, +1.109051E-012
+5.86675000000000E+005, +8.404618E-013
+5.87912500000000E+005, +1.474840E-012
+5.89150000000000E+005, +1.232907E-012
+5.90387500000000E+005, +9.114677E-013
+5.91625000000000E+005, +8.412843E-013
+5.92862500000000E+005, +7.451750E-013
+5.94100000000000E+005, +8.974694E-013
+5.95337500000000E+005, +7.645360E-013
+5.96575000000000E+005, +1.023227E-012
+5.97812500000000E+005, +8.626703E-013
+5.99050000000000E+005, +7.524967E-013
+6.00287500000000E+005, +7.175827E-013
+6.01525000000000E+005, +7.235502E-013
+6.02762500000000E+005, +5.910302E-013
+6.04000000000000E+005, +7.280615E-013
+6.05237500000000E+005, +9.299112E-013
+6.06475000000000E+005, +9.196100E-013
+6.07712500000000E+005, +9.648004E-013
+6.08950000000000E+005, +1.162265E-012
+6.10187500000000E+005, +1.358123E-012
+6.11425000000000E+005, +1.173092E-012
+6.12662500000000E+005, +1.456278E-012
+6.13900000000000E+005, +1.750270E-012
+6.15137500000000E+005, +9.704661E-013
+6.16375000000000E+005, +8.181249E-013
+6.17612500000000E+005, +7.516484E-013
+6.18850000000000E+005, +6.524959E-013
+6.20087500000000E+005, +9.074360E-013
+6.21325000000000E+005, +6.649059E-013
+6.22562500000000E+005, +6.143163E-013
+6.23800000000000E+005, +5.971764E-013
+6.25037500000000E+005, +9.038039E-013
+6.26275000000000E+005, +7.515382E-013
+6.27512500000000E+005, +7.372834E-013
+6.28750000000000E+005, +1.282731E-012
+6.29987500000000E+005, +7.211043E-013
+6.31225000000000E+005, +7.313280E-013
+6.32462500000000E+005, +7.742559E-013
+6.33700000000000E+005, +9.847125E-013
+6.34937500000000E+005, +4.962477E-013
+6.36175000000000E+005, +9.567842E-013
+6.37412500000000E+005, +2.111477E-012
+6.38650000000000E+005, +1.196440E-012
+6.39887500000000E+005, +5.677504E-012
+6.41125000000000E+005, +5.798567E-012
+6.42362500000000E+005, +7.677949E-013
+6.43600000000000E+005, +7.961236E-013
+6.44837500000000E+005, +7.872788E-013
+6.46075000000000E+005, +5.649725E-013
+6.47312500000000E+005, +4.256380E-013
+6.48550000000000E+005, +6.157669E-013
+6.49787500000000E+005, +8.430316E-013
+6.51025000000000E+005, +9.197307E-013
+6.52262500000000E+005, +7.566242E-013
+6.53500000000000E+005, +1.200554E-012
+6.54737500000000E+005, +6.758047E-013
+6.55975000000000E+005, +6.235664E-013
+6.57212500000000E+005, +5.181059E-013
+6.58450000000000E+005, +7.098095E-013
+6.59687500000000E+005, +6.820185E-013
+6.60925000000000E+005, +5.584267E-013
+6.62162500000000E+005, +6.456108E-013
+6.63400000000000E+005, +4.742587E-013
+6.64637500000000E+005, +6.339509E-013
+6.65875000000000E+005, +6.297202E-013
+6.67112500000000E+005, +4.334126E-013
+6.68350000000000E+005, +5.570850E-013
+6.69587500000000E+005, +8.727186E-013
+6.70825000000000E+005, +5.410809E-013
+6.72062500000000E+005, +5.833888E-013
+6.73300000000000E+005, +5.922615E-013
+6.74537500000000E+005, +3.038945E-012
+6.75775000000000E+005, +4.214901E-012
+6.77012500000000E+005, +1.040031E-012
+6.78250000000000E+005, +4.470134E-013
+6.79487500000000E+005, +5.492620E-013
+6.80725000000000E+005, +6.188237E-013
+6.81962500000000E+005, +5.276561E-013
+6.83200000000000E+005, +4.182096E-013
+6.84437500000000E+005, +4.892264E-013
+6.85675000000000E+005, +6.565251E-013
+6.86912500000000E+005, +7.128350E-013
+6.88150000000000E+005, +3.630266E-013
+6.89387500000000E+005, +3.577727E-013
+6.90625000000000E+005, +4.982536E-013
+6.91862500000000E+005, +4.260981E-013
+6.93100000000000E+005, +6.198615E-013
+6.94337500000000E+005, +6.518420E-013
+6.95575000000000E+005, +5.755194E-013
+6.96812500000000E+005, +4.854405E-013
+6.98050000000000E+005, +7.959430E-013
+6.99287500000000E+005, +9.955719E-013
+7.00525000000000E+005, +5.845027E-013
+7.01762500000000E+005, +6.513427E-013
+7.03000000000000E+005, +5.156557E-013
+7.04237500000000E+005, +4.789119E-013
+7.05475000000000E+005, +4.841850E-013
+7.06712500000000E+005, +3.869831E-013
+7.07950000000000E+005, +5.910326E-013
+7.09187500000000E+005, +6.064084E-013
+7.10425000000000E+005, +6.789282E-013
+7.11662500000000E+005, +5.604155E-013
+7.12900000000000E+005, +5.652750E-013
+7.14137500000000E+005, +4.633410E-013
+7.15375000000000E+005, +4.809007E-013
+7.16612500000000E+005, +6.686853E-013
+7.17850000000000E+005, +5.239601E-013
+7.19087500000000E+005, +4.054159E-013
+7.20325000000000E+005, +3.633161E-013
+7.21562500000000E+005, +4.981288E-013
+7.22800000000000E+005, +6.039073E-013
+7.24037500000000E+005, +6.302246E-013
+7.25275000000000E+005, +5.513784E-013
+7.26512500000000E+005, +7.571067E-013
+7.27750000000000E+005, +4.973098E-013
+7.28987500000000E+005, +5.539074E-013
+7.30225000000000E+005, +4.740157E-013
+7.31462500000000E+005, +5.180010E-013
+7.32700000000000E+005, +5.132057E-013
+7.33937500000000E+005, +4.284753E-013
+7.35175000000000E+005, +9.864301E-013
+7.36412500000000E+005, +9.310973E-013
+7.37650000000000E+005, +2.942834E-013
+7.38887500000000E+005, +4.749489E-013
+7.40125000000000E+005, +4.526455E-013
+7.41362500000000E+005, +4.711856E-013
+7.42600000000000E+005, +4.482916E-013
+7.43837500000000E+005, +4.205326E-013
+7.45075000000000E+005, +4.313895E-013
+7.46312500000000E+005, +4.248847E-013
+7.47550000000000E+005, +3.920374E-013
+7.48787500000000E+005, +3.407004E-013
+7.50025000000000E+005, +3.604098E-013
+7.51262500000000E+005, +3.575941E-013
+7.52500000000000E+005, +3.697404E-013
+7.53737500000000E+005, +3.221159E-013
+7.54975000000000E+005, +4.592943E-013
+7.56212500000000E+005, +3.301551E-013
+7.57450000000000E+005, +5.245128E-013
+7.58687500000000E+005, +5.386057E-013
+7.59925000000000E+005, +3.549514E-013
+7.61162500000000E+005, +3.179377E-013
+7.62400000000000E+005, +4.547060E-013
+7.63637500000000E+005, +4.616505E-013
+7.64875000000000E+005, +5.768770E-013
+7.66112500000000E+005, +6.920207E-013
+7.67350000000000E+005, +8.896111E-013
+7.68587500000000E+005, +7.393487E-013
+7.69825000000000E+005, +1.034756E-012
+7.71062500000000E+005, +1.943591E-012
+7.72300000000000E+005, +2.871126E-012
+7.73537500000000E+005, +7.524972E-013
+7.74775000000000E+005, +5.001572E-013
+7.76012500000000E+005, +3.968947E-013
+7.77250000000000E+005, +3.744896E-013
+7.78487500000000E+005, +2.299390E-013
+7.79725000000000E+005, +3.439596E-013
+7.80962500000000E+005, +4.430981E-013
+7.82200000000000E+005, +6.694257E-013
+7.83437500000000E+005, +9.450927E-013
+7.84675000000000E+005, +1.819525E-012
+7.85912500000000E+005, +1.138597E-012
+7.87150000000000E+005, +8.692243E-013
+7.88387500000000E+005, +8.228343E-013
+7.89625000000000E+005, +4.489627E-013
+7.90862500000000E+005, +3.145693E-013
+7.92100000000000E+005, +3.799708E-013
+7.93337500000000E+005, +4.617733E-013
+7.94575000000000E+005, +5.683822E-013
+7.95812500000000E+005, +6.923061E-013
+7.97050000000000E+005, +6.002045E-013
+7.98287500000000E+005, +5.795218E-013
+7.99525000000000E+005, +4.269764E-013
+8.00762500000000E+005, +6.224760E-013
+8.02000000000000E+005, +4.554088E-013
+8.03237500000000E+005, +6.978540E-013
+8.04475000000000E+005, +7.871894E-013
+8.05712500000000E+005, +8.341825E-013
+8.06950000000000E+005, +5.132867E-013
+8.08187500000000E+005, +6.544840E-013
+8.09425000000000E+005, +4.010294E-013
+8.10662500000000E+005, +4.492142E-013
+8.11900000000000E+005, +3.599372E-013
+8.13137500000000E+005, +3.140312E-013
+8.14375000000000E+005, +4.476616E-013
+8.15612500000000E+005, +1.594642E-012
+8.16850000000000E+005, +7.982430E-013
+8.18087500000000E+005, +2.745045E-013
+8.19325000000000E+005, +4.703419E-013
+8.20562500000000E+005, +6.561399E-013
+8.21800000000000E+005, +6.120383E-013
+8.23037500000000E+005, +3.847991E-013
+8.24275000000000E+005, +5.545215E-013
+8.25512500000000E+005, +3.960424E-013
+8.26750000000000E+005, +5.113208E-013
+8.27987500000000E+005, +3.977147E-013
+8.29225000000000E+005, +2.973447E-013
+8.30462500000000E+005, +3.593242E-013
+8.31700000000000E+005, +3.593364E-013
+8.32937500000000E+005, +6.841344E-013
+8.34175000000000E+005, +9.567757E-013
+8.35412500000000E+005, +5.640128E-013
+8.36650000000000E+005, +5.410854E-013
+8.37887500000000E+005, +5.039297E-013
+8.39125000000000E+005, +5.613086E-013
+8.40362500000000E+005, +5.447829E-013
+8.41600000000000E+005, +6.723393E-013
+8.42837500000000E+005, +1.100808E-012
+8.44075000000000E+005, +1.064937E-012
+8.45312500000000E+005, +8.683248E-013
+8.46550000000000E+005, +7.582662E-013
+8.47787500000000E+005, +6.934465E-013
+8.49025000000000E+005, +4.037628E-013
+8.50262500000000E+005, +3.144947E-013
+8.51500000000000E+005, +3.332978E-013
+8.52737500000000E+005, +3.720366E-013
+8.53975000000000E+005, +7.251301E-013
+8.55212500000000E+005, +1.074547E-012
+8.56450000000000E+005, +3.577513E-013
+8.57687500000000E+005, +2.973907E-013
+8.58925000000000E+005, +3.685715E-013
+8.60162500000000E+005, +2.657667E-013
+8.61400000000000E+005, +2.407855E-013
+8.62637500000000E+005, +2.692516E-013
+8.63875000000000E+005, +2.711725E-013
+8.65112500000000E+005, +2.180235E-013
+8.66350000000000E+005, +3.166314E-013
+8.67587500000000E+005, +2.267107E-012
+8.68825000000000E+005, +2.775492E-012
+8.70062500000000E+005, +4.053482E-013
+8.71300000000000E+005, +2.951925E-013
+8.72537500000000E+005, +3.322990E-013
+8.73775000000000E+005, +2.478011E-013
+8.75012500000000E+005, +2.515014E-013
+8.76250000000000E+005, +3.417294E-013
+8.77487500000000E+005, +4.233187E-013
+8.78725000000000E+005, +4.280786E-013
+8.79962500000000E+005, +2.869110E-013
+8.81200000000000E+005, +4.276441E-013
+8.82437500000000E+005, +4.311645E-013
+8.83675000000000E+005, +3.836623E-013
+8.84912500000000E+005, +4.090393E-013
+8.86150000000000E+005, +3.895605E-013
+8.87387500000000E+005, +4.028663E-013
+8.88625000000000E+005, +4.889784E-013
+8.89862500000000E+005, +3.859646E-013
+8.91100000000000E+005, +3.554822E-013
+8.92337500000000E+005, +3.386785E-013
+8.93575000000000E+005, +3.766016E-013
+8.94812500000000E+005, +3.794601E-013
+8.96050000000000E+005, +4.875629E-013
+8.97287500000000E+005, +3.989114E-013
+8.98525000000000E+005, +4.796361E-013
+8.99762500000000E+005, +6.298277E-013
+9.01000000000000E+005, +6.301504E-013
+9.02237500000000E+005, +3.806868E-013
+9.03475000000000E+005, +4.043824E-013
+9.04712500000000E+005, +5.395964E-013
+9.05950000000000E+005, +3.835095E-013
+9.07187500000000E+005, +3.160944E-013
+9.08425000000000E+005, +4.759241E-013
+9.09662500000000E+005, +3.298579E-013
+9.10900000000000E+005, +2.816153E-013
+9.12137500000000E+005, +3.500186E-013
+9.13375000000000E+005, +2.912259E-013
+9.14612500000000E+005, +2.810141E-013
+9.15850000000000E+005, +2.749187E-013
+9.17087500000000E+005, +5.367600E-013
+9.18325000000000E+005, +4.639264E-013
+9.19562500000000E+005, +4.124496E-013
+9.20800000000000E+005, +4.680051E-013
+9.22037500000000E+005, +3.198635E-013
+9.23275000000000E+005, +4.211509E-013
+9.24512500000000E+005, +3.660073E-013
+9.25750000000000E+005, +4.482418E-013
+9.26987500000000E+005, +4.279261E-013
+9.28225000000000E+005, +3.344828E-013
+9.29462500000000E+005, +3.925971E-013
+9.30700000000000E+005, +8.952948E-013
+9.31937500000000E+005, +8.711351E-013
+9.33175000000000E+005, +3.867747E-013
+9.34412500000000E+005, +4.392755E-013
+9.35650000000000E+005, +3.326113E-013
+9.36887500000000E+005, +4.329484E-013
+9.38125000000000E+005, +6.149260E-013
+9.39362500000000E+005, +5.069891E-013
+9.40600000000000E+005, +5.185661E-013
+9.41837500000000E+005, +5.230938E-013
+9.43075000000000E+005, +5.799562E-013
+9.44312500000000E+005, +3.866649E-013
+9.45550000000000E+005, +2.562363E-013
+9.46787500000000E+005, +2.046538E-013
+9.48025000000000E+005, +2.505080E-013
+9.49262500000000E+005, +2.680943E-013
+9.50500000000000E+005, +3.406588E-013
+9.51737500000000E+005, +2.527935E-013
+9.52975000000000E+005, +3.217272E-013
+9.54212500000000E+005, +4.728147E-013
+9.55450000000000E+005, +4.300134E-013
+9.56687500000000E+005, +4.260340E-013
+9.57925000000000E+005, +4.859799E-013
+9.59162500000000E+005, +3.991936E-013
+9.60400000000000E+005, +3.694802E-013
+9.61637500000000E+005, +5.980511E-013
+9.62875000000000E+005, +1.054798E-012
+9.64112500000000E+005, +3.262000E-012
+9.65350000000000E+005, +4.289408E-012
+9.66587500000000E+005, +7.348430E-013
+9.67825000000000E+005, +2.661870E-013
+9.69062500000000E+005, +3.475849E-013
+9.70300000000000E+005, +5.976778E-013
+9.71537500000000E+005, +8.485339E-013
+9.72775000000000E+005, +7.899393E-013
+9.74012500000000E+005, +9.405912E-013
+9.75250000000000E+005, +1.131070E-012
+9.76487500000000E+005, +1.281014E-012
+9.77725000000000E+005, +8.257279E-013
+9.78962500000000E+005, +9.547714E-013
+9.80200000000000E+005, +3.064362E-012
+9.81437500000000E+005, +3.362027E-012
+9.82675000000000E+005, +6.813669E-013
+9.83912500000000E+005, +6.361978E-013
+9.85150000000000E+005, +6.341314E-013
+9.86387500000000E+005, +3.491531E-013
+9.87625000000000E+005, +2.632910E-013
+9.88862500000000E+005, +2.503630E-013
+9.90100000000000E+005, +3.777869E-013
+9.91337500000000E+005, +3.728538E-013
+9.92575000000000E+005, +3.944879E-013
+9.93812500000000E+005, +5.412108E-013
+9.95050000000000E+005, +4.881540E-013
+9.96287500000000E+005, +5.759441E-013
+9.97525000000000E+005, +9.663787E-013
+9.98762500000000E+005, +6.576982E-013
+1.00000000000000E+006, +6.588135E-013
