# Channel 1
+1.00000000000000E+006, +9.174478E-013
+1.01250000000000E+006, +2.826612E-012
+1.02500000000000E+006, +2.247066E-012
+1.03750000000000E+006, +2.973533E-012
+1.05000000000000E+006, +1.154167E-011
+1.06250000000000E+006, +2.619117E-012
+1.07500000000000E+006, +1.777312E-012
+1.08750000000000E+006, +1.217980E-012
+1.10000000000000E+006, +2.560438E-012
+1.11250000000000E+006, +1.143904E-012
+1.12500000000000E+006, +1.049478E-012
+1.13750000000000E+006, +1.113828E-012
+1.15000000000000E+006, +4.509814E-012
+1.16250000000000E+006, +1.366677E-012
+1.17500000000000E+006, +1.377485E-012
+1.18750000000000E+006, +1.908135E-012
+1.20000000000000E+006, +1.292302E-012
+1.21250000000000E+006, +1.305663E-012
+1.22500000000000E+006, +1.322128E-012
+1.23750000000000E+006, +1.357457E-012
+1.25000000000000E+006, +2.356309E-012
+1.26250000000000E+006, +1.450293E-012
+1.27500000000000E+006, +1.362073E-012
+1.28750000000000E+006, +1.019806E-012
+1.30000000000000E+006, +2.153514E-012
+1.31250000000000E+006, +8.490655E-013
+1.32500000000000E+006, +9.643734E-013
+1.33750000000000E+006, +1.067427E-012
+1.35000000000000E+006, +1.842728E-012
+1.36250000000000E+006, +8.634042E-013
+1.37500000000000E+006, +6.815292E-013
+1.38750000000000E+006, +7.925378E-013
+1.40000000000000E+006, +7.295611E-013
+1.41250000000000E+006, +8.897678E-013
+1.42500000000000E+006, +8.425972E-013
+1.43750000000000E+006, +8.857015E-013
+1.45000000000000E+006, +6.404694E-013
+1.46250000000000E+006, +6.732874E-013
+1.47500000000000E+006, +6.045857E-013
+1.48750000000000E+006, +5.838837E-013
+1.50000000000000E+006, +6.370889E-013
+1.51250000000000E+006, +4.958712E-013
+1.52500000000000E+006, +5.099871E-013
+1.53750000000000E+006, +6.696741E-013
+1.55000000000000E+006, +5.722097E-013
+1.56250000000000E+006, +4.877582E-013
+1.57500000000000E+006, +5.494127E-013
+1.58750000000000E+006, +5.666412E-013
+1.60000000000000E+006, +4.639479E-013
+1.61250000000000E+006, +4.160392E-013
+1.62500000000000E+006, +4.209170E-013
+1.63750000000000E+006, +4.655962E-013
+1.65000000000000E+006, +5.317043E-013
+1.66250000000000E+006, +6.515356E-013
+1.67500000000000E+006, +5.143845E-013
+1.68750000000000E+006, +4.173264E-013
+1.70000000000000E+006, +5.105979E-013
+1.71250000000000E+006, +5.181980E-013
+1.72500000000000E+006, +5.063233E-013
+1.73750000000000E+006, +4.558000E-013
+1.75000000000000E+006, +4.744491E-013
+1.76250000000000E+006, +7.992378E-013
+1.77500000000000E+006, +5.306843E-013
+1.78750000000000E+006, +3.685070E-013
+1.80000000000000E+006, +4.101027E-013
+1.81250000000000E+006, +5.364650E-013
+1.82500000000000E+006, +4.895733E-013
+1.83750000000000E+006, +4.234911E-013
+1.85000000000000E+006, +4.498874E-013
+1.86250000000000E+006, +5.083228E-013
+1.87500000000000E+006, +4.445560E-013
+1.88750000000000E+006, +4.097998E-013
+1.90000000000000E+006, +4.049902E-013
+1.91250000000000E+006, +4.269118E-013
+1.92500000000000E+006, +4.411249E-013
+1.93750000000000E+006, +4.330387E-013
+1.95000000000000E+006, +3.987616E-013
+1.96250000000000E+006, +3.459740E-013
+1.97500000000000E+006, +3.435716E-013
+1.98750000000000E+006, +3.908832E-013
+2.00000000000000E+006, +3.809286E-013
+2.01250000000000E+006, +3.645484E-013
+2.02500000000000E+006, +3.313591E-013
+2.03750000000000E+006, +4.637673E-013
+2.05000000000000E+006, +3.450785E-013
+2.06250000000000E+006, +3.163053E-013
+2.07500000000000E+006, +3.708221E-013
+2.08750000000000E+006, +3.215173E-013
+2.10000000000000E+006, +3.551176E-013
+2.11250000000000E+006, +4.198491E-013
+2.12500000000000E+006, +3.409626E-013
+2.13750000000000E+006, +3.698930E-013
+2.15000000000000E+006, +3.455201E-013
+2.16250000000000E+006, +3.902875E-013
+2.17500000000000E+006, +3.308990E-013
+2.18750000000000E+006, +2.917695E-013
+2.20000000000000E+006, +3.016938E-013
+2.21250000000000E+006, +3.809493E-013
+2.22500000000000E+006, +3.616151E-013
+2.23750000000000E+006, +3.028338E-013
+2.25000000000000E+006, +2.582635E-013
+2.26250000000000E+006, +3.300803E-013
+2.27500000000000E+006, +2.935426E-013
+2.28750000000000E+006, +3.257889E-013
+2.30000000000000E+006, +2.728913E-013
+2.31250000000000E+006, +4.269878E-013
+2.32500000000000E+006, +2.880561E-013
+2.33750000000000E+006, +3.256651E-013
+2.35000000000000E+006, +2.498809E-013
+2.36250000000000E+006, +2.745805E-013
+2.37500000000000E+006, +2.580793E-013
+2.38750000000000E+006, +3.157328E-013
+2.40000000000000E+006, +2.907174E-013
+2.41250000000000E+006, +2.495432E-013
+2.42500000000000E+006, +2.277442E-013
+2.43750000000000E+006, +2.440802E-013
+2.45000000000000E+006, +2.935721E-013
+2.46250000000000E+006, +2.459484E-013
+2.47500000000000E+006, +2.516963E-013
+2.48750000000000E+006, +2.310518E-013
+2.50000000000000E+006, +2.639482E-013
+2.51250000000000E+006, +2.536539E-013
+2.52500000000000E+006, +2.596152E-013
+2.53750000000000E+006, +2.456561E-013
+2.55000000000000E+006, +2.484722E-013
+2.56250000000000E+006, +2.029643E-013
+2.57500000000000E+006, +2.305731E-013
+2.58750000000000E+006, +2.053543E-013
+2.60000000000000E+006, +2.326041E-013
+2.61250000000000E+006, +2.240722E-013
+2.62500000000000E+006, +2.039285E-013
+2.63750000000000E+006, +1.782097E-013
+2.65000000000000E+006, +1.982912E-013
+2.66250000000000E+006, +2.339292E-013
+2.67500000000000E+006, +2.247719E-013
+2.68750000000000E+006, +2.237411E-013
+2.70000000000000E+006, +1.988001E-013
+2.71250000000000E+006, +1.912166E-013
+2.72500000000000E+006, +1.898456E-013
+2.73750000000000E+006, +2.009900E-013
+2.75000000000000E+006, +2.048814E-013
+2.76250000000000E+006, +1.741957E-013
+2.77500000000000E+006, +1.663550E-013
+2.78750000000000E+006, +1.717552E-013
+2.80000000000000E+006, +2.099388E-013
+2.81250000000000E+006, +1.732928E-013
+2.82500000000000E+006, +2.042556E-013
+2.83750000000000E+006, +1.683476E-013
+2.85000000000000E+006, +1.716824E-013
+2.86250000000000E+006, +1.857338E-013
+2.87500000000000E+006, +1.566090E-013
+2.88750000000000E+006, +1.717193E-013
+2.90000000000000E+006, +1.577362E-013
+2.91250000000000E+006, +1.454913E-013
+2.92500000000000E+006, +1.928192E-013
+2.93750000000000E+006, +1.863447E-013
+2.95000000000000E+006, +1.611597E-013
+2.96250000000000E+006, +2.113119E-013
+2.97500000000000E+006, +1.626030E-013
+2.98750000000000E+006, +1.650112E-013
+3.00000000000000E+006, +1.455510E-013
+3.01250000000000E+006, +1.519837E-013
+3.02500000000000E+006, +1.762920E-013
+3.03750000000000E+006, +1.326628E-013
+3.05000000000000E+006, +1.546997E-013
+3.06250000000000E+006, +1.451702E-013
+3.07500000000000E+006, +1.598615E-013
+3.08750000000000E+006, +1.574110E-013
+3.10000000000000E+006, +1.457738E-013
+3.11250000000000E+006, +1.353266E-013
+3.12500000000000E+006, +1.391102E-013
+3.13750000000000E+006, +1.281957E-013
+3.15000000000000E+006, +1.575825E-013
+3.16250000000000E+006, +1.377643E-013
+3.17500000000000E+006, +1.416702E-013
+3.18750000000000E+006, +1.350757E-013
+3.20000000000000E+006, +1.539682E-013
+3.21250000000000E+006, +1.188815E-013
+3.22500000000000E+006, +1.123455E-013
+3.23750000000000E+006, +1.391948E-013
+3.25000000000000E+006, +1.418228E-013
+3.26250000000000E+006, +1.351525E-013
+3.27500000000000E+006, +1.330569E-013
+3.28750000000000E+006, +2.228031E-013
+3.30000000000000E+006, +1.629961E-013
+3.31250000000000E+006, +1.297436E-013
+3.32500000000000E+006, +1.281203E-013
+3.33750000000000E+006, +1.349942E-013
+3.35000000000000E+006, +1.244184E-013
+3.36250000000000E+006, +1.222733E-013
+3.37500000000000E+006, +1.309567E-013
+3.38750000000000E+006, +4.024524E-013
+3.40000000000000E+006, +1.345232E-013
+3.41250000000000E+006, +1.205279E-013
+3.42500000000000E+006, +1.188113E-013
+3.43750000000000E+006, +1.150371E-013
+3.45000000000000E+006, +1.235756E-013
+3.46250000000000E+006, +9.724799E-014
+3.47500000000000E+006, +9.291237E-014
+3.48750000000000E+006, +6.210745E-013
+3.50000000000000E+006, +1.389393E-013
+3.51250000000000E+006, +1.275827E-013
+3.52500000000000E+006, +1.243366E-013
+3.53750000000000E+006, +1.196861E-013
+3.55000000000000E+006, +1.272080E-013
+3.56250000000000E+006, +1.299936E-013
+3.57500000000000E+006, +1.434443E-013
+3.58750000000000E+006, +4.022664E-013
+3.60000000000000E+006, +1.206376E-012
+3.61250000000000E+006, +1.651903E-013
+3.62500000000000E+006, +9.748951E-014
+3.63750000000000E+006, +2.742808E-009
+3.65000000000000E+006, +1.420121E-013
+3.66250000000000E+006, +1.930595E-013
+3.67500000000000E+006, +1.087592E-012
+3.68750000000000E+006, +3.937902E-013
+3.70000000000000E+006, +1.336032E-013
+3.71250000000000E+006, +4.939621E-011
+3.72500000000000E+006, +9.778027E-014
+3.73750000000000E+006, +1.171081E-013
+3.75000000000000E+006, +1.244987E-013
+3.76250000000000E+006, +9.649053E-014
+3.77500000000000E+006, +1.243920E-013
+3.78750000000000E+006, +4.833346E-013
+3.80000000000000E+006, +9.821510E-014
+3.81250000000000E+006, +7.480449E-014
+3.82500000000000E+006, +8.242716E-014
+3.83750000000000E+006, +1.046845E-013
+3.85000000000000E+006, +8.736361E-014
+3.86250000000000E+006, +9.494820E-014
+3.87500000000000E+006, +1.619840E-013
+3.88750000000000E+006, +2.360404E-013
+3.90000000000000E+006, +1.274456E-013
+3.91250000000000E+006, +1.314135E-013
+3.92500000000000E+006, +1.176176E-013
+3.93750000000000E+006, +8.146419E-014
+3.95000000000000E+006, +8.988989E-014
+3.96250000000000E+006, +8.916594E-014
+3.97500000000000E+006, +9.938098E-014
+3.98750000000000E+006, +8.103186E-014
+4.00000000000000E+006, +7.941715E-014
+4.01250000000000E+006, +6.942946E-014
+4.02500000000000E+006, +7.610447E-014
+4.03750000000000E+006, +7.457073E-014
+4.05000000000000E+006, +8.084156E-014
+4.06250000000000E+006, +7.874254E-014
+4.07500000000000E+006, +8.640305E-014
+4.08750000000000E+006, +6.372091E-014
+4.10000000000000E+006, +7.202299E-014
+4.11250000000000E+006, +8.760367E-014
+4.12500000000000E+006, +7.373723E-014
+4.13750000000000E+006, +8.174932E-014
+4.15000000000000E+006, +7.326602E-014
+4.16250000000000E+006, +7.968923E-014
+4.17500000000000E+006, +8.067086E-014
+4.18750000000000E+006, +7.634889E-014
+4.20000000000000E+006, +7.563001E-014
+4.21250000000000E+006, +6.099414E-014
+4.22500000000000E+006, +6.794303E-014
+4.23750000000000E+006, +8.570353E-014
+4.25000000000000E+006, +7.314726E-014
+4.26250000000000E+006, +9.950520E-014
+4.27500000000000E+006, +7.008603E-014
+4.28750000000000E+006, +6.665340E-014
+4.30000000000000E+006, +7.226915E-014
+4.31250000000000E+006, +6.904354E-014
+4.32500000000000E+006, +9.174156E-014
+4.33750000000000E+006, +6.307375E-014
+4.35000000000000E+006, +7.138134E-014
+4.36250000000000E+006, +5.827519E-014
+4.37500000000000E+006, +8.473905E-014
+4.38750000000000E+006, +6.370016E-014
+4.40000000000000E+006, +5.979481E-014
+4.41250000000000E+006, +6.606122E-014
+4.42500000000000E+006, +6.902152E-014
+4.43750000000000E+006, +7.122402E-014
+4.45000000000000E+006, +6.792510E-014
+4.46250000000000E+006, +7.437601E-014
+4.47500000000000E+006, +7.461596E-014
+4.48750000000000E+006, +8.391609E-014
+4.50000000000000E+006, +7.336848E-014
+4.51250000000000E+006, +6.405672E-014
+4.52500000000000E+006, +5.634222E-014
+4.53750000000000E+006, +6.389942E-014
+4.55000000000000E+006, +7.348161E-014
+4.56250000000000E+006, +6.484383E-014
+4.57500000000000E+006, +6.682436E-014
+4.58750000000000E+006, +6.021686E-014
+4.60000000000000E+006, +6.195459E-014
+4.61250000000000E+006, +5.797276E-014
+4.62500000000000E+006, +5.519863E-014
+4.63750000000000E+006, +6.963162E-014
+4.65000000000000E+006, +6.862387E-014
+4.66250000000000E+006, +5.210944E-014
+4.67500000000000E+006, +5.315211E-014
+4.68750000000000E+006, +5.990266E-014
+4.70000000000000E+006, +5.704690E-014
+4.71250000000000E+006, +6.816981E-014
+4.72500000000000E+006, +5.348434E-014
+4.73750000000000E+006, +6.019694E-014
+4.75000000000000E+006, +6.751563E-014
+4.76250000000000E+006, +5.381011E-014
+4.77500000000000E+006, +5.778884E-014
+4.78750000000000E+006, +4.717616E-014
+4.80000000000000E+006, +5.116255E-014
+4.81250000000000E+006, +5.625551E-014
+4.82500000000000E+006, +5.148388E-014
+4.83750000000000E+006, +6.461794E-014
+4.85000000000000E+006, +5.907734E-014
+4.86250000000000E+006, +5.565265E-014
+4.87500000000000E+006, +5.354592E-014
+4.88750000000000E+006, +5.777173E-014
+4.90000000000000E+006, +5.080517E-014
+4.91250000000000E+006, +4.523680E-014
+4.92500000000000E+006, +4.819386E-014
+4.93750000000000E+006, +5.832214E-014
+4.95000000000000E+006, +4.850260E-014
+4.96250000000000E+006, +4.921276E-014
+4.97500000000000E+006, +5.177187E-014
+4.98750000000000E+006, +5.858986E-014
+5.00000000000000E+006, +5.231960E-014
+5.01250000000000E+006, +5.162348E-014
+5.02500000000000E+006, +5.181507E-014
+5.03750000000000E+006, +5.045551E-014
+5.05000000000000E+006, +3.632770E-013
+5.06250000000000E+006, +4.675801E-014
+5.07500000000000E+006, +4.897315E-014
+5.08750000000000E+006, +5.157696E-014
+5.10000000000000E+006, +5.090675E-014
+5.11250000000000E+006, +5.056151E-014
+5.12500000000000E+006, +5.190632E-014
+5.13750000000000E+006, +4.535160E-014
+5.15000000000000E+006, +4.730266E-014
+5.16250000000000E+006, +5.494952E-014
+5.17500000000000E+006, +5.189278E-014
+5.18750000000000E+006, +5.312160E-014
+5.20000000000000E+006, +5.201174E-014
+5.21250000000000E+006, +5.043479E-014
+5.22500000000000E+006, +4.122563E-014
+5.23750000000000E+006, +4.959184E-014
+5.25000000000000E+006, +4.700942E-014
+5.26250000000000E+006, +4.305493E-014
+5.27500000000000E+006, +5.140606E-014
+5.28750000000000E+006, +4.453400E-014
+5.30000000000000E+006, +4.140065E-014
+5.31250000000000E+006, +4.373954E-014
+5.32500000000000E+006, +4.459968E-014
+5.33750000000000E+006, +4.951054E-014
+5.35000000000000E+006, +4.333798E-014
+5.36250000000000E+006, +5.284159E-014
+5.37500000000000E+006, +4.772195E-014
+5.38750000000000E+006, +5.664187E-014
+5.40000000000000E+006, +4.132232E-014
+5.41250000000000E+006, +4.093760E-014
+5.42500000000000E+006, +3.835114E-014
+5.43750000000000E+006, +4.617446E-014
+5.45000000000000E+006, +4.839080E-014
+5.46250000000000E+006, +4.544417E-014
+5.47500000000000E+006, +4.744252E-014
+5.48750000000000E+006, +4.643997E-014
+5.50000000000000E+006, +4.100559E-014
+5.51250000000000E+006, +4.366306E-014
+5.52500000000000E+006, +4.102932E-014
+5.53750000000000E+006, +3.870058E-014
+5.55000000000000E+006, +4.077866E-014
+5.56250000000000E+006, +4.070682E-014
+5.57500000000000E+006, +4.349503E-014
+5.58750000000000E+006, +4.482815E-014
+5.60000000000000E+006, +4.781281E-014
+5.61250000000000E+006, +4.827120E-014
+5.62500000000000E+006, +4.043030E-014
+5.63750000000000E+006, +3.864722E-014
+5.65000000000000E+006, +4.499147E-014
+5.66250000000000E+006, +3.566275E-014
+5.67500000000000E+006, +5.244726E-014
+5.68750000000000E+006, +3.799126E-014
+5.70000000000000E+006, +3.515970E-014
+5.71250000000000E+006, +4.593578E-014
+5.72500000000000E+006, +3.889089E-014
+5.73750000000000E+006, +3.809260E-014
+5.75000000000000E+006, +3.467800E-014
+5.76250000000000E+006, +7.153046E-014
+5.77500000000000E+006, +8.970968E-014
+5.78750000000000E+006, +4.440275E-014
+5.80000000000000E+006, +4.368759E-014
+5.81250000000000E+006, +3.885323E-014
+5.82500000000000E+006, +3.581717E-014
+5.83750000000000E+006, +4.018565E-014
+5.85000000000000E+006, +3.088709E-014
+5.86250000000000E+006, +9.753515E-014
+5.87500000000000E+006, +4.372363E-014
+5.88750000000000E+006, +3.710856E-014
+5.90000000000000E+006, +4.889465E-014
+5.91250000000000E+006, +4.271518E-014
+5.92500000000000E+006, +3.572122E-014
+5.93750000000000E+006, +3.835233E-014
+5.95000000000000E+006, +3.894675E-014
+5.96250000000000E+006, +9.207270E-014
+5.97500000000000E+006, +1.098778E-013
+5.98750000000000E+006, +5.281064E-014
+6.00000000000000E+006, +3.549042E-014
+6.01250000000000E+006, +7.437485E-013
+6.02500000000000E+006, +3.211998E-014
+6.03750000000000E+006, +4.010557E-014
+6.05000000000000E+006, +1.029382E-013
+6.06250000000000E+006, +6.105149E-014
+6.07500000000000E+006, +3.551718E-014
+6.08750000000000E+006, +3.401525E-014
+6.10000000000000E+006, +3.410842E-014
+6.11250000000000E+006, +3.482301E-014
+6.12500000000000E+006, +3.105036E-014
+6.13750000000000E+006, +3.367267E-014
+6.15000000000000E+006, +3.285280E-014
+6.16250000000000E+006, +4.009372E-014
+6.17500000000000E+006, +3.468928E-014
+6.18750000000000E+006, +3.723986E-014
+6.20000000000000E+006, +2.981039E-014
+6.21250000000000E+006, +2.995834E-014
+6.22500000000000E+006, +3.927367E-014
+6.23750000000000E+006, +3.253033E-014
+6.25000000000000E+006, +3.174900E-014
+6.26250000000000E+006, +3.410339E-014
+6.27500000000000E+006, +3.188799E-014
+6.28750000000000E+006, +3.605144E-014
+6.30000000000000E+006, +3.217135E-014
+6.31250000000000E+006, +3.483174E-014
+6.32500000000000E+006, +3.548677E-014
+6.33750000000000E+006, +3.786281E-014
+6.35000000000000E+006, +3.111966E-014
+6.36250000000000E+006, +3.933407E-014
+6.37500000000000E+006, +3.242131E-014
+6.38750000000000E+006, +3.256951E-014
+6.40000000000000E+006, +3.746717E-014
+6.41250000000000E+006, +4.140273E-014
+6.42500000000000E+006, +4.065251E-014
+6.43750000000000E+006, +2.818365E-014
+6.45000000000000E+006, +2.883804E-014
+6.46250000000000E+006, +4.586483E-014
+6.47500000000000E+006, +2.975376E-014
+6.48750000000000E+006, +3.600244E-014
+6.50000000000000E+006, +3.620537E-014
+6.51250000000000E+006, +2.552827E-014
+6.52500000000000E+006, +3.784913E-014
+6.53750000000000E+006, +2.913289E-014
+6.55000000000000E+006, +3.140363E-014
+6.56250000000000E+006, +3.768607E-014
+6.57500000000000E+006, +4.124296E-014
+6.58750000000000E+006, +3.735231E-014
+6.60000000000000E+006, +2.920191E-014
+6.61250000000000E+006, +3.194842E-014
+6.62500000000000E+006, +2.882325E-014
+6.63750000000000E+006, +2.975081E-014
+6.65000000000000E+006, +3.555041E-014
+6.66250000000000E+006, +3.097043E-014
+6.67500000000000E+006, +3.368369E-014
+6.68750000000000E+006, +2.969920E-014
+6.70000000000000E+006, +3.063614E-014
+6.71250000000000E+006, +3.348720E-014
+6.72500000000000E+006, +3.278897E-014
+6.73750000000000E+006, +3.097079E-014
+6.75000000000000E+006, +3.472689E-014
+6.76250000000000E+006, +3.545333E-014
+6.77500000000000E+006, +2.966486E-014
+6.78750000000000E+006, +3.098413E-014
+6.80000000000000E+006, +2.597516E-014
+6.81250000000000E+006, +3.217107E-014
+6.82500000000000E+006, +3.011692E-014
+6.83750000000000E+006, +2.563450E-014
+6.85000000000000E+006, +3.983840E-014
+6.86250000000000E+006, +2.782416E-014
+6.87500000000000E+006, +3.236449E-014
+6.88750000000000E+006, +3.004271E-014
+6.90000000000000E+006, +3.783790E-014
+6.91250000000000E+006, +3.207065E-014
+6.92500000000000E+006, +3.055853E-014
+6.93750000000000E+006, +2.791912E-014
+6.95000000000000E+006, +2.643297E-014
+6.96250000000000E+006, +3.453542E-014
+6.97500000000000E+006, +3.105571E-014
+6.98750000000000E+006, +3.487986E-014
+7.00000000000000E+006, +3.022441E-014
+7.01250000000000E+006, +3.516854E-014
+7.02500000000000E+006, +2.918690E-014
+7.03750000000000E+006, +2.705187E-014
+7.05000000000000E+006, +3.047748E-014
+7.06250000000000E+006, +2.650778E-014
+7.07500000000000E+006, +3.285631E-014
+7.08750000000000E+006, +2.769601E-014
+7.10000000000000E+006, +3.094969E-014
+7.11250000000000E+006, +2.963610E-014
+7.12500000000000E+006, +3.207984E-014
+7.13750000000000E+006, +2.755859E-014
+7.15000000000000E+006, +3.519299E-014
+7.16250000000000E+006, +3.061844E-014
+7.17500000000000E+006, +3.082981E-014
+7.18750000000000E+006, +2.652496E-014
+7.20000000000000E+006, +2.891074E-014
+7.21250000000000E+006, +2.690040E-014
+7.22500000000000E+006, +2.969579E-014
+7.23750000000000E+006, +2.784773E-014
+7.25000000000000E+006, +3.284243E-014
+7.26250000000000E+006, +3.005746E-014
+7.27500000000000E+006, +2.647609E-014
+7.28750000000000E+006, +2.911551E-014
+7.30000000000000E+006, +3.157817E-014
+7.31250000000000E+006, +2.645273E-014
+7.32500000000000E+006, +3.216401E-014
+7.33750000000000E+006, +3.195437E-014
+7.35000000000000E+006, +3.091708E-014
+7.36250000000000E+006, +3.516915E-014
+7.37500000000000E+006, +2.785656E-014
+7.38750000000000E+006, +3.160123E-014
+7.40000000000000E+006, +2.740658E-014
+7.41250000000000E+006, +3.046457E-014
+7.42500000000000E+006, +2.573811E-014
+7.43750000000000E+006, +3.261734E-014
+7.45000000000000E+006, +2.664895E-014
+7.46250000000000E+006, +2.727289E-014
+7.47500000000000E+006, +2.985989E-014
+7.48750000000000E+006, +3.037791E-014
+7.50000000000000E+006, +3.037755E-014
+7.51250000000000E+006, +2.918071E-014
+7.52500000000000E+006, +3.106870E-014
+7.53750000000000E+006, +3.091448E-014
+7.55000000000000E+006, +2.631634E-014
+7.56250000000000E+006, +2.736248E-014
+7.57500000000000E+006, +2.884290E-014
+7.58750000000000E+006, +2.417462E-014
+7.60000000000000E+006, +2.620247E-014
+7.61250000000000E+006, +3.124927E-014
+7.62500000000000E+006, +2.476537E-014
+7.63750000000000E+006, +2.900294E-014
+7.65000000000000E+006, +2.835523E-014
+7.66250000000000E+006, +2.523859E-014
+7.67500000000000E+006, +2.479038E-014
+7.68750000000000E+006, +2.665906E-014
+7.70000000000000E+006, +2.771118E-014
+7.71250000000000E+006, +3.015823E-014
+7.72500000000000E+006, +2.903554E-014
+7.73750000000000E+006, +2.805705E-014
+7.75000000000000E+006, +2.379122E-014
+7.76250000000000E+006, +3.689575E-014
+7.77500000000000E+006, +3.180033E-014
+7.78750000000000E+006, +2.373806E-014
+7.80000000000000E+006, +2.627099E-014
+7.81250000000000E+006, +3.219713E-014
+7.82500000000000E+006, +3.045586E-014
+7.83750000000000E+006, +2.254766E-014
+7.85000000000000E+006, +2.646914E-014
+7.86250000000000E+006, +2.226671E-014
+7.87500000000000E+006, +3.235532E-014
+7.88750000000000E+006, +2.992869E-014
+7.90000000000000E+006, +2.714033E-014
+7.91250000000000E+006, +3.001299E-014
+7.92500000000000E+006, +3.099259E-014
+7.93750000000000E+006, +2.707533E-014
+7.95000000000000E+006, +2.491624E-014
+7.96250000000000E+006, +3.310961E-014
+7.97500000000000E+006, +3.138183E-014
+7.98750000000000E+006, +2.542441E-014
+8.00000000000000E+006, +2.511573E-014
+8.01250000000000E+006, +2.575042E-014
+8.02500000000000E+006, +2.720892E-014
+8.03750000000000E+006, +3.091615E-014
+8.05000000000000E+006, +2.762451E-014
+8.06250000000000E+006, +2.397160E-014
+8.07500000000000E+006, +3.033872E-014
+8.08750000000000E+006, +2.807023E-014
+8.10000000000000E+006, +2.709627E-014
+8.11250000000000E+006, +2.685600E-014
+8.12500000000000E+006, +2.634567E-014
+8.13750000000000E+006, +2.687162E-014
+8.15000000000000E+006, +2.721760E-014
+8.16250000000000E+006, +2.360546E-014
+8.17500000000000E+006, +2.537394E-014
+8.18750000000000E+006, +2.491911E-014
+8.20000000000000E+006, +2.824520E-014
+8.21250000000000E+006, +2.581451E-014
+8.22500000000000E+006, +2.320660E-014
+8.23750000000000E+006, +3.293032E-014
+8.25000000000000E+006, +2.252136E-014
+8.26250000000000E+006, +3.111243E-014
+8.27500000000000E+006, +2.315624E-014
+8.28750000000000E+006, +2.659246E-014
+8.30000000000000E+006, +3.001069E-014
+8.31250000000000E+006, +2.091121E-014
+8.32500000000000E+006, +2.344473E-014
+8.33750000000000E+006, +2.772065E-014
+8.35000000000000E+006, +2.841535E-014
+8.36250000000000E+006, +2.611598E-014
+8.37500000000000E+006, +2.418354E-014
+8.38750000000000E+006, +2.756884E-014
+8.40000000000000E+006, +2.737700E-014
+8.41250000000000E+006, +2.760668E-014
+8.42500000000000E+006, +2.821500E-014
+8.43750000000000E+006, +2.734280E-014
+8.45000000000000E+006, +2.368416E-014
+8.46250000000000E+006, +2.612549E-014
+8.47500000000000E+006, +2.831582E-014
+8.48750000000000E+006, +2.995169E-014
+8.50000000000000E+006, +2.696140E-014
+8.51250000000000E+006, +3.074564E-014
+8.52500000000000E+006, +2.679012E-014
+8.53750000000000E+006, +2.516877E-014
+8.55000000000000E+006, +2.506110E-014
+8.56250000000000E+006, +2.153017E-014
+8.57500000000000E+006, +2.706689E-014
+8.58750000000000E+006, +2.991320E-014
+8.60000000000000E+006, +2.556256E-014
+8.61250000000000E+006, +3.572292E-014
+8.62500000000000E+006, +3.356413E-014
+8.63750000000000E+006, +2.746483E-014
+8.65000000000000E+006, +2.643247E-014
+8.66250000000000E+006, +2.930273E-014
+8.67500000000000E+006, +2.727098E-014
+8.68750000000000E+006, +2.423064E-014
+8.70000000000000E+006, +3.149844E-014
+8.71250000000000E+006, +2.579804E-014
+8.72500000000000E+006, +2.783826E-014
+8.73750000000000E+006, +3.751471E-014
+8.75000000000000E+006, +2.602387E-014
+8.76250000000000E+006, +2.817212E-014
+8.77500000000000E+006, +2.498916E-014
+8.78750000000000E+006, +2.578315E-014
+8.80000000000000E+006, +2.355670E-014
+8.81250000000000E+006, +2.727210E-014
+8.82500000000000E+006, +2.747510E-014
+8.83750000000000E+006, +2.304117E-014
+8.85000000000000E+006, +2.692490E-014
+8.86250000000000E+006, +2.116879E-014
+8.87500000000000E+006, +2.322042E-014
+8.88750000000000E+006, +2.214646E-014
+8.90000000000000E+006, +2.889839E-014
+8.91250000000000E+006, +2.605879E-014
+8.92500000000000E+006, +2.821794E-014
+8.93750000000000E+006, +2.706333E-014
+8.95000000000000E+006, +2.561994E-014
+8.96250000000000E+006, +2.624563E-014
+8.97500000000000E+006, +2.805946E-014
+8.98750000000000E+006, +2.458965E-014
+9.00000000000000E+006, +2.162957E-014
+9.01250000000000E+006, +2.538926E-014
+9.02500000000000E+006, +2.605111E-014
+9.03750000000000E+006, +2.756897E-014
+9.05000000000000E+006, +2.517161E-014
+9.06250000000000E+006, +2.615850E-014
+9.07500000000000E+006, +2.553659E-014
+9.08750000000000E+006, +2.265967E-014
+9.10000000000000E+006, +2.067068E-014
+9.11250000000000E+006, +2.975625E-014
+9.12500000000000E+006, +2.624448E-014
+9.13750000000000E+006, +2.719416E-014
+9.15000000000000E+006, +2.468271E-014
+9.16250000000000E+006, +1.920891E-014
+9.17500000000000E+006, +2.331250E-014
+9.18750000000000E+006, +1.982647E-014
+9.20000000000000E+006, +2.452257E-014
+9.21250000000000E+006, +2.718552E-014
+9.22500000000000E+006, +2.254476E-014
+9.23750000000000E+006, +2.101129E-014
+9.25000000000000E+006, +2.810388E-014
+9.26250000000000E+006, +2.549658E-014
+9.27500000000000E+006, +2.332499E-014
+9.28750000000000E+006, +2.457996E-014
+9.30000000000000E+006, +2.148361E-014
+9.31250000000000E+006, +2.447481E-014
+9.32500000000000E+006, +2.415641E-014
+9.33750000000000E+006, +2.687095E-014
+9.35000000000000E+006, +2.582580E-014
+9.36250000000000E+006, +2.335832E-014
+9.37500000000000E+006, +2.409072E-014
+9.38750000000000E+006, +2.364362E-014
+9.40000000000000E+006, +2.709615E-014
+9.41250000000000E+006, +2.796525E-014
+9.42500000000000E+006, +2.939673E-014
+9.43750000000000E+006, +2.295077E-014
+9.45000000000000E+006, +2.192747E-014
+9.46250000000000E+006, +2.926879E-014
+9.47500000000000E+006, +2.210885E-014
+9.48750000000000E+006, +2.174459E-014
+9.50000000000000E+006, +2.129016E-014
+9.51250000000000E+006, +2.751876E-014
+9.52500000000000E+006, +2.832208E-014
+9.53750000000000E+006, +2.541024E-014
+9.55000000000000E+006, +2.487241E-014
+9.56250000000000E+006, +2.434259E-014
+9.57500000000000E+006, +2.295584E-014
+9.58750000000000E+006, +2.068759E-014
+9.60000000000000E+006, +2.368370E-014
+9.61250000000000E+006, +2.304808E-014
+9.62500000000000E+006, +2.738801E-014
+9.63750000000000E+006, +2.917684E-014
+9.65000000000000E+006, +2.454720E-014
+9.66250000000000E+006, +2.792101E-014
+9.67500000000000E+006, +2.249651E-014
+9.68750000000000E+006, +2.105549E-014
+9.70000000000000E+006, +2.492834E-014
+9.71250000000000E+006, +2.407039E-014
+9.72500000000000E+006, +2.559973E-014
+9.73750000000000E+006, +2.100574E-014
+9.75000000000000E+006, +2.045068E-014
+9.76250000000000E+006, +2.192520E-014
+9.77500000000000E+006, +3.205927E-014
+9.78750000000000E+006, +2.636431E-014
+9.80000000000000E+006, +2.402266E-014
+9.81250000000000E+006, +2.264696E-014
+9.82500000000000E+006, +2.100098E-014
+9.83750000000000E+006, +2.325676E-014
+9.85000000000000E+006, +2.001643E-014
+9.86250000000000E+006, +2.663499E-014
+9.87500000000000E+006, +2.455333E-014
+9.88750000000000E+006, +2.354126E-014
+9.90000000000000E+006, +2.507988E-014
+9.91250000000000E+006, +2.326704E-014
+9.92500000000000E+006, +2.629173E-014
+9.93750000000000E+006, +2.288063E-014
+9.95000000000000E+006, +2.158375E-014
+9.96250000000000E+006, +2.590800E-014
+9.97500000000000E+006, +2.222671E-014
+9.98750000000000E+006, +2.046571E-014
+1.00000000000000E+007, +2.110797E-014
+1.00125000000000E+007, +2.364872E-014
+1.00250000000000E+007, +2.807862E-014
+1.00375000000000E+007, +2.374856E-014
+1.00500000000000E+007, +1.855315E-014
+1.00625000000000E+007, +1.101991E-014
+1.00750000000000E+007, +9.692501E-015
+1.00875000000000E+007, +9.665779E-015
+1.01000000000000E+007, +1.067730E-014
+1.01125000000000E+007, +1.113356E-014
+1.01250000000000E+007, +8.909905E-015
+1.01375000000000E+007, +9.577403E-015
+1.01500000000000E+007, +1.045710E-014
+1.01625000000000E+007, +9.804170E-015
+1.01750000000000E+007, +9.526127E-015
+1.01875000000000E+007, +9.071652E-015
+1.02000000000000E+007, +8.863761E-015
+1.02125000000000E+007, +8.153351E-015
+1.02250000000000E+007, +1.169818E-014
+1.02375000000000E+007, +1.160289E-014
+1.02500000000000E+007, +9.853673E-015
+1.02625000000000E+007, +9.274189E-015
+1.02750000000000E+007, +1.035479E-014
+1.02875000000000E+007, +9.419647E-015
+1.03000000000000E+007, +9.296364E-015
+1.03125000000000E+007, +1.067920E-014
+1.03250000000000E+007, +1.094623E-014
+1.03375000000000E+007, +1.111538E-014
+1.03500000000000E+007, +1.081625E-014
+1.03625000000000E+007, +8.927803E-015
+1.03750000000000E+007, +8.980457E-015
+1.03875000000000E+007, +1.017726E-014
+1.04000000000000E+007, +1.017051E-014
+1.04125000000000E+007, +1.133370E-014
+1.04250000000000E+007, +9.264560E-015
+1.04375000000000E+007, +1.092603E-014
+1.04500000000000E+007, +9.076185E-015
+1.04625000000000E+007, +9.128325E-015
+1.04750000000000E+007, +8.266551E-015
+1.04875000000000E+007, +9.362200E-015
+1.05000000000000E+007, +1.014358E-014
+1.05125000000000E+007, +1.023008E-014
+1.05250000000000E+007, +8.686655E-015
+1.05375000000000E+007, +7.352707E-015
+1.05500000000000E+007, +9.072933E-015
+1.05625000000000E+007, +1.303502E-014
+1.05750000000000E+007, +1.006822E-014
+1.05875000000000E+007, +8.910529E-015
+1.06000000000000E+007, +9.333367E-015
+1.06125000000000E+007, +9.133176E-015
+1.06250000000000E+007, +7.701442E-015
+1.06375000000000E+007, +8.728492E-015
+1.06500000000000E+007, +1.012448E-014
+1.06625000000000E+007, +7.706084E-015
+1.06750000000000E+007, +9.234882E-015
+1.06875000000000E+007, +9.356456E-015
+1.07000000000000E+007, +1.013399E-014
+1.07125000000000E+007, +9.302163E-015
+1.07250000000000E+007, +8.521718E-015
+1.07375000000000E+007, +9.039713E-015
+1.07500000000000E+007, +1.070928E-014
+1.07625000000000E+007, +8.531309E-015
+1.07750000000000E+007, +9.871378E-015
+1.07875000000000E+007, +8.166611E-015
+1.08000000000000E+007, +8.259297E-015
+1.08125000000000E+007, +9.203929E-015
+1.08250000000000E+007, +1.047650E-014
+1.08375000000000E+007, +1.036304E-014
+1.08500000000000E+007, +9.552614E-015
+1.08625000000000E+007, +9.107508E-015
+1.08750000000000E+007, +1.014020E-014
+1.08875000000000E+007, +7.394746E-015
+1.09000000000000E+007, +8.211625E-015
+1.09125000000000E+007, +8.078579E-015
+1.09250000000000E+007, +8.241117E-015
+1.09375000000000E+007, +9.455733E-015
+1.09500000000000E+007, +9.903592E-015
+1.09625000000000E+007, +9.325408E-015
+1.09750000000000E+007, +7.813980E-015
+1.09875000000000E+007, +7.948013E-015
+1.10000000000000E+007, +8.484780E-015
