# Channel 1
+1.00000000000000E+006, +9.414259E-013
+1.01250000000000E+006, +2.858287E-012
+1.02500000000000E+006, +1.298557E-012
+1.03750000000000E+006, +2.566895E-012
+1.05000000000000E+006, +1.267851E-011
+1.06250000000000E+006, +3.041363E-012
+1.07500000000000E+006, +1.720236E-012
+1.08750000000000E+006, +1.556745E-012
+1.10000000000000E+006, +2.716994E-012
+1.11250000000000E+006, +1.106965E-012
+1.12500000000000E+006, +1.191632E-012
+1.13750000000000E+006, +1.384214E-012
+1.15000000000000E+006, +6.802133E-012
+1.16250000000000E+006, +1.340604E-012
+1.17500000000000E+006, +1.489745E-012
+1.18750000000000E+006, +2.033068E-012
+1.20000000000000E+006, +1.314839E-012
+1.21250000000000E+006, +1.356150E-012
+1.22500000000000E+006, +1.259902E-012
+1.23750000000000E+006, +1.449570E-012
+1.25000000000000E+006, +2.630487E-012
+1.26250000000000E+006, +1.153475E-012
+1.27500000000000E+006, +1.032056E-012
+1.28750000000000E+006, +9.449423E-013
+1.30000000000000E+006, +2.440626E-012
+1.31250000000000E+006, +1.173810E-012
+1.32500000000000E+006, +8.898735E-013
+1.33750000000000E+006, +1.054086E-012
+1.35000000000000E+006, +1.697852E-012
+1.36250000000000E+006, +1.028052E-012
+1.37500000000000E+006, +8.764738E-013
+1.38750000000000E+006, +6.934619E-013
+1.40000000000000E+006, +8.049376E-013
+1.41250000000000E+006, +8.408181E-013
+1.42500000000000E+006, +8.190311E-013
+1.43750000000000E+006, +9.882300E-013
+1.45000000000000E+006, +5.443221E-013
+1.46250000000000E+006, +6.285011E-013
+1.47500000000000E+006, +6.077437E-013
+1.48750000000000E+006, +5.588875E-013
+1.50000000000000E+006, +4.991253E-013
+1.51250000000000E+006, +6.096655E-013
+1.52500000000000E+006, +5.414142E-013
+1.53750000000000E+006, +6.184702E-013
+1.55000000000000E+006, +5.719475E-013
+1.56250000000000E+006, +6.539871E-013
+1.57500000000000E+006, +5.802609E-013
+1.58750000000000E+006, +4.729254E-013
+1.60000000000000E+006, +5.113338E-013
+1.61250000000000E+006, +5.690312E-013
+1.62500000000000E+006, +4.843284E-013
+1.63750000000000E+006, +4.529459E-013
+1.65000000000000E+006, +5.219940E-013
+1.66250000000000E+006, +6.987066E-013
+1.67500000000000E+006, +5.549351E-013
+1.68750000000000E+006, +4.504646E-013
+1.70000000000000E+006, +4.748255E-013
+1.71250000000000E+006, +4.210561E-013
+1.72500000000000E+006, +4.758152E-013
+1.73750000000000E+006, +5.495552E-013
+1.75000000000000E+006, +4.756680E-013
+1.76250000000000E+006, +9.478294E-013
+1.77500000000000E+006, +5.717758E-013
+1.78750000000000E+006, +5.536315E-013
+1.80000000000000E+006, +3.592224E-013
+1.81250000000000E+006, +4.031675E-013
+1.82500000000000E+006, +4.787160E-013
+1.83750000000000E+006, +4.159829E-013
+1.85000000000000E+006, +3.908579E-013
+1.86250000000000E+006, +6.832282E-013
+1.87500000000000E+006, +3.959195E-013
+1.88750000000000E+006, +4.209929E-013
+1.90000000000000E+006, +4.392861E-013
+1.91250000000000E+006, +4.350237E-013
+1.92500000000000E+006, +4.192917E-013
+1.93750000000000E+006, +4.225462E-013
+1.95000000000000E+006, +3.580986E-013
+1.96250000000000E+006, +4.548368E-013
+1.97500000000000E+006, +3.949891E-013
+1.98750000000000E+006, +3.408114E-013
+2.00000000000000E+006, +3.883874E-013
+2.01250000000000E+006, +3.592130E-013
+2.02500000000000E+006, +3.186701E-013
+2.03750000000000E+006, +3.145225E-013
+2.05000000000000E+006, +4.048306E-013
+2.06250000000000E+006, +3.376160E-013
+2.07500000000000E+006, +3.909109E-013
+2.08750000000000E+006, +3.436363E-013
+2.10000000000000E+006, +3.252439E-013
+2.11250000000000E+006, +3.448600E-013
+2.12500000000000E+006, +3.264759E-013
+2.13750000000000E+006, +3.432865E-013
+2.15000000000000E+006, +2.991991E-013
+2.16250000000000E+006, +3.418653E-013
+2.17500000000000E+006, +3.258539E-013
+2.18750000000000E+006, +3.532143E-013
+2.20000000000000E+006, +2.968647E-013
+2.21250000000000E+006, +4.097600E-013
+2.22500000000000E+006, +2.890085E-013
+2.23750000000000E+006, +3.896154E-013
+2.25000000000000E+006, +2.868839E-013
+2.26250000000000E+006, +2.786991E-013
+2.27500000000000E+006, +3.209240E-013
+2.28750000000000E+006, +3.047584E-013
+2.30000000000000E+006, +2.898575E-013
+2.31250000000000E+006, +3.721507E-013
+2.32500000000000E+006, +2.240935E-013
+2.33750000000000E+006, +3.028673E-013
+2.35000000000000E+006, +2.661321E-013
+2.36250000000000E+006, +2.447305E-013
+2.37500000000000E+006, +3.044150E-013
+2.38750000000000E+006, +2.396042E-013
+2.40000000000000E+006, +2.296628E-013
+2.41250000000000E+006, +2.507660E-013
+2.42500000000000E+006, +2.067058E-013
+2.43750000000000E+006, +2.619117E-013
+2.45000000000000E+006, +2.195062E-013
+2.46250000000000E+006, +2.733462E-013
+2.47500000000000E+006, +2.277722E-013
+2.48750000000000E+006, +2.869381E-013
+2.50000000000000E+006, +2.615060E-013
+2.51250000000000E+006, +2.629175E-013
+2.52500000000000E+006, +1.927763E-013
+2.53750000000000E+006, +2.168384E-013
+2.55000000000000E+006, +2.737601E-013
+2.56250000000000E+006, +2.194044E-013
+2.57500000000000E+006, +2.264061E-013
+2.58750000000000E+006, +2.180264E-013
+2.60000000000000E+006, +2.203221E-013
+2.61250000000000E+006, +1.739327E-013
+2.62500000000000E+006, +2.088171E-013
+2.63750000000000E+006, +1.945569E-013
+2.65000000000000E+006, +1.974495E-013
+2.66250000000000E+006, +1.950080E-013
+2.67500000000000E+006, +2.244636E-013
+2.68750000000000E+006, +2.042176E-013
+2.70000000000000E+006, +2.039724E-013
+2.71250000000000E+006, +2.093567E-013
+2.72500000000000E+006, +1.941660E-013
+2.73750000000000E+006, +1.967810E-013
+2.75000000000000E+006, +1.889911E-013
+2.76250000000000E+006, +1.788053E-013
+2.77500000000000E+006, +1.821983E-013
+2.78750000000000E+006, +2.115431E-013
+2.80000000000000E+006, +1.847399E-013
+2.81250000000000E+006, +1.927229E-013
+2.82500000000000E+006, +1.927334E-013
+2.83750000000000E+006, +1.871777E-013
+2.85000000000000E+006, +1.863894E-013
+2.86250000000000E+006, +1.877840E-013
+2.87500000000000E+006, +1.792996E-013
+2.88750000000000E+006, +1.841373E-013
+2.90000000000000E+006, +1.558815E-013
+2.91250000000000E+006, +1.841516E-013
+2.92500000000000E+006, +1.599728E-013
+2.93750000000000E+006, +1.929793E-013
+2.95000000000000E+006, +1.463447E-013
+2.96250000000000E+006, +1.771394E-013
+2.97500000000000E+006, +1.934299E-013
+2.98750000000000E+006, +1.703405E-013
+3.00000000000000E+006, +1.708660E-013
+3.01250000000000E+006, +1.455457E-013
+3.02500000000000E+006, +1.515945E-013
+3.03750000000000E+006, +1.404157E-013
+3.05000000000000E+006, +1.328280E-013
+3.06250000000000E+006, +1.564610E-013
+3.07500000000000E+006, +1.429189E-013
+3.08750000000000E+006, +1.411767E-013
+3.10000000000000E+006, +1.314242E-013
+3.11250000000000E+006, +1.634378E-013
+3.12500000000000E+006, +1.487162E-013
+3.13750000000000E+006, +1.499150E-013
+3.15000000000000E+006, +1.714705E-013
+3.16250000000000E+006, +1.361634E-013
+3.17500000000000E+006, +1.400963E-013
+3.18750000000000E+006, +1.517837E-013
+3.20000000000000E+006, +1.541537E-013
+3.21250000000000E+006, +1.493028E-013
+3.22500000000000E+006, +1.530866E-013
+3.23750000000000E+006, +1.424994E-013
+3.25000000000000E+006, +1.269874E-013
+3.26250000000000E+006, +1.374641E-013
+3.27500000000000E+006, +1.508561E-013
+3.28750000000000E+006, +1.666476E-013
+3.30000000000000E+006, +1.294150E-013
+3.31250000000000E+006, +1.343135E-013
+3.32500000000000E+006, +1.336002E-013
+3.33750000000000E+006, +1.502631E-013
+3.35000000000000E+006, +1.417661E-013
+3.36250000000000E+006, +1.326017E-013
+3.37500000000000E+006, +9.665552E-014
+3.38750000000000E+006, +3.952086E-013
+3.40000000000000E+006, +1.194649E-013
+3.41250000000000E+006, +1.178182E-013
+3.42500000000000E+006, +1.176728E-013
+3.43750000000000E+006, +1.291030E-013
+3.45000000000000E+006, +9.946770E-014
+3.46250000000000E+006, +1.064651E-013
+3.47500000000000E+006, +1.022511E-013
+3.48750000000000E+006, +6.366668E-013
+3.50000000000000E+006, +1.301160E-013
+3.51250000000000E+006, +1.324792E-013
+3.52500000000000E+006, +1.082324E-013
+3.53750000000000E+006, +1.152763E-013
+3.55000000000000E+006, +1.392455E-013
+3.56250000000000E+006, +1.429091E-013
+3.57500000000000E+006, +1.193109E-013
+3.58750000000000E+006, +4.482089E-013
+3.60000000000000E+006, +1.027283E-012
+3.61250000000000E+006, +1.760800E-013
+3.62500000000000E+006, +9.894884E-014
+3.63750000000000E+006, +2.773532E-009
+3.65000000000000E+006, +1.209778E-013
+3.66250000000000E+006, +2.144623E-013
+3.67500000000000E+006, +9.002821E-013
+3.68750000000000E+006, +4.065990E-013
+3.70000000000000E+006, +1.266506E-013
+3.71250000000000E+006, +4.385005E-011
+3.72500000000000E+006, +1.032578E-013
+3.73750000000000E+006, +9.350658E-014
+3.75000000000000E+006, +9.135155E-014
+3.76250000000000E+006, +9.562833E-014
+3.77500000000000E+006, +9.751003E-014
+3.78750000000000E+006, +4.579004E-013
+3.80000000000000E+006, +1.089806E-013
+3.81250000000000E+006, +8.596194E-014
+3.82500000000000E+006, +8.726913E-014
+3.83750000000000E+006, +1.059591E-013
+3.85000000000000E+006, +8.151743E-014
+3.86250000000000E+006, +9.539798E-014
+3.87500000000000E+006, +1.185396E-013
+3.88750000000000E+006, +2.663017E-013
+3.90000000000000E+006, +1.002758E-013
+3.91250000000000E+006, +8.456078E-014
+3.92500000000000E+006, +1.139223E-013
+3.93750000000000E+006, +9.182396E-014
+3.95000000000000E+006, +8.679643E-014
+3.96250000000000E+006, +9.714571E-014
+3.97500000000000E+006, +1.056050E-013
+3.98750000000000E+006, +7.902872E-014
+4.00000000000000E+006, +8.167025E-014
+4.01250000000000E+006, +8.001934E-014
+4.02500000000000E+006, +8.183868E-014
+4.03750000000000E+006, +9.513379E-014
+4.05000000000000E+006, +7.409753E-014
+4.06250000000000E+006, +8.829091E-014
+4.07500000000000E+006, +7.377830E-014
+4.08750000000000E+006, +8.505986E-014
+4.10000000000000E+006, +9.494612E-014
+4.11250000000000E+006, +9.667806E-014
+4.12500000000000E+006, +8.321902E-014
+4.13750000000000E+006, +7.457239E-014
+4.15000000000000E+006, +8.992717E-014
+4.16250000000000E+006, +7.411201E-014
+4.17500000000000E+006, +7.464083E-014
+4.18750000000000E+006, +7.522649E-014
+4.20000000000000E+006, +7.080554E-014
+4.21250000000000E+006, +8.821709E-014
+4.22500000000000E+006, +7.010678E-014
+4.23750000000000E+006, +6.753095E-014
+4.25000000000000E+006, +7.216681E-014
+4.26250000000000E+006, +8.700882E-014
+4.27500000000000E+006, +7.747234E-014
+4.28750000000000E+006, +8.864746E-014
+4.30000000000000E+006, +6.638459E-014
+4.31250000000000E+006, +6.792709E-014
+4.32500000000000E+006, +6.942392E-014
+4.33750000000000E+006, +7.069063E-014
+4.35000000000000E+006, +7.225085E-014
+4.36250000000000E+006, +6.741530E-014
+4.37500000000000E+006, +6.088306E-014
+4.38750000000000E+006, +7.747226E-014
+4.40000000000000E+006, +7.214158E-014
+4.41250000000000E+006, +6.836497E-014
+4.42500000000000E+006, +6.572851E-014
+4.43750000000000E+006, +6.581595E-014
+4.45000000000000E+006, +7.582936E-014
+4.46250000000000E+006, +6.615078E-014
+4.47500000000000E+006, +7.753624E-014
+4.48750000000000E+006, +5.947498E-014
+4.50000000000000E+006, +5.867090E-014
+4.51250000000000E+006, +5.411355E-014
+4.52500000000000E+006, +5.832874E-014
+4.53750000000000E+006, +6.787310E-014
+4.55000000000000E+006, +6.088254E-014
+4.56250000000000E+006, +6.697456E-014
+4.57500000000000E+006, +6.484440E-014
+4.58750000000000E+006, +5.724127E-014
+4.60000000000000E+006, +5.066476E-014
+4.61250000000000E+006, +6.320325E-014
+4.62500000000000E+006, +6.345502E-014
+4.63750000000000E+006, +7.423249E-014
+4.65000000000000E+006, +6.039949E-014
+4.66250000000000E+006, +6.515245E-014
+4.67500000000000E+006, +5.952782E-014
+4.68750000000000E+006, +6.619956E-014
+4.70000000000000E+006, +7.465873E-014
+4.71250000000000E+006, +6.307052E-014
+4.72500000000000E+006, +5.123925E-014
+4.73750000000000E+006, +6.701139E-014
+4.75000000000000E+006, +6.243495E-014
+4.76250000000000E+006, +5.689967E-014
+4.77500000000000E+006, +5.345672E-014
+4.78750000000000E+006, +6.235640E-014
+4.80000000000000E+006, +5.449144E-014
+4.81250000000000E+006, +5.599267E-014
+4.82500000000000E+006, +5.571477E-014
+4.83750000000000E+006, +4.974401E-014
+4.85000000000000E+006, +5.541562E-014
+4.86250000000000E+006, +5.970367E-014
+4.87500000000000E+006, +6.016013E-014
+4.88750000000000E+006, +5.542745E-014
+4.90000000000000E+006, +4.381156E-014
+4.91250000000000E+006, +4.633802E-014
+4.92500000000000E+006, +4.980530E-014
+4.93750000000000E+006, +5.879106E-014
+4.95000000000000E+006, +5.270507E-014
+4.96250000000000E+006, +5.400030E-014
+4.97500000000000E+006, +5.006551E-014
+4.98750000000000E+006, +5.076321E-014
+5.00000000000000E+006, +6.126824E-014
+5.01250000000000E+006, +4.477144E-014
+5.02500000000000E+006, +4.975209E-014
+5.03750000000000E+006, +5.452322E-014
+5.05000000000000E+006, +3.200668E-013
+5.06250000000000E+006, +4.975234E-014
+5.07500000000000E+006, +5.978863E-014
+5.08750000000000E+006, +5.594289E-014
+5.10000000000000E+006, +4.675612E-014
+5.11250000000000E+006, +4.606381E-014
+5.12500000000000E+006, +4.516006E-014
+5.13750000000000E+006, +5.643404E-014
+5.15000000000000E+006, +5.102830E-014
+5.16250000000000E+006, +5.292783E-014
+5.17500000000000E+006, +4.671462E-014
+5.18750000000000E+006, +4.670425E-014
+5.20000000000000E+006, +4.724758E-014
+5.21250000000000E+006, +5.445244E-014
+5.22500000000000E+006, +5.519320E-014
+5.23750000000000E+006, +4.579682E-014
+5.25000000000000E+006, +4.303960E-014
+5.26250000000000E+006, +5.254960E-014
+5.27500000000000E+006, +5.492051E-014
+5.28750000000000E+006, +5.577506E-014
+5.30000000000000E+006, +4.884301E-014
+5.31250000000000E+006, +4.485747E-014
+5.32500000000000E+006, +4.010122E-014
+5.33750000000000E+006, +4.503723E-014
+5.35000000000000E+006, +5.076074E-014
+5.36250000000000E+006, +4.794187E-014
+5.37500000000000E+006, +5.271636E-014
+5.38750000000000E+006, +4.528698E-014
+5.40000000000000E+006, +4.275829E-014
+5.41250000000000E+006, +4.810842E-014
+5.42500000000000E+006, +4.821989E-014
+5.43750000000000E+006, +4.340262E-014
+5.45000000000000E+006, +5.440997E-014
+5.46250000000000E+006, +4.090483E-014
+5.47500000000000E+006, +4.933960E-014
+5.48750000000000E+006, +4.310019E-014
+5.50000000000000E+006, +5.366188E-014
+5.51250000000000E+006, +4.368504E-014
+5.52500000000000E+006, +4.664490E-014
+5.53750000000000E+006, +3.904655E-014
+5.55000000000000E+006, +3.670754E-014
+5.56250000000000E+006, +4.013347E-014
+5.57500000000000E+006, +3.844370E-014
+5.58750000000000E+006, +4.292097E-014
+5.60000000000000E+006, +4.337315E-014
+5.61250000000000E+006, +4.203577E-014
+5.62500000000000E+006, +3.836017E-014
+5.63750000000000E+006, +3.830287E-014
+5.65000000000000E+006, +3.868565E-014
+5.66250000000000E+006, +3.665535E-014
+5.67500000000000E+006, +4.506750E-014
+5.68750000000000E+006, +4.076001E-014
+5.70000000000000E+006, +4.542586E-014
+5.71250000000000E+006, +4.966347E-014
+5.72500000000000E+006, +4.226731E-014
+5.73750000000000E+006, +3.576658E-014
+5.75000000000000E+006, +4.196558E-014
+5.76250000000000E+006, +7.853430E-014
+5.77500000000000E+006, +9.881391E-014
+5.78750000000000E+006, +4.133277E-014
+5.80000000000000E+006, +4.331349E-014
+5.81250000000000E+006, +4.062411E-014
+5.82500000000000E+006, +3.944748E-014
+5.83750000000000E+006, +4.796477E-014
+5.85000000000000E+006, +3.481012E-014
+5.86250000000000E+006, +1.182019E-013
+5.87500000000000E+006, +4.095799E-014
+5.88750000000000E+006, +4.382229E-014
+5.90000000000000E+006, +3.546771E-014
+5.91250000000000E+006, +3.568196E-014
+5.92500000000000E+006, +3.732598E-014
+5.93750000000000E+006, +4.525401E-014
+5.95000000000000E+006, +4.349300E-014
+5.96250000000000E+006, +8.072191E-014
+5.97500000000000E+006, +1.324083E-013
+5.98750000000000E+006, +5.220971E-014
+6.00000000000000E+006, +4.042115E-014
+6.01250000000000E+006, +8.332559E-013
+6.02500000000000E+006, +4.077308E-014
+6.03750000000000E+006, +4.218327E-014
+6.05000000000000E+006, +1.110698E-013
+6.06250000000000E+006, +5.689797E-014
+6.07500000000000E+006, +3.483037E-014
+6.08750000000000E+006, +3.815596E-014
+6.10000000000000E+006, +3.645567E-014
+6.11250000000000E+006, +3.445809E-014
+6.12500000000000E+006, +4.439250E-014
+6.13750000000000E+006, +3.786553E-014
+6.15000000000000E+006, +3.608917E-014
+6.16250000000000E+006, +4.417548E-014
+6.17500000000000E+006, +3.497810E-014
+6.18750000000000E+006, +3.810321E-014
+6.20000000000000E+006, +3.348174E-014
+6.21250000000000E+006, +3.192826E-014
+6.22500000000000E+006, +3.120840E-014
+6.23750000000000E+006, +3.898543E-014
+6.25000000000000E+006, +3.084052E-014
+6.26250000000000E+006, +4.067969E-014
+6.27500000000000E+006, +3.476359E-014
+6.28750000000000E+006, +2.937819E-014
+6.30000000000000E+006, +3.260385E-014
+6.31250000000000E+006, +3.605652E-014
+6.32500000000000E+006, +3.887249E-014
+6.33750000000000E+006, +3.194766E-014
+6.35000000000000E+006, +3.693028E-014
+6.36250000000000E+006, +3.795719E-014
+6.37500000000000E+006, +3.055044E-014
+6.38750000000000E+006, +3.123972E-014
+6.40000000000000E+006, +3.431674E-014
+6.41250000000000E+006, +4.139448E-014
+6.42500000000000E+006, +3.283557E-014
+6.43750000000000E+006, +2.780541E-014
+6.45000000000000E+006, +3.083787E-014
+6.46250000000000E+006, +3.710265E-014
+6.47500000000000E+006, +2.640249E-014
+6.48750000000000E+006, +3.853749E-014
+6.50000000000000E+006, +3.707596E-014
+6.51250000000000E+006, +3.353657E-014
+6.52500000000000E+006, +3.052051E-014
+6.53750000000000E+006, +3.156008E-014
+6.55000000000000E+006, +3.089721E-014
+6.56250000000000E+006, +3.494461E-014
+6.57500000000000E+006, +3.822394E-014
+6.58750000000000E+006, +3.359259E-014
+6.60000000000000E+006, +3.225757E-014
+6.61250000000000E+006, +2.967798E-014
+6.62500000000000E+006, +3.537704E-014
+6.63750000000000E+006, +3.175014E-014
+6.65000000000000E+006, +3.976022E-014
+6.66250000000000E+006, +3.041159E-014
+6.67500000000000E+006, +3.290679E-014
+6.68750000000000E+006, +2.570158E-014
+6.70000000000000E+006, +3.132499E-014
+6.71250000000000E+006, +3.039449E-014
+6.72500000000000E+006, +3.684840E-014
+6.73750000000000E+006, +2.900908E-014
+6.75000000000000E+006, +3.247716E-014
+6.76250000000000E+006, +3.393200E-014
+6.77500000000000E+006, +3.264982E-014
+6.78750000000000E+006, +2.548469E-014
+6.80000000000000E+006, +3.144555E-014
+6.81250000000000E+006, +2.735580E-014
+6.82500000000000E+006, +3.069556E-014
+6.83750000000000E+006, +3.109243E-014
+6.85000000000000E+006, +2.966275E-014
+6.86250000000000E+006, +3.370403E-014
+6.87500000000000E+006, +2.911927E-014
+6.88750000000000E+006, +3.641756E-014
+6.90000000000000E+006, +3.453769E-014
+6.91250000000000E+006, +2.687367E-014
+6.92500000000000E+006, +3.312087E-014
+6.93750000000000E+006, +3.997597E-014
+6.95000000000000E+006, +2.886143E-014
+6.96250000000000E+006, +2.993016E-014
+6.97500000000000E+006, +3.288570E-014
+6.98750000000000E+006, +2.753273E-014
+7.00000000000000E+006, +3.263139E-014
+7.01250000000000E+006, +3.119513E-014
+7.02500000000000E+006, +2.839802E-014
+7.03750000000000E+006, +2.711707E-014
+7.05000000000000E+006, +3.111016E-014
+7.06250000000000E+006, +2.705191E-014
+7.07500000000000E+006, +3.254177E-014
+7.08750000000000E+006, +3.212596E-014
+7.10000000000000E+006, +3.254006E-014
+7.11250000000000E+006, +2.939027E-014
+7.12500000000000E+006, +2.848415E-014
+7.13750000000000E+006, +2.819229E-014
+7.15000000000000E+006, +2.639518E-014
+7.16250000000000E+006, +3.700503E-014
+7.17500000000000E+006, +3.381912E-014
+7.18750000000000E+006, +2.822614E-014
+7.20000000000000E+006, +3.375233E-014
+7.21250000000000E+006, +2.963110E-014
+7.22500000000000E+006, +2.769257E-014
+7.23750000000000E+006, +2.881480E-014
+7.25000000000000E+006, +3.021923E-014
+7.26250000000000E+006, +2.859079E-014
+7.27500000000000E+006, +3.068201E-014
+7.28750000000000E+006, +3.442760E-014
+7.30000000000000E+006, +2.674390E-014
+7.31250000000000E+006, +3.031650E-014
+7.32500000000000E+006, +3.070804E-014
+7.33750000000000E+006, +3.127460E-014
+7.35000000000000E+006, +4.159348E-014
+7.36250000000000E+006, +3.059753E-014
+7.37500000000000E+006, +3.134256E-014
+7.38750000000000E+006, +3.009134E-014
+7.40000000000000E+006, +2.784378E-014
+7.41250000000000E+006, +2.203791E-014
+7.42500000000000E+006, +2.996982E-014
+7.43750000000000E+006, +3.103053E-014
+7.45000000000000E+006, +2.649971E-014
+7.46250000000000E+006, +2.819927E-014
+7.47500000000000E+006, +2.665311E-014
+7.48750000000000E+006, +2.894976E-014
+7.50000000000000E+006, +2.861773E-014
+7.51250000000000E+006, +2.878265E-014
+7.52500000000000E+006, +2.789647E-014
+7.53750000000000E+006, +3.407265E-014
+7.55000000000000E+006, +2.987136E-014
+7.56250000000000E+006, +3.431574E-014
+7.57500000000000E+006, +2.743122E-014
+7.58750000000000E+006, +2.819052E-014
+7.60000000000000E+006, +2.637645E-014
+7.61250000000000E+006, +2.618797E-014
+7.62500000000000E+006, +2.988083E-014
+7.63750000000000E+006, +3.007960E-014
+7.65000000000000E+006, +3.362848E-014
+7.66250000000000E+006, +2.683196E-014
+7.67500000000000E+006, +3.031523E-014
+7.68750000000000E+006, +2.663691E-014
+7.70000000000000E+006, +2.458456E-014
+7.71250000000000E+006, +2.669073E-014
+7.72500000000000E+006, +2.721727E-014
+7.73750000000000E+006, +2.418899E-014
+7.75000000000000E+006, +2.936686E-014
+7.76250000000000E+006, +3.700702E-014
+7.77500000000000E+006, +2.334779E-014
+7.78750000000000E+006, +3.748993E-014
+7.80000000000000E+006, +2.709496E-014
+7.81250000000000E+006, +3.048754E-014
+7.82500000000000E+006, +2.696573E-014
+7.83750000000000E+006, +2.797429E-014
+7.85000000000000E+006, +3.608552E-014
+7.86250000000000E+006, +3.157866E-014
+7.87500000000000E+006, +3.157205E-014
+7.88750000000000E+006, +3.069363E-014
+7.90000000000000E+006, +2.514476E-014
+7.91250000000000E+006, +3.196819E-014
+7.92500000000000E+006, +2.951532E-014
+7.93750000000000E+006, +2.414121E-014
+7.95000000000000E+006, +2.794441E-014
+7.96250000000000E+006, +3.519303E-014
+7.97500000000000E+006, +2.832516E-014
+7.98750000000000E+006, +3.586415E-014
+8.00000000000000E+006, +2.656869E-014
+8.01250000000000E+006, +3.055506E-014
+8.02500000000000E+006, +3.256086E-014
+8.03750000000000E+006, +2.462253E-014
+8.05000000000000E+006, +2.449110E-014
+8.06250000000000E+006, +2.733275E-014
+8.07500000000000E+006, +3.148670E-014
+8.08750000000000E+006, +3.262102E-014
+8.10000000000000E+006, +2.618795E-014
+8.11250000000000E+006, +2.650609E-014
+8.12500000000000E+006, +2.878834E-014
+8.13750000000000E+006, +2.983476E-014
+8.15000000000000E+006, +3.121147E-014
+8.16250000000000E+006, +2.510531E-014
+8.17500000000000E+006, +3.309850E-014
+8.18750000000000E+006, +2.929751E-014
+8.20000000000000E+006, +2.836741E-014
+8.21250000000000E+006, +2.742062E-014
+8.22500000000000E+006, +2.452955E-014
+8.23750000000000E+006, +2.568327E-014
+8.25000000000000E+006, +2.537817E-014
+8.26250000000000E+006, +2.970321E-014
+8.27500000000000E+006, +2.418596E-014
+8.28750000000000E+006, +2.499800E-014
+8.30000000000000E+006, +2.688048E-014
+8.31250000000000E+006, +2.414339E-014
+8.32500000000000E+006, +2.757198E-014
+8.33750000000000E+006, +2.981578E-014
+8.35000000000000E+006, +2.874106E-014
+8.36250000000000E+006, +2.584905E-014
+8.37500000000000E+006, +2.650541E-014
+8.38750000000000E+006, +3.143750E-014
+8.40000000000000E+006, +2.693658E-014
+8.41250000000000E+006, +3.021739E-014
+8.42500000000000E+006, +2.765336E-014
+8.43750000000000E+006, +2.585058E-014
+8.45000000000000E+006, +2.662968E-014
+8.46250000000000E+006, +2.621994E-014
+8.47500000000000E+006, +2.586942E-014
+8.48750000000000E+006, +2.731522E-014
+8.50000000000000E+006, +2.462073E-014
+8.51250000000000E+006, +3.686130E-014
+8.52500000000000E+006, +2.771138E-014
+8.53750000000000E+006, +2.413510E-014
+8.55000000000000E+006, +2.987685E-014
+8.56250000000000E+006, +2.804709E-014
+8.57500000000000E+006, +2.275397E-014
+8.58750000000000E+006, +2.884836E-014
+8.60000000000000E+006, +3.111236E-014
+8.61250000000000E+006, +2.713773E-014
+8.62500000000000E+006, +3.718064E-014
+8.63750000000000E+006, +2.654401E-014
+8.65000000000000E+006, +3.126221E-014
+8.66250000000000E+006, +2.694515E-014
+8.67500000000000E+006, +2.455543E-014
+8.68750000000000E+006, +2.502023E-014
+8.70000000000000E+006, +3.057883E-014
+8.71250000000000E+006, +2.776857E-014
+8.72500000000000E+006, +1.859444E-014
+8.73750000000000E+006, +2.925787E-014
+8.75000000000000E+006, +2.353508E-014
+8.76250000000000E+006, +2.391571E-014
+8.77500000000000E+006, +2.218003E-014
+8.78750000000000E+006, +2.688230E-014
+8.80000000000000E+006, +2.320099E-014
+8.81250000000000E+006, +2.820135E-014
+8.82500000000000E+006, +2.063908E-014
+8.83750000000000E+006, +2.414268E-014
+8.85000000000000E+006, +2.802106E-014
+8.86250000000000E+006, +2.354629E-014
+8.87500000000000E+006, +2.686072E-014
+8.88750000000000E+006, +2.959160E-014
+8.90000000000000E+006, +2.429935E-014
+8.91250000000000E+006, +2.854523E-014
+8.92500000000000E+006, +2.452278E-014
+8.93750000000000E+006, +1.996744E-014
+8.95000000000000E+006, +2.662075E-014
+8.96250000000000E+006, +2.550594E-014
+8.97500000000000E+006, +2.717242E-014
+8.98750000000000E+006, +2.290376E-014
+9.00000000000000E+006, +2.177725E-014
+9.01250000000000E+006, +2.520347E-014
+9.02500000000000E+006, +2.572618E-014
+9.03750000000000E+006, +2.238659E-014
+9.05000000000000E+006, +2.754055E-014
+9.06250000000000E+006, +2.905808E-014
+9.07500000000000E+006, +2.498766E-014
+9.08750000000000E+006, +2.402975E-014
+9.10000000000000E+006, +2.265365E-014
+9.11250000000000E+006, +2.652773E-014
+9.12500000000000E+006, +2.609220E-014
+9.13750000000000E+006, +1.764728E-014
+9.15000000000000E+006, +2.262942E-014
+9.16250000000000E+006, +2.259794E-014
+9.17500000000000E+006, +2.666023E-014
+9.18750000000000E+006, +2.537341E-014
+9.20000000000000E+006, +2.412170E-014
+9.21250000000000E+006, +3.076707E-014
+9.22500000000000E+006, +2.868739E-014
+9.23750000000000E+006, +2.470646E-014
+9.25000000000000E+006, +2.216888E-014
+9.26250000000000E+006, +2.214990E-014
+9.27500000000000E+006, +2.542662E-014
+9.28750000000000E+006, +2.797821E-014
+9.30000000000000E+006, +2.460052E-014
+9.31250000000000E+006, +2.464243E-014
+9.32500000000000E+006, +2.697458E-014
+9.33750000000000E+006, +1.972100E-014
+9.35000000000000E+006, +2.172225E-014
+9.36250000000000E+006, +2.093816E-014
+9.37500000000000E+006, +2.077841E-014
+9.38750000000000E+006, +2.336007E-014
+9.40000000000000E+006, +2.189220E-014
+9.41250000000000E+006, +2.349667E-014
+9.42500000000000E+006, +2.571833E-014
+9.43750000000000E+006, +2.470834E-014
+9.45000000000000E+006, +2.441415E-014
+9.46250000000000E+006, +2.700988E-014
+9.47500000000000E+006, +2.701234E-014
+9.48750000000000E+006, +2.866986E-014
+9.50000000000000E+006, +2.658249E-014
+9.51250000000000E+006, +2.373050E-014
+9.52500000000000E+006, +2.874018E-014
+9.53750000000000E+006, +2.257573E-014
+9.55000000000000E+006, +2.201068E-014
+9.56250000000000E+006, +2.934899E-014
+9.57500000000000E+006, +2.502266E-014
+9.58750000000000E+006, +2.337070E-014
+9.60000000000000E+006, +2.247357E-014
+9.61250000000000E+006, +2.373678E-014
+9.62500000000000E+006, +2.182643E-014
+9.63750000000000E+006, +2.123916E-014
+9.65000000000000E+006, +2.524991E-014
+9.66250000000000E+006, +2.416476E-014
+9.67500000000000E+006, +2.430353E-014
+9.68750000000000E+006, +2.231074E-014
+9.70000000000000E+006, +2.121670E-014
+9.71250000000000E+006, +2.447678E-014
+9.72500000000000E+006, +2.875645E-014
+9.73750000000000E+006, +2.248866E-014
+9.75000000000000E+006, +2.804638E-014
+9.76250000000000E+006, +1.903801E-014
+9.77500000000000E+006, +2.245637E-014
+9.78750000000000E+006, +2.696659E-014
+9.80000000000000E+006, +2.189660E-014
+9.81250000000000E+006, +2.536804E-014
+9.82500000000000E+006, +2.411940E-014
+9.83750000000000E+006, +2.815414E-014
+9.85000000000000E+006, +2.709943E-014
+9.86250000000000E+006, +2.545748E-014
+9.87500000000000E+006, +2.503066E-014
+9.88750000000000E+006, +2.498593E-014
+9.90000000000000E+006, +2.125941E-014
+9.91250000000000E+006, +2.264773E-014
+9.92500000000000E+006, +2.414319E-014
+9.93750000000000E+006, +2.478238E-014
+9.95000000000000E+006, +2.299483E-014
+9.96250000000000E+006, +2.244205E-014
+9.97500000000000E+006, +1.957327E-014
+9.98750000000000E+006, +2.776305E-014
+1.00000000000000E+007, +2.371095E-014
+1.00125000000000E+007, +2.477268E-014
+1.00250000000000E+007, +2.218605E-014
+1.00375000000000E+007, +2.367382E-014
+1.00500000000000E+007, +2.070931E-014
+1.00625000000000E+007, +1.097295E-014
+1.00750000000000E+007, +1.011960E-014
+1.00875000000000E+007, +1.158674E-014
+1.01000000000000E+007, +1.152868E-014
+1.01125000000000E+007, +1.058806E-014
+1.01250000000000E+007, +1.022647E-014
+1.01375000000000E+007, +1.007613E-014
+1.01500000000000E+007, +9.583939E-015
+1.01625000000000E+007, +9.238460E-015
+1.01750000000000E+007, +1.006257E-014
+1.01875000000000E+007, +7.939460E-015
+1.02000000000000E+007, +1.019167E-014
+1.02125000000000E+007, +8.825895E-015
+1.02250000000000E+007, +1.040258E-014
+1.02375000000000E+007, +8.619426E-015
+1.02500000000000E+007, +1.246309E-014
+1.02625000000000E+007, +8.525571E-015
+1.02750000000000E+007, +8.363774E-015
+1.02875000000000E+007, +8.990904E-015
+1.03000000000000E+007, +1.111550E-014
+1.03125000000000E+007, +9.326440E-015
+1.03250000000000E+007, +1.206450E-014
+1.03375000000000E+007, +8.506566E-015
+1.03500000000000E+007, +8.259223E-015
+1.03625000000000E+007, +1.059577E-014
+1.03750000000000E+007, +9.446355E-015
+1.03875000000000E+007, +9.443789E-015
+1.04000000000000E+007, +9.291335E-015
+1.04125000000000E+007, +8.277470E-015
+1.04250000000000E+007, +1.023144E-014
+1.04375000000000E+007, +1.020762E-014
+1.04500000000000E+007, +9.933372E-015
+1.04625000000000E+007, +1.023677E-014
+1.04750000000000E+007, +1.105807E-014
+1.04875000000000E+007, +9.825873E-015
+1.05000000000000E+007, +8.503433E-015
+1.05125000000000E+007, +8.648556E-015
+1.05250000000000E+007, +9.024738E-015
+1.05375000000000E+007, +9.191411E-015
+1.05500000000000E+007, +9.905673E-015
+1.05625000000000E+007, +8.154842E-015
+1.05750000000000E+007, +8.907430E-015
+1.05875000000000E+007, +8.917504E-015
+1.06000000000000E+007, +1.037005E-014
+1.06125000000000E+007, +8.842711E-015
+1.06250000000000E+007, +1.065522E-014
+1.06375000000000E+007, +1.065494E-014
+1.06500000000000E+007, +9.282842E-015
+1.06625000000000E+007, +8.024206E-015
+1.06750000000000E+007, +9.042241E-015
+1.06875000000000E+007, +9.668993E-015
+1.07000000000000E+007, +1.007487E-014
+1.07125000000000E+007, +7.606314E-015
+1.07250000000000E+007, +9.192898E-015
+1.07375000000000E+007, +9.131059E-015
+1.07500000000000E+007, +8.878626E-015
+1.07625000000000E+007, +8.012634E-015
+1.07750000000000E+007, +9.572332E-015
+1.07875000000000E+007, +9.952269E-015
+1.08000000000000E+007, +8.059068E-015
+1.08125000000000E+007, +8.825707E-015
+1.08250000000000E+007, +8.241489E-015
+1.08375000000000E+007, +8.720028E-015
+1.08500000000000E+007, +9.060200E-015
+1.08625000000000E+007, +1.070804E-014
+1.08750000000000E+007, +8.128710E-015
+1.08875000000000E+007, +1.079566E-014
+1.09000000000000E+007, +8.407154E-015
+1.09125000000000E+007, +9.051140E-015
+1.09250000000000E+007, +9.699118E-015
+1.09375000000000E+007, +8.235899E-015
+1.09500000000000E+007, +9.350686E-015
+1.09625000000000E+007, +8.748892E-015
+1.09750000000000E+007, +9.154054E-015
+1.09875000000000E+007, +8.534717E-015
+1.10000000000000E+007, +7.297047E-015
