# Channel 1
+1.00000000000000E+003, +1.808301E-007
+1.34987500000000E+004, +4.203954E-008
+2.59975000000000E+004, +2.784370E-009
+3.84962500000000E+004, +8.106086E-009
+5.09950000000000E+004, +1.752097E-010
+6.34937500000000E+004, +1.344399E-010
+7.59925000000000E+004, +1.841378E-010
+8.84912500000000E+004, +1.860321E-011
+1.00990000000000E+005, +2.414842E-011
+1.13488750000000E+005, +2.181107E-011
+1.25987500000000E+005, +1.619569E-010
+1.38486250000000E+005, +5.617236E-010
+1.50985000000000E+005, +2.147229E-011
+1.63483750000000E+005, +7.248174E-012
+1.75982500000000E+005, +9.170715E-012
+1.88481250000000E+005, +1.289483E-011
+2.00980000000000E+005, +1.334768E-011
+2.13478750000000E+005, +1.637089E-011
+2.25977500000000E+005, +1.566083E-011
+2.38476250000000E+005, +1.881967E-010
+2.50975000000000E+005, +9.085271E-012
+2.63473750000000E+005, +1.804248E-011
+2.75972500000000E+005, +2.914304E-011
+2.88471250000000E+005, +3.947467E-011
+3.00970000000000E+005, +1.092053E-011
+3.13468750000000E+005, +7.992851E-012
+3.25967500000000E+005, +7.485739E-012
+3.38466250000000E+005, +2.671951E-011
+3.50965000000000E+005, +8.585835E-012
+3.63463750000000E+005, +5.975704E-012
+3.75962500000000E+005, +1.265096E-011
+3.88461250000000E+005, +7.464885E-012
+4.00960000000000E+005, +2.110688E-011
+4.13458750000000E+005, +1.656049E-011
+4.25957500000000E+005, +8.135299E-012
+4.38456250000000E+005, +7.464903E-012
+4.50955000000000E+005, +5.637335E-012
+4.63453750000000E+005, +6.036023E-012
+4.75952500000000E+005, +2.258756E-011
+4.88451250000000E+005, +6.111544E-012
+5.00950000000000E+005, +6.397713E-012
+5.13448750000000E+005, +6.442526E-012
+5.25947500000000E+005, +6.580698E-012
+5.38446250000000E+005, +1.288666E-011
+5.50945000000000E+005, +9.944346E-012
+5.63443750000000E+005, +1.601138E-011
+5.75942500000000E+005, +1.611036E-011
+5.88441250000000E+005, +5.489603E-012
+6.00940000000000E+005, +6.000462E-012
+6.13438750000000E+005, +6.633859E-012
+6.25937500000000E+005, +6.364040E-012
+6.38436250000000E+005, +5.914407E-012
+6.50935000000000E+005, +5.787532E-012
+6.63433750000000E+005, +6.480171E-012
+6.75932500000000E+005, +7.294072E-012
+6.88431250000000E+005, +6.276520E-012
+7.00930000000000E+005, +5.293451E-012
+7.13428750000000E+005, +5.146921E-012
+7.25927500000000E+005, +5.785931E-012
+7.38426250000000E+005, +4.676254E-012
+7.50925000000000E+005, +5.474017E-012
+7.63423750000000E+005, +8.176922E-012
+7.75922500000000E+005, +4.439729E-012
+7.88421250000000E+005, +4.970205E-012
+8.00920000000000E+005, +6.593813E-012
+8.13418750000000E+005, +5.470348E-012
+8.25917500000000E+005, +3.803319E-012
+8.38416250000000E+005, +4.073344E-012
+8.50915000000000E+005, +4.729931E-012
+8.63413750000000E+005, +6.713363E-012
+8.75912500000000E+005, +5.666719E-012
+8.88411250000000E+005, +5.292151E-012
+9.00910000000000E+005, +4.926625E-012
+9.13408750000000E+005, +4.193311E-012
+9.25907500000000E+005, +4.549374E-012
+9.38406250000000E+005, +3.486929E-012
+9.50905000000000E+005, +4.357213E-012
+9.63403750000000E+005, +7.349881E-012
+9.75902500000000E+005, +4.134646E-012
+9.88401250000000E+005, +4.199057E-012
+1.00090000000000E+006, +4.204230E-012
+1.01339875000000E+006, +4.228872E-012
+1.02589750000000E+006, +5.597777E-012
+1.03839625000000E+006, +6.436839E-012
+1.05089500000000E+006, +1.010658E-011
+1.06339375000000E+006, +8.579923E-012
+1.07589250000000E+006, +4.860931E-012
+1.08839125000000E+006, +4.067046E-012
+1.10089000000000E+006, +4.571256E-012
+1.11338875000000E+006, +4.341612E-012
+1.12588750000000E+006, +4.019417E-012
+1.13838625000000E+006, +4.056879E-012
+1.15088500000000E+006, +7.395315E-012
+1.16338375000000E+006, +4.385595E-012
+1.17588250000000E+006, +3.653732E-012
+1.18838125000000E+006, +3.456747E-012
+1.20088000000000E+006, +4.264150E-012
+1.21337875000000E+006, +3.811487E-012
+1.22587750000000E+006, +4.330557E-012
+1.23837625000000E+006, +3.141357E-012
+1.25087500000000E+006, +4.665804E-012
+1.26337375000000E+006, +3.816852E-012
+1.27587250000000E+006, +3.549166E-012
+1.28837125000000E+006, +3.407456E-012
+1.30087000000000E+006, +3.698152E-012
+1.31336875000000E+006, +2.430051E-012
+1.32586750000000E+006, +3.418749E-012
+1.33836625000000E+006, +3.346163E-012
+1.35086500000000E+006, +3.086876E-012
+1.36336375000000E+006, +3.965556E-012
+1.37586250000000E+006, +3.287298E-012
+1.38836125000000E+006, +3.441348E-012
+1.40086000000000E+006, +2.632852E-012
+1.41335875000000E+006, +3.013023E-012
+1.42585750000000E+006, +3.242010E-012
+1.43835625000000E+006, +3.101357E-012
+1.45085500000000E+006, +3.618095E-012
+1.46335375000000E+006, +2.809076E-012
+1.47585250000000E+006, +2.770765E-012
+1.48835125000000E+006, +3.120732E-012
+1.50085000000000E+006, +2.934423E-012
+1.51334875000000E+006, +3.210655E-012
+1.52584750000000E+006, +2.444148E-012
+1.53834625000000E+006, +3.166150E-012
+1.55084500000000E+006, +3.428553E-012
+1.56334375000000E+006, +3.080374E-012
+1.57584250000000E+006, +2.797250E-012
+1.58834125000000E+006, +2.527014E-012
+1.60084000000000E+006, +1.988548E-012
+1.61333875000000E+006, +2.557763E-012
+1.62583750000000E+006, +2.510496E-012
+1.63833625000000E+006, +2.739723E-012
+1.65083500000000E+006, +2.178156E-012
+1.66333375000000E+006, +2.298544E-012
+1.67583250000000E+006, +2.328207E-012
+1.68833125000000E+006, +2.934484E-012
+1.70083000000000E+006, +2.878420E-012
+1.71332875000000E+006, +2.472035E-012
+1.72582750000000E+006, +2.410961E-012
+1.73832625000000E+006, +2.464212E-012
+1.75082500000000E+006, +2.057226E-012
+1.76332375000000E+006, +2.526097E-012
+1.77582250000000E+006, +2.254083E-012
+1.78832125000000E+006, +2.295072E-012
+1.80082000000000E+006, +2.005700E-012
+1.81331875000000E+006, +2.203418E-012
+1.82581750000000E+006, +2.796456E-012
+1.83831625000000E+006, +2.304031E-012
+1.85081500000000E+006, +2.104737E-012
+1.86331375000000E+006, +2.016788E-012
+1.87581250000000E+006, +1.929966E-012
+1.88831125000000E+006, +2.138547E-012
+1.90081000000000E+006, +1.624453E-012
+1.91330875000000E+006, +1.961744E-012
+1.92580750000000E+006, +2.064947E-012
+1.93830625000000E+006, +1.906691E-012
+1.95080500000000E+006, +1.506315E-012
+1.96330375000000E+006, +2.287112E-012
+1.97580250000000E+006, +2.008090E-012
+1.98830125000000E+006, +2.317124E-012
+2.00080000000000E+006, +1.920775E-012
+2.01329875000000E+006, +1.854812E-012
+2.02579750000000E+006, +2.138841E-012
+2.03829625000000E+006, +1.599041E-012
+2.05079500000000E+006, +1.607393E-012
+2.06329375000000E+006, +1.556147E-012
+2.07579250000000E+006, +1.491674E-012
+2.08829125000000E+006, +1.303884E-012
+2.10079000000000E+006, +1.901285E-012
+2.11328875000000E+006, +1.520846E-012
+2.12578750000000E+006, +1.795953E-012
+2.13828625000000E+006, +1.480869E-012
+2.15078500000000E+006, +1.291659E-012
+2.16328375000000E+006, +1.859535E-012
+2.17578250000000E+006, +1.938745E-012
+2.18828125000000E+006, +1.465059E-012
+2.20078000000000E+006, +1.541915E-012
+2.21327875000000E+006, +1.591279E-012
+2.22577750000000E+006, +1.267239E-012
+2.23827625000000E+006, +1.456198E-012
+2.25077500000000E+006, +1.675818E-012
+2.26327375000000E+006, +1.164774E-012
+2.27577250000000E+006, +1.169801E-012
+2.28827125000000E+006, +1.442024E-012
+2.30077000000000E+006, +1.608790E-012
+2.31326875000000E+006, +1.409397E-012
+2.32576750000000E+006, +1.186022E-012
+2.33826625000000E+006, +1.196228E-012
+2.35076500000000E+006, +1.604014E-012
+2.36326375000000E+006, +1.023394E-012
+2.37576250000000E+006, +1.354416E-012
+2.38826125000000E+006, +1.201885E-012
+2.40076000000000E+006, +1.158137E-012
+2.41325875000000E+006, +1.244460E-012
+2.42575750000000E+006, +1.291043E-012
+2.43825625000000E+006, +9.777541E-013
+2.45075500000000E+006, +1.072818E-012
+2.46325375000000E+006, +1.250389E-012
+2.47575250000000E+006, +1.167835E-012
+2.48825125000000E+006, +9.852397E-013
+2.50075000000000E+006, +8.920838E-013
+2.51324875000000E+006, +1.059106E-012
+2.52574750000000E+006, +1.346146E-012
+2.53824625000000E+006, +8.999262E-013
+2.55074500000000E+006, +1.104204E-012
+2.56324375000000E+006, +1.032394E-012
+2.57574250000000E+006, +1.119371E-012
+2.58824125000000E+006, +1.027000E-012
+2.60074000000000E+006, +9.325716E-013
+2.61323875000000E+006, +8.460392E-013
+2.62573750000000E+006, +9.096396E-013
+2.63823625000000E+006, +9.315161E-013
+2.65073500000000E+006, +7.705558E-013
+2.66323375000000E+006, +7.082820E-013
+2.67573250000000E+006, +9.161993E-013
+2.68823125000000E+006, +8.733183E-013
+2.70073000000000E+006, +6.959640E-013
+2.71322875000000E+006, +6.723480E-013
+2.72572750000000E+006, +9.989246E-013
+2.73822625000000E+006, +8.653631E-013
+2.75072500000000E+006, +8.755982E-013
+2.76322375000000E+006, +8.438120E-013
+2.77572250000000E+006, +7.860928E-013
+2.78822125000000E+006, +8.911336E-013
+2.80072000000000E+006, +7.303579E-013
+2.81321875000000E+006, +7.581952E-013
+2.82571750000000E+006, +7.777809E-013
+2.83821625000000E+006, +8.399153E-013
+2.85071500000000E+006, +6.488785E-013
+2.86321375000000E+006, +9.431436E-013
+2.87571250000000E+006, +8.147337E-013
+2.88821125000000E+006, +7.543091E-013
+2.90071000000000E+006, +8.745045E-013
+2.91320875000000E+006, +9.696680E-013
+2.92570750000000E+006, +8.488000E-013
+2.93820625000000E+006, +7.268477E-013
+2.95070500000000E+006, +5.930584E-013
+2.96320375000000E+006, +7.974270E-013
+2.97570250000000E+006, +5.878842E-013
+2.98820125000000E+006, +7.320339E-013
+3.00070000000000E+006, +6.364635E-013
+3.01319875000000E+006, +5.644875E-013
+3.02569750000000E+006, +6.086116E-013
+3.03819625000000E+006, +7.053678E-013
+3.05069500000000E+006, +5.855450E-013
+3.06319375000000E+006, +4.954879E-013
+3.07569250000000E+006, +5.905025E-013
+3.08819125000000E+006, +6.906212E-013
+3.10069000000000E+006, +7.532943E-013
+3.11318875000000E+006, +4.535068E-013
+3.12568750000000E+006, +5.786972E-013
+3.13818625000000E+006, +5.519698E-013
+3.15068500000000E+006, +5.700961E-013
+3.16318375000000E+006, +5.736523E-013
+3.17568250000000E+006, +6.114639E-013
+3.18818125000000E+006, +4.985571E-013
+3.20068000000000E+006, +5.529968E-013
+3.21317875000000E+006, +4.634236E-013
+3.22567750000000E+006, +4.714807E-013
+3.23817625000000E+006, +6.183966E-013
+3.25067500000000E+006, +4.731817E-013
+3.26317375000000E+006, +4.204856E-013
+3.27567250000000E+006, +3.852024E-013
+3.28817125000000E+006, +4.698509E-013
+3.30067000000000E+006, +4.666861E-013
+3.31316875000000E+006, +4.443108E-013
+3.32566750000000E+006, +4.131817E-013
+3.33816625000000E+006, +5.039613E-013
+3.35066500000000E+006, +4.965291E-013
+3.36316375000000E+006, +4.651519E-013
+3.37566250000000E+006, +5.051310E-013
+3.38816125000000E+006, +4.486478E-013
+3.40066000000000E+006, +4.538676E-013
+3.41315875000000E+006, +4.428511E-013
+3.42565750000000E+006, +4.289302E-013
+3.43815625000000E+006, +4.369627E-013
+3.45065500000000E+006, +4.158707E-013
+3.46315375000000E+006, +4.354108E-013
+3.47565250000000E+006, +3.724050E-013
+3.48815125000000E+006, +4.470881E-013
+3.50065000000000E+006, +3.863194E-013
+3.51314875000000E+006, +3.838783E-013
+3.52564750000000E+006, +3.611130E-013
+3.53814625000000E+006, +4.405823E-013
+3.55064500000000E+006, +3.587146E-013
+3.56314375000000E+006, +4.353036E-013
+3.57564250000000E+006, +2.923648E-013
+3.58814125000000E+006, +3.268755E-013
+3.60064000000000E+006, +4.550030E-013
+3.61313875000000E+006, +4.083591E-013
+3.62563750000000E+006, +3.655111E-012
+3.63813625000000E+006, +1.000570E-010
+3.65063500000000E+006, +4.156790E-012
+3.66313375000000E+006, +5.112367E-013
+3.67563250000000E+006, +4.617582E-013
+3.68813125000000E+006, +3.476288E-013
+3.70063000000000E+006, +2.876562E-013
+3.71312875000000E+006, +9.212245E-013
+3.72562750000000E+006, +3.196179E-013
+3.73812625000000E+006, +3.848985E-013
+3.75062500000000E+006, +3.064849E-013
+3.76312375000000E+006, +2.676261E-013
+3.77562250000000E+006, +3.109349E-013
+3.78812125000000E+006, +3.162964E-013
+3.80062000000000E+006, +2.736562E-013
+3.81311875000000E+006, +3.673329E-013
+3.82561750000000E+006, +2.758787E-013
+3.83811625000000E+006, +2.687691E-013
+3.85061500000000E+006, +2.870735E-013
+3.86311375000000E+006, +2.868423E-013
+3.87561250000000E+006, +2.476285E-013
+3.88811125000000E+006, +2.949445E-013
+3.90061000000000E+006, +2.942006E-013
+3.91310875000000E+006, +2.875845E-013
+3.92560750000000E+006, +2.675482E-013
+3.93810625000000E+006, +2.745877E-013
+3.95060500000000E+006, +2.688949E-013
+3.96310375000000E+006, +3.196613E-013
+3.97560250000000E+006, +2.093587E-013
+3.98810125000000E+006, +2.759413E-013
+4.00060000000000E+006, +2.869381E-013
+4.01309875000000E+006, +2.552658E-013
+4.02559750000000E+006, +2.193495E-013
+4.03809625000000E+006, +2.597527E-013
+4.05059500000000E+006, +2.617899E-013
+4.06309375000000E+006, +2.296281E-013
+4.07559250000000E+006, +2.565764E-013
+4.08809125000000E+006, +2.451265E-013
+4.10059000000000E+006, +2.136236E-013
+4.11308875000000E+006, +2.628323E-013
+4.12558750000000E+006, +1.871820E-013
+4.13808625000000E+006, +1.929573E-013
+4.15058500000000E+006, +2.138986E-013
+4.16308375000000E+006, +1.808160E-013
+4.17558250000000E+006, +1.934661E-013
+4.18808125000000E+006, +2.622711E-013
+4.20058000000000E+006, +1.825607E-013
+4.21307875000000E+006, +2.223250E-013
+4.22557750000000E+006, +2.291975E-013
+4.23807625000000E+006, +1.908316E-013
+4.25057500000000E+006, +2.068221E-013
+4.26307375000000E+006, +2.173873E-013
+4.27557250000000E+006, +1.886585E-013
+4.28807125000000E+006, +2.339618E-013
+4.30057000000000E+006, +1.812001E-013
+4.31306875000000E+006, +1.760489E-013
+4.32556750000000E+006, +2.092690E-013
+4.33806625000000E+006, +1.853696E-013
+4.35056500000000E+006, +2.026063E-013
+4.36306375000000E+006, +1.693041E-013
+4.37556250000000E+006, +1.695277E-013
+4.38806125000000E+006, +1.437304E-013
+4.40056000000000E+006, +1.704878E-013
+4.41305875000000E+006, +1.528562E-013
+4.42555750000000E+006, +1.720781E-013
+4.43805625000000E+006, +1.908732E-013
+4.45055500000000E+006, +1.948709E-013
+4.46305375000000E+006, +1.442965E-013
+4.47555250000000E+006, +1.501416E-013
+4.48805125000000E+006, +1.602797E-013
+4.50055000000000E+006, +1.678802E-013
+4.51304875000000E+006, +1.864501E-013
+4.52554750000000E+006, +1.654279E-013
+4.53804625000000E+006, +1.794233E-013
+4.55054500000000E+006, +2.053191E-013
+4.56304375000000E+006, +2.056498E-013
+4.57554250000000E+006, +1.390272E-013
+4.58804125000000E+006, +1.764645E-013
+4.60054000000000E+006, +1.732113E-013
+4.61303875000000E+006, +1.371771E-013
+4.62553750000000E+006, +1.460939E-013
+4.63803625000000E+006, +1.649320E-013
+4.65053500000000E+006, +1.238092E-013
+4.66303375000000E+006, +1.474301E-013
+4.67553250000000E+006, +1.538947E-013
+4.68803125000000E+006, +1.589703E-013
+4.70053000000000E+006, +1.240228E-013
+4.71302875000000E+006, +1.410882E-013
+4.72552750000000E+006, +1.308443E-013
+4.73802625000000E+006, +1.552238E-013
+4.75052500000000E+006, +1.265061E-013
+4.76302375000000E+006, +1.144530E-013
+4.77552250000000E+006, +1.412133E-013
+4.78802125000000E+006, +1.655622E-013
+4.80052000000000E+006, +1.627828E-013
+4.81301875000000E+006, +1.470103E-013
+4.82551750000000E+006, +1.530049E-013
+4.83801625000000E+006, +1.189573E-013
+4.85051500000000E+006, +1.472506E-013
+4.86301375000000E+006, +1.521642E-013
+4.87551250000000E+006, +1.474690E-013
+4.88801125000000E+006, +1.216295E-013
+4.90051000000000E+006, +1.335562E-013
+4.91300875000000E+006, +1.552007E-013
+4.92550750000000E+006, +1.065243E-013
+4.93800625000000E+006, +1.643230E-013
+4.95050500000000E+006, +1.390937E-013
+4.96300375000000E+006, +1.585000E-013
+4.97550250000000E+006, +1.399989E-013
+4.98800125000000E+006, +1.293812E-013
+5.00050000000000E+006, +1.207824E-013
+5.01299875000000E+006, +1.231177E-013
+5.02549750000000E+006, +1.285856E-013
+5.03799625000000E+006, +1.424683E-013
+5.05049500000000E+006, +1.270300E-013
+5.06299375000000E+006, +8.739621E-014
+5.07549250000000E+006, +1.162396E-013
+5.08799125000000E+006, +1.016808E-013
+5.10049000000000E+006, +1.099795E-013
+5.11298875000000E+006, +1.062258E-013
+5.12548750000000E+006, +1.293514E-013
+5.13798625000000E+006, +1.389345E-013
+5.15048500000000E+006, +1.081993E-013
+5.16298375000000E+006, +9.917146E-014
+5.17548250000000E+006, +1.232532E-013
+5.18798125000000E+006, +1.068223E-013
+5.20048000000000E+006, +1.034924E-013
+5.21297875000000E+006, +1.216464E-013
+5.22547750000000E+006, +1.141108E-013
+5.23797625000000E+006, +1.035437E-013
+5.25047500000000E+006, +1.101473E-013
+5.26297375000000E+006, +1.263392E-013
+5.27547250000000E+006, +9.052655E-014
+5.28797125000000E+006, +1.113462E-013
+5.30047000000000E+006, +1.195644E-013
+5.31296875000000E+006, +1.207186E-013
+5.32546750000000E+006, +1.166459E-013
+5.33796625000000E+006, +1.176927E-013
+5.35046500000000E+006, +1.161668E-013
+5.36296375000000E+006, +1.142976E-013
+5.37546250000000E+006, +1.054962E-013
+5.38796125000000E+006, +9.720492E-014
+5.40046000000000E+006, +8.757930E-014
+5.41295875000000E+006, +8.828849E-014
+5.42545750000000E+006, +7.808237E-014
+5.43795625000000E+006, +8.650733E-014
+5.45045500000000E+006, +9.491607E-014
+5.46295375000000E+006, +9.026630E-014
+5.47545250000000E+006, +1.012493E-013
+5.48795125000000E+006, +8.690486E-014
+5.50045000000000E+006, +7.143074E-014
+5.51294875000000E+006, +8.045849E-014
+5.52544750000000E+006, +8.272111E-014
+5.53794625000000E+006, +8.442590E-014
+5.55044500000000E+006, +1.027262E-013
+5.56294375000000E+006, +7.883465E-014
+5.57544250000000E+006, +7.264061E-014
+5.58794125000000E+006, +8.738654E-014
+5.60044000000000E+006, +9.061865E-014
+5.61293875000000E+006, +8.331786E-014
+5.62543750000000E+006, +8.668045E-014
+5.63793625000000E+006, +8.108789E-014
+5.65043500000000E+006, +9.330559E-014
+5.66293375000000E+006, +9.895986E-014
+5.67543250000000E+006, +8.492808E-014
+5.68793125000000E+006, +6.593918E-014
+5.70043000000000E+006, +7.507824E-014
+5.71292875000000E+006, +7.415147E-014
+5.72542750000000E+006, +9.910126E-014
+5.73792625000000E+006, +8.914087E-014
+5.75042500000000E+006, +9.662834E-014
+5.76292375000000E+006, +9.294351E-014
+5.77542250000000E+006, +7.136583E-014
+5.78792125000000E+006, +6.621307E-014
+5.80042000000000E+006, +6.693653E-014
+5.81291875000000E+006, +8.979837E-014
+5.82541750000000E+006, +6.950938E-014
+5.83791625000000E+006, +7.462854E-014
+5.85041500000000E+006, +8.141697E-014
+5.86291375000000E+006, +7.569412E-014
+5.87541250000000E+006, +7.687529E-014
+5.88791125000000E+006, +8.248922E-014
+5.90041000000000E+006, +6.537636E-014
+5.91290875000000E+006, +6.897849E-014
+5.92540750000000E+006, +7.004426E-014
+5.93790625000000E+006, +8.064288E-014
+5.95040500000000E+006, +6.758102E-014
+5.96290375000000E+006, +6.344587E-014
+5.97540250000000E+006, +9.858608E-014
+5.98790125000000E+006, +7.261897E-014
+6.00040000000000E+006, +1.314097E-013
+6.01289875000000E+006, +7.000873E-011
+6.02539750000000E+006, +2.810889E-013
+6.03789625000000E+006, +1.076125E-013
+6.05039500000000E+006, +7.876515E-014
+6.06289375000000E+006, +8.319718E-014
+6.07539250000000E+006, +6.665682E-014
+6.08789125000000E+006, +6.128216E-014
+6.10039000000000E+006, +5.782416E-014
+6.11288875000000E+006, +5.865551E-014
+6.12538750000000E+006, +6.939672E-014
+6.13788625000000E+006, +6.287023E-014
+6.15038500000000E+006, +6.187532E-014
+6.16288375000000E+006, +7.997855E-014
+6.17538250000000E+006, +5.839902E-014
+6.18788125000000E+006, +5.725665E-014
+6.20038000000000E+006, +4.956199E-014
+6.21287875000000E+006, +5.074596E-014
+6.22537750000000E+006, +5.314417E-014
+6.23787625000000E+006, +5.427701E-014
+6.25037500000000E+006, +5.100436E-014
+6.26287375000000E+006, +5.505311E-014
+6.27537250000000E+006, +6.015899E-014
+6.28787125000000E+006, +6.471455E-014
+6.30037000000000E+006, +5.963812E-014
+6.31286875000000E+006, +5.952110E-014
+6.32536750000000E+006, +8.457967E-014
+6.33786625000000E+006, +7.091851E-014
+6.35036500000000E+006, +6.139434E-014
+6.36286375000000E+006, +5.917550E-014
+6.37536250000000E+006, +6.186285E-014
+6.38786125000000E+006, +6.306292E-014
+6.40036000000000E+006, +6.488108E-014
+6.41285875000000E+006, +4.979106E-014
+6.42535750000000E+006, +4.338808E-014
+6.43785625000000E+006, +6.477271E-014
+6.45035500000000E+006, +6.700043E-014
+6.46285375000000E+006, +6.305911E-014
+6.47535250000000E+006, +6.308167E-014
+6.48785125000000E+006, +5.468596E-014
+6.50035000000000E+006, +5.532561E-014
+6.51284875000000E+006, +4.063395E-014
+6.52534750000000E+006, +6.361745E-014
+6.53784625000000E+006, +6.081999E-014
+6.55034500000000E+006, +5.838473E-014
+6.56284375000000E+006, +5.857826E-014
+6.57534250000000E+006, +5.681930E-014
+6.58784125000000E+006, +6.038286E-014
+6.60034000000000E+006, +6.536548E-014
+6.61283875000000E+006, +5.608113E-014
+6.62533750000000E+006, +5.659464E-014
+6.63783625000000E+006, +4.731539E-014
+6.65033500000000E+006, +4.946555E-014
+6.66283375000000E+006, +6.455180E-014
+6.67533250000000E+006, +5.002209E-014
+6.68783125000000E+006, +6.127462E-014
+6.70033000000000E+006, +5.331823E-014
+6.71282875000000E+006, +5.911013E-014
+6.72532750000000E+006, +5.659561E-014
+6.73782625000000E+006, +5.519343E-014
+6.75032500000000E+006, +5.572230E-014
+6.76282375000000E+006, +6.646062E-014
+6.77532250000000E+006, +6.289181E-014
+6.78782125000000E+006, +4.672201E-014
+6.80032000000000E+006, +5.312139E-014
+6.81281875000000E+006, +5.316495E-014
+6.82531750000000E+006, +6.449486E-014
+6.83781625000000E+006, +4.906211E-014
+6.85031500000000E+006, +4.578995E-014
+6.86281375000000E+006, +6.041777E-014
+6.87531250000000E+006, +5.929584E-014
+6.88781125000000E+006, +7.401822E-014
+6.90031000000000E+006, +7.136054E-014
+6.91280875000000E+006, +5.818749E-014
+6.92530750000000E+006, +6.067746E-014
+6.93780625000000E+006, +6.087295E-014
+6.95030500000000E+006, +5.333986E-014
+6.96280375000000E+006, +5.218048E-014
+6.97530250000000E+006, +6.486145E-014
+6.98780125000000E+006, +5.350724E-014
+7.00030000000000E+006, +6.211403E-014
+7.01279875000000E+006, +6.353977E-014
+7.02529750000000E+006, +7.597815E-014
+7.03779625000000E+006, +6.543601E-014
+7.05029500000000E+006, +5.580740E-014
+7.06279375000000E+006, +6.447699E-014
+7.07529250000000E+006, +6.367652E-014
+7.08779125000000E+006, +5.560975E-014
+7.10029000000000E+006, +5.167890E-014
+7.11278875000000E+006, +5.482284E-014
+7.12528750000000E+006, +5.007319E-014
+7.13778625000000E+006, +4.938880E-014
+7.15028500000000E+006, +5.967642E-014
+7.16278375000000E+006, +5.040529E-014
+7.17528250000000E+006, +4.496375E-014
+7.18778125000000E+006, +4.866813E-014
+7.20028000000000E+006, +5.376755E-014
+7.21277875000000E+006, +4.517066E-014
+7.22527750000000E+006, +6.339067E-014
+7.23777625000000E+006, +4.913344E-014
+7.25027500000000E+006, +5.887164E-014
+7.26277375000000E+006, +6.128481E-014
+7.27527250000000E+006, +5.593187E-014
+7.28777125000000E+006, +5.587051E-014
+7.30027000000000E+006, +5.804270E-014
+7.31276875000000E+006, +5.483527E-014
+7.32526750000000E+006, +5.365843E-014
+7.33776625000000E+006, +5.216158E-014
+7.35026500000000E+006, +1.707994E-013
+7.36276375000000E+006, +1.560381E-013
+7.37526250000000E+006, +4.436461E-014
+7.38776125000000E+006, +5.098630E-014
+7.40026000000000E+006, +5.015116E-014
+7.41275875000000E+006, +3.744794E-014
+7.42525750000000E+006, +6.682626E-014
+7.43775625000000E+006, +5.361818E-014
+7.45025500000000E+006, +5.283915E-014
+7.46275375000000E+006, +7.072438E-014
+7.47525250000000E+006, +4.832119E-014
+7.48775125000000E+006, +5.019381E-014
+7.50025000000000E+006, +5.357805E-014
+7.51274875000000E+006, +5.819106E-014
+7.52524750000000E+006, +4.821768E-014
+7.53774625000000E+006, +4.628495E-014
+7.55024500000000E+006, +4.498567E-014
+7.56274375000000E+006, +3.977571E-014
+7.57524250000000E+006, +5.086109E-014
+7.58774125000000E+006, +5.128914E-014
+7.60024000000000E+006, +4.909761E-014
+7.61273875000000E+006, +4.871538E-014
+7.62523750000000E+006, +5.467682E-014
+7.63773625000000E+006, +6.817486E-014
+7.65023500000000E+006, +4.494592E-014
+7.66273375000000E+006, +4.894214E-014
+7.67523250000000E+006, +5.165755E-014
+7.68773125000000E+006, +4.977596E-014
+7.70023000000000E+006, +5.609121E-014
+7.71272875000000E+006, +4.722238E-014
+7.72522750000000E+006, +4.760557E-014
+7.73772625000000E+006, +4.888789E-014
+7.75022500000000E+006, +4.884080E-014
+7.76272375000000E+006, +4.110186E-014
+7.77522250000000E+006, +4.875332E-014
+7.78772125000000E+006, +6.188894E-014
+7.80022000000000E+006, +5.132403E-014
+7.81271875000000E+006, +4.855022E-014
+7.82521750000000E+006, +4.855167E-014
+7.83771625000000E+006, +4.742653E-014
+7.85021500000000E+006, +4.981268E-014
+7.86271375000000E+006, +6.429561E-014
+7.87521250000000E+006, +5.455567E-014
+7.88771125000000E+006, +4.653867E-014
+7.90021000000000E+006, +4.123716E-014
+7.91270875000000E+006, +4.178126E-014
+7.92520750000000E+006, +4.855039E-014
+7.93770625000000E+006, +5.412773E-014
+7.95020500000000E+006, +5.001653E-014
+7.96270375000000E+006, +4.676934E-014
+7.97520250000000E+006, +4.685010E-014
+7.98770125000000E+006, +4.190699E-014
+8.00020000000000E+006, +5.118663E-014
+8.01269875000000E+006, +5.041330E-014
+8.02519750000000E+006, +4.097280E-014
+8.03769625000000E+006, +5.231213E-014
+8.05019500000000E+006, +5.247470E-014
+8.06269375000000E+006, +4.556698E-014
+8.07519250000000E+006, +5.104627E-014
+8.08769125000000E+006, +4.588414E-014
+8.10019000000000E+006, +5.089561E-014
+8.11268875000000E+006, +5.593653E-014
+8.12518750000000E+006, +5.586620E-014
+8.13768625000000E+006, +4.328523E-014
+8.15018500000000E+006, +5.167358E-014
+8.16268375000000E+006, +5.911485E-014
+8.17518250000000E+006, +4.570687E-014
+8.18768125000000E+006, +4.241185E-014
+8.20018000000000E+006, +5.172291E-014
+8.21267875000000E+006, +3.871239E-014
+8.22517750000000E+006, +4.257517E-014
+8.23767625000000E+006, +4.304592E-014
+8.25017500000000E+006, +4.944098E-014
+8.26267375000000E+006, +4.794437E-014
+8.27517250000000E+006, +4.826106E-014
+8.28767125000000E+006, +5.169058E-014
+8.30017000000000E+006, +5.286344E-014
+8.31266875000000E+006, +6.164538E-014
+8.32516750000000E+006, +5.789434E-014
+8.33766625000000E+006, +5.968315E-014
+8.35016500000000E+006, +5.179785E-014
+8.36266375000000E+006, +3.634951E-014
+8.37516250000000E+006, +5.089340E-014
+8.38766125000000E+006, +5.047192E-014
+8.40016000000000E+006, +4.621355E-014
+8.41265875000000E+006, +5.642307E-014
+8.42515750000000E+006, +5.599896E-014
+8.43765625000000E+006, +5.029020E-014
+8.45015500000000E+006, +5.996146E-014
+8.46265375000000E+006, +4.872379E-014
+8.47515250000000E+006, +4.381480E-014
+8.48765125000000E+006, +4.510674E-014
+8.50015000000000E+006, +4.313478E-014
+8.51264875000000E+006, +4.567168E-014
+8.52514750000000E+006, +4.251899E-014
+8.53764625000000E+006, +5.650628E-014
+8.55014500000000E+006, +4.038885E-014
+8.56264375000000E+006, +4.853751E-014
+8.57514250000000E+006, +5.125168E-014
+8.58764125000000E+006, +4.428140E-014
+8.60014000000000E+006, +4.771796E-014
+8.61263875000000E+006, +3.665814E-014
+8.62513750000000E+006, +4.709662E-014
+8.63763625000000E+006, +4.936376E-014
+8.65013500000000E+006, +4.644866E-014
+8.66263375000000E+006, +3.833886E-014
+8.67513250000000E+006, +5.755186E-014
+8.68763125000000E+006, +5.437421E-014
+8.70013000000000E+006, +6.829647E-014
+8.71262875000000E+006, +3.806346E-014
+8.72512750000000E+006, +3.789728E-014
+8.73762625000000E+006, +4.610301E-014
+8.75012500000000E+006, +5.109550E-014
+8.76262375000000E+006, +4.723484E-014
+8.77512250000000E+006, +4.563875E-014
+8.78762125000000E+006, +4.628833E-014
+8.80012000000000E+006, +4.013653E-014
+8.81261875000000E+006, +4.812801E-014
+8.82511750000000E+006, +4.943552E-014
+8.83761625000000E+006, +4.078650E-014
+8.85011500000000E+006, +4.974983E-014
+8.86261375000000E+006, +4.713019E-014
+8.87511250000000E+006, +4.280348E-014
+8.88761125000000E+006, +4.781345E-014
+8.90011000000000E+006, +4.253575E-014
+8.91260875000000E+006, +4.613329E-014
+8.92510750000000E+006, +3.548698E-014
+8.93760625000000E+006, +5.454078E-014
+8.95010500000000E+006, +4.530620E-014
+8.96260375000000E+006, +4.913207E-014
+8.97510250000000E+006, +5.458111E-014
+8.98760125000000E+006, +5.315919E-014
+9.00010000000000E+006, +4.995717E-014
+9.01259875000000E+006, +4.831020E-014
+9.02509750000000E+006, +4.908786E-014
+9.03759625000000E+006, +4.176529E-014
+9.05009500000000E+006, +3.815242E-014
+9.06259375000000E+006, +4.598348E-014
+9.07509250000000E+006, +4.384729E-014
+9.08759125000000E+006, +5.172718E-014
+9.10009000000000E+006, +4.435521E-014
+9.11258875000000E+006, +4.177724E-014
+9.12508750000000E+006, +5.493361E-014
+9.13758625000000E+006, +4.492311E-014
+9.15008500000000E+006, +4.454275E-014
+9.16258375000000E+006, +3.990880E-014
+9.17508250000000E+006, +5.166044E-014
+9.18758125000000E+006, +6.207339E-014
+9.20008000000000E+006, +4.364579E-014
+9.21257875000000E+006, +4.994267E-014
+9.22507750000000E+006, +5.294525E-014
+9.23757625000000E+006, +5.639302E-014
+9.25007500000000E+006, +4.265377E-014
+9.26257375000000E+006, +4.347158E-014
+9.27507250000000E+006, +4.069763E-014
+9.28757125000000E+006, +3.575012E-014
+9.30007000000000E+006, +4.588611E-014
+9.31256875000000E+006, +4.063465E-014
+9.32506750000000E+006, +4.748202E-014
+9.33756625000000E+006, +5.427397E-014
+9.35006500000000E+006, +4.624252E-014
+9.36256375000000E+006, +5.740436E-014
+9.37506250000000E+006, +4.544297E-014
+9.38756125000000E+006, +4.766969E-014
+9.40006000000000E+006, +4.425446E-014
+9.41255875000000E+006, +4.651565E-014
+9.42505750000000E+006, +4.363135E-014
+9.43755625000000E+006, +4.125652E-014
+9.45005500000000E+006, +4.760540E-014
+9.46255375000000E+006, +5.472520E-014
+9.47505250000000E+006, +4.025834E-014
+9.48755125000000E+006, +4.707219E-014
+9.50005000000000E+006, +3.924206E-014
+9.51254875000000E+006, +4.762490E-014
+9.52504750000000E+006, +4.533476E-014
+9.53754625000000E+006, +5.116408E-014
+9.55004500000000E+006, +4.085058E-014
+9.56254375000000E+006, +4.362712E-014
+9.57504250000000E+006, +4.810067E-014
+9.58754125000000E+006, +4.565320E-014
+9.60004000000000E+006, +4.892754E-014
+9.61253875000000E+006, +4.195465E-014
+9.62503750000000E+006, +4.422052E-014
+9.63753625000000E+006, +4.713973E-014
+9.65003500000000E+006, +3.939781E-014
+9.66253375000000E+006, +3.878430E-014
+9.67503250000000E+006, +4.597429E-014
+9.68753125000000E+006, +3.896822E-014
+9.70003000000000E+006, +4.484339E-014
+9.71252875000000E+006, +4.231241E-014
+9.72502750000000E+006, +4.933394E-014
+9.73752625000000E+006, +4.032142E-014
+9.75002500000000E+006, +4.938055E-014
+9.76252375000000E+006, +4.965157E-014
+9.77502250000000E+006, +5.587080E-014
+9.78752125000000E+006, +4.360380E-014
+9.80002000000000E+006, +3.896447E-014
+9.81251875000000E+006, +4.544545E-014
+9.82501750000000E+006, +3.788259E-014
+9.83751625000000E+006, +4.790960E-014
+9.85001500000000E+006, +4.649247E-014
+9.86251375000000E+006, +5.184474E-014
+9.87501250000000E+006, +4.024253E-014
+9.88751125000000E+006, +4.861138E-014
+9.90001000000000E+006, +4.069435E-014
+9.91250875000000E+006, +3.845417E-014
+9.92500750000000E+006, +4.312872E-014
+9.93750625000000E+006, +3.724499E-014
+9.95000500000000E+006, +4.181708E-014
+9.96250375000000E+006, +4.698658E-014
+9.97500250000000E+006, +3.953433E-014
+9.98750125000000E+006, +3.732914E-014
+1.00000000000000E+007, +4.224779E-014
