# Channel 1
+1.00000000000000E+003, +6.429795E-009
+1.34987500000000E+004, +8.385440E-014
+2.59975000000000E+004, +5.909537E-014
+3.84962500000000E+004, +4.684996E-014
+5.09950000000000E+004, +5.731582E-014
+6.34937500000000E+004, +5.196601E-014
+7.59925000000000E+004, +5.539596E-014
+8.84912500000000E+004, +5.070712E-014
+1.00990000000000E+005, +5.367424E-014
+1.13488750000000E+005, +5.304053E-014
+1.25987500000000E+005, +5.209791E-014
+1.38486250000000E+005, +4.783634E-014
+1.50985000000000E+005, +4.230025E-014
+1.63483750000000E+005, +4.555839E-014
+1.75982500000000E+005, +6.631827E-014
+1.88481250000000E+005, +4.841983E-014
+2.00980000000000E+005, +5.035082E-014
+2.13478750000000E+005, +4.235698E-014
+2.25977500000000E+005, +5.920178E-014
+2.38476250000000E+005, +4.877738E-014
+2.50975000000000E+005, +5.632490E-014
+2.63473750000000E+005, +6.202907E-014
+2.75972500000000E+005, +5.337903E-014
+2.88471250000000E+005, +5.115756E-014
+3.00970000000000E+005, +6.286972E-014
+3.13468750000000E+005, +5.325133E-014
+3.25967500000000E+005, +4.649374E-014
+3.38466250000000E+005, +4.728281E-014
+3.50965000000000E+005, +5.896522E-014
+3.63463750000000E+005, +5.251389E-014
+3.75962500000000E+005, +3.772761E-014
+3.88461250000000E+005, +4.475976E-014
+4.00960000000000E+005, +4.887636E-014
+4.13458750000000E+005, +6.179610E-014
+4.25957500000000E+005, +6.370901E-014
+4.38456250000000E+005, +4.606784E-014
+4.50955000000000E+005, +6.685136E-014
+4.63453750000000E+005, +5.580638E-014
+4.75952500000000E+005, +3.617590E-014
+4.88451250000000E+005, +4.513435E-014
+5.00950000000000E+005, +7.018740E-014
+5.13448750000000E+005, +5.163856E-014
+5.25947500000000E+005, +5.240285E-014
+5.38446250000000E+005, +5.796423E-014
+5.50945000000000E+005, +5.264908E-014
+5.63443750000000E+005, +4.720668E-014
+5.75942500000000E+005, +4.446185E-014
+5.88441250000000E+005, +4.823833E-014
+6.00940000000000E+005, +6.050556E-014
+6.13438750000000E+005, +6.560957E-014
+6.25937500000000E+005, +5.550845E-014
+6.38436250000000E+005, +4.396273E-014
+6.50935000000000E+005, +5.016606E-014
+6.63433750000000E+005, +5.679996E-014
+6.75932500000000E+005, +7.094619E-014
+6.88431250000000E+005, +6.990810E-014
+7.00930000000000E+005, +4.103612E-014
+7.13428750000000E+005, +5.103059E-014
+7.25927500000000E+005, +6.072593E-014
+7.38426250000000E+005, +5.508450E-014
+7.50925000000000E+005, +6.610913E-014
+7.63423750000000E+005, +4.554365E-014
+7.75922500000000E+005, +5.862665E-014
+7.88421250000000E+005, +4.512706E-014
+8.00920000000000E+005, +5.655682E-014
+8.13418750000000E+005, +6.131073E-014
+8.25917500000000E+005, +5.501899E-014
+8.38416250000000E+005, +5.227176E-014
+8.50915000000000E+005, +3.919910E-014
+8.63413750000000E+005, +8.128153E-014
+8.75912500000000E+005, +4.507965E-014
+8.88411250000000E+005, +4.212087E-014
+9.00910000000000E+005, +6.122702E-014
+9.13408750000000E+005, +5.927326E-014
+9.25907500000000E+005, +5.413233E-014
+9.38406250000000E+005, +6.389291E-014
+9.50905000000000E+005, +4.844692E-014
+9.63403750000000E+005, +3.082433E-014
+9.75902500000000E+005, +5.060464E-014
+9.88401250000000E+005, +5.816087E-014
+1.00090000000000E+006, +4.386842E-014
+1.01339875000000E+006, +5.320773E-014
+1.02589750000000E+006, +5.629244E-014
+1.03839625000000E+006, +4.125023E-014
+1.05089500000000E+006, +4.959094E-014
+1.06339375000000E+006, +4.778939E-014
+1.07589250000000E+006, +4.207993E-014
+1.08839125000000E+006, +4.221389E-014
+1.10089000000000E+006, +3.372593E-014
+1.11338875000000E+006, +5.168098E-014
+1.12588750000000E+006, +5.172017E-014
+1.13838625000000E+006, +5.716402E-014
+1.15088500000000E+006, +4.409541E-014
+1.16338375000000E+006, +5.862789E-014
+1.17588250000000E+006, +4.599560E-014
+1.18838125000000E+006, +5.091439E-014
+1.20088000000000E+006, +4.110740E-014
+1.21337875000000E+006, +5.243227E-014
+1.22587750000000E+006, +5.247159E-014
+1.23837625000000E+006, +4.952020E-014
+1.25087500000000E+006, +4.650426E-014
+1.26337375000000E+006, +4.207257E-014
+1.27587250000000E+006, +4.981460E-014
+1.28837125000000E+006, +5.091703E-014
+1.30087000000000E+006, +5.149809E-014
+1.31336875000000E+006, +6.356606E-014
+1.32586750000000E+006, +6.980901E-014
+1.33836625000000E+006, +3.992160E-014
+1.35086500000000E+006, +4.714489E-014
+1.36336375000000E+006, +4.828689E-014
+1.37586250000000E+006, +5.057482E-014
+1.38836125000000E+006, +5.319483E-014
+1.40086000000000E+006, +4.035644E-014
+1.41335875000000E+006, +8.452986E-014
+1.42585750000000E+006, +5.721883E-014
+1.43835625000000E+006, +4.698654E-014
+1.45085500000000E+006, +3.815690E-014
+1.46335375000000E+006, +5.146134E-014
+1.47585250000000E+006, +5.186095E-014
+1.48835125000000E+006, +5.683785E-014
+1.50085000000000E+006, +5.333777E-014
+1.51334875000000E+006, +4.613677E-014
+1.52584750000000E+006, +4.659436E-014
+1.53834625000000E+006, +6.905114E-014
+1.55084500000000E+006, +5.478702E-014
+1.56334375000000E+006, +3.984575E-014
+1.57584250000000E+006, +4.685113E-014
+1.58834125000000E+006, +6.176709E-014
+1.60084000000000E+006, +6.012493E-014
+1.61333875000000E+006, +4.834840E-014
+1.62583750000000E+006, +5.044465E-014
+1.63833625000000E+006, +5.022409E-014
+1.65083500000000E+006, +6.152496E-014
+1.66333375000000E+006, +4.286555E-014
+1.67583250000000E+006, +5.132477E-014
+1.68833125000000E+006, +3.980601E-014
+1.70083000000000E+006, +5.397815E-014
+1.71332875000000E+006, +5.911238E-014
+1.72582750000000E+006, +7.083403E-014
+1.73832625000000E+006, +6.230438E-014
+1.75082500000000E+006, +6.354686E-014
+1.76332375000000E+006, +5.733492E-014
+1.77582250000000E+006, +7.737803E-014
+1.78832125000000E+006, +5.846558E-014
+1.80082000000000E+006, +4.010852E-014
+1.81331875000000E+006, +5.562680E-014
+1.82581750000000E+006, +6.114799E-014
+1.83831625000000E+006, +5.178834E-014
+1.85081500000000E+006, +5.635863E-014
+1.86331375000000E+006, +4.593865E-014
+1.87581250000000E+006, +5.524496E-014
+1.88831125000000E+006, +5.034611E-014
+1.90081000000000E+006, +5.062191E-014
+1.91330875000000E+006, +5.169006E-014
+1.92580750000000E+006, +4.781063E-014
+1.93830625000000E+006, +4.879856E-014
+1.95080500000000E+006, +4.854629E-014
+1.96330375000000E+006, +6.190884E-014
+1.97580250000000E+006, +6.368454E-014
+1.98830125000000E+006, +4.252872E-014
+2.00080000000000E+006, +4.645468E-014
+2.01329875000000E+006, +5.210251E-014
+2.02579750000000E+006, +5.636982E-014
+2.03829625000000E+006, +6.258771E-014
+2.05079500000000E+006, +4.537675E-014
+2.06329375000000E+006, +4.262910E-014
+2.07579250000000E+006, +5.031830E-014
+2.08829125000000E+006, +4.252485E-014
+2.10079000000000E+006, +7.226216E-014
+2.11328875000000E+006, +4.793002E-014
+2.12578750000000E+006, +6.480963E-014
+2.13828625000000E+006, +4.740913E-014
+2.15078500000000E+006, +5.287546E-014
+2.16328375000000E+006, +4.108536E-014
+2.17578250000000E+006, +4.071409E-014
+2.18828125000000E+006, +5.216941E-014
+2.20078000000000E+006, +6.297131E-014
+2.21327875000000E+006, +5.651184E-014
+2.22577750000000E+006, +5.736293E-014
+2.23827625000000E+006, +4.466703E-014
+2.25077500000000E+006, +4.668043E-014
+2.26327375000000E+006, +4.401719E-014
+2.27577250000000E+006, +3.897778E-014
+2.28827125000000E+006, +7.166763E-014
+2.30077000000000E+006, +4.661450E-014
+2.31326875000000E+006, +5.024454E-014
+2.32576750000000E+006, +4.769646E-014
+2.33826625000000E+006, +6.468831E-014
+2.35076500000000E+006, +3.940673E-014
+2.36326375000000E+006, +3.973797E-014
+2.37576250000000E+006, +4.126013E-014
+2.38826125000000E+006, +5.950648E-014
+2.40076000000000E+006, +3.563589E-014
+2.41325875000000E+006, +4.420178E-014
+2.42575750000000E+006, +5.491829E-014
+2.43825625000000E+006, +5.538040E-014
+2.45075500000000E+006, +5.673650E-014
+2.46325375000000E+006, +4.832800E-014
+2.47575250000000E+006, +4.370879E-014
+2.48825125000000E+006, +5.951743E-014
+2.50075000000000E+006, +4.284276E-014
+2.51324875000000E+006, +5.046000E-014
+2.52574750000000E+006, +6.766094E-014
+2.53824625000000E+006, +4.101605E-014
+2.55074500000000E+006, +5.468882E-014
+2.56324375000000E+006, +4.599768E-014
+2.57574250000000E+006, +3.874839E-014
+2.58824125000000E+006, +6.507420E-014
+2.60074000000000E+006, +5.218352E-014
+2.61323875000000E+006, +5.445138E-014
+2.62573750000000E+006, +4.317565E-014
+2.63823625000000E+006, +6.048740E-014
+2.65073500000000E+006, +5.635577E-014
+2.66323375000000E+006, +4.760191E-014
+2.67573250000000E+006, +5.156316E-014
+2.68823125000000E+006, +5.262695E-014
+2.70073000000000E+006, +4.818738E-014
+2.71322875000000E+006, +3.737499E-014
+2.72572750000000E+006, +6.002557E-014
+2.73822625000000E+006, +4.541013E-014
+2.75072500000000E+006, +5.086416E-014
+2.76322375000000E+006, +4.665838E-014
+2.77572250000000E+006, +4.442423E-014
+2.78822125000000E+006, +5.297707E-014
+2.80072000000000E+006, +3.332388E-014
+2.81321875000000E+006, +3.637947E-014
+2.82571750000000E+006, +4.719029E-014
+2.83821625000000E+006, +4.830314E-014
+2.85071500000000E+006, +3.932648E-014
+2.86321375000000E+006, +5.641744E-014
+2.87571250000000E+006, +4.752293E-014
+2.88821125000000E+006, +4.362001E-014
+2.90071000000000E+006, +4.882671E-014
+2.91320875000000E+006, +3.390144E-014
+2.92570750000000E+006, +4.563601E-014
+2.93820625000000E+006, +5.994794E-014
+2.95070500000000E+006, +4.131611E-014
+2.96320375000000E+006, +4.990386E-014
+2.97570250000000E+006, +4.463289E-014
+2.98820125000000E+006, +5.375084E-014
+3.00070000000000E+006, +4.820244E-014
+3.01319875000000E+006, +4.191001E-014
+3.02569750000000E+006, +5.286487E-014
+3.03819625000000E+006, +4.210303E-014
+3.05069500000000E+006, +4.721169E-014
+3.06319375000000E+006, +3.923387E-014
+3.07569250000000E+006, +5.143423E-014
+3.08819125000000E+006, +3.607644E-014
+3.10069000000000E+006, +4.196549E-014
+3.11318875000000E+006, +5.638232E-014
+3.12568750000000E+006, +3.893626E-014
+3.13818625000000E+006, +4.944644E-014
+3.15068500000000E+006, +4.052080E-014
+3.16318375000000E+006, +4.360202E-014
+3.17568250000000E+006, +3.127689E-014
+3.18818125000000E+006, +5.044646E-014
+3.20068000000000E+006, +3.606773E-014
+3.21317875000000E+006, +3.990380E-014
+3.22567750000000E+006, +5.094753E-014
+3.23817625000000E+006, +4.920018E-014
+3.25067500000000E+006, +3.820984E-014
+3.26317375000000E+006, +4.921339E-014
+3.27567250000000E+006, +5.031154E-014
+3.28817125000000E+006, +4.118067E-014
+3.30067000000000E+006, +4.753493E-014
+3.31316875000000E+006, +2.855165E-014
+3.32566750000000E+006, +4.586146E-014
+3.33816625000000E+006, +3.789327E-014
+3.35066500000000E+006, +4.297648E-014
+3.36316375000000E+006, +5.064121E-014
+3.37566250000000E+006, +5.324642E-014
+3.38816125000000E+006, +3.744286E-014
+3.40066000000000E+006, +4.211706E-014
+3.41315875000000E+006, +4.499822E-014
+3.42565750000000E+006, +7.212331E-014
+3.43815625000000E+006, +3.894048E-014
+3.45065500000000E+006, +5.060308E-014
+3.46315375000000E+006, +4.276849E-014
+3.47565250000000E+006, +3.896923E-014
+3.48815125000000E+006, +4.910859E-014
+3.50065000000000E+006, +3.585429E-014
+3.51314875000000E+006, +5.258563E-014
+3.52564750000000E+006, +3.747753E-014
+3.53814625000000E+006, +3.793101E-014
+3.55064500000000E+006, +4.539828E-014
+3.56314375000000E+006, +4.177087E-014
+3.57564250000000E+006, +5.776850E-014
+3.58814125000000E+006, +3.928070E-014
+3.60064000000000E+006, +4.162192E-014
+3.61313875000000E+006, +5.727858E-014
+3.62563750000000E+006, +5.868213E-014
+3.63813625000000E+006, +3.809719E-014
+3.65063500000000E+006, +3.444853E-014
+3.66313375000000E+006, +4.237549E-014
+3.67563250000000E+006, +3.802734E-014
+3.68813125000000E+006, +4.762668E-014
+3.70063000000000E+006, +4.726285E-014
+3.71312875000000E+006, +3.752603E-014
+3.72562750000000E+006, +4.255039E-014
+3.73812625000000E+006, +5.022796E-014
+3.75062500000000E+006, +5.987763E-014
+3.76312375000000E+006, +4.424098E-014
+3.77562250000000E+006, +3.633537E-014
+3.78812125000000E+006, +4.313973E-014
+3.80062000000000E+006, +4.391527E-014
+3.81311875000000E+006, +3.515018E-014
+3.82561750000000E+006, +4.349639E-014
+3.83811625000000E+006, +4.324710E-014
+3.85061500000000E+006, +3.933358E-014
+3.86311375000000E+006, +4.258088E-014
+3.87561250000000E+006, +4.406570E-014
+3.88811125000000E+006, +4.916883E-014
+3.90061000000000E+006, +4.152622E-014
+3.91310875000000E+006, +5.186919E-014
+3.92560750000000E+006, +4.980284E-014
+3.93810625000000E+006, +4.233085E-014
+3.95060500000000E+006, +3.502038E-014
+3.96310375000000E+006, +5.717476E-014
+3.97560250000000E+006, +4.885136E-014
+3.98810125000000E+006, +5.655934E-014
+4.00060000000000E+006, +5.096968E-014
+4.01309875000000E+006, +6.804691E-014
+4.02559750000000E+006, +4.487503E-014
+4.03809625000000E+006, +6.619685E-014
+4.05059500000000E+006, +4.454799E-014
+4.06309375000000E+006, +6.029515E-014
+4.07559250000000E+006, +3.948691E-014
+4.08809125000000E+006, +4.696099E-014
+4.10059000000000E+006, +4.792963E-014
+4.11308875000000E+006, +4.940696E-014
+4.12558750000000E+006, +3.698502E-014
+4.13808625000000E+006, +4.919017E-014
+4.15058500000000E+006, +4.175916E-014
+4.16308375000000E+006, +3.967537E-014
+4.17558250000000E+006, +4.010093E-014
+4.18808125000000E+006, +5.522982E-014
+4.20058000000000E+006, +6.795124E-014
+4.21307875000000E+006, +5.247874E-014
+4.22557750000000E+006, +5.277540E-014
+4.23807625000000E+006, +4.306668E-014
+4.25057500000000E+006, +4.781902E-014
+4.26307375000000E+006, +4.803979E-014
+4.27557250000000E+006, +3.681118E-014
+4.28807125000000E+006, +4.846501E-014
+4.30057000000000E+006, +5.209361E-014
+4.31306875000000E+006, +4.197226E-014
+4.32556750000000E+006, +4.937690E-014
+4.33806625000000E+006, +4.618019E-014
+4.35056500000000E+006, +4.709030E-014
+4.36306375000000E+006, +5.654402E-014
+4.37556250000000E+006, +4.639032E-014
+4.38806125000000E+006, +4.753009E-014
+4.40056000000000E+006, +5.202250E-014
+4.41305875000000E+006, +4.514934E-014
+4.42555750000000E+006, +4.445524E-014
+4.43805625000000E+006, +4.535095E-014
+4.45055500000000E+006, +4.355242E-014
+4.46305375000000E+006, +4.658981E-014
+4.47555250000000E+006, +4.868450E-014
+4.48805125000000E+006, +6.565986E-014
+4.50055000000000E+006, +3.993825E-014
+4.51304875000000E+006, +6.486744E-014
+4.52554750000000E+006, +6.714837E-014
+4.53804625000000E+006, +6.406496E-014
+4.55054500000000E+006, +3.518188E-014
+4.56304375000000E+006, +4.311523E-014
+4.57554250000000E+006, +3.861979E-014
+4.58804125000000E+006, +4.885237E-014
+4.60054000000000E+006, +3.390355E-014
+4.61303875000000E+006, +5.292347E-014
+4.62553750000000E+006, +5.144188E-014
+4.63803625000000E+006, +5.610401E-014
+4.65053500000000E+006, +4.638058E-014
+4.66303375000000E+006, +5.135601E-014
+4.67553250000000E+006, +4.686559E-014
+4.68803125000000E+006, +4.255721E-014
+4.70053000000000E+006, +4.735484E-014
+4.71302875000000E+006, +5.867617E-014
+4.72552750000000E+006, +4.173461E-014
+4.73802625000000E+006, +5.912926E-014
+4.75052500000000E+006, +7.066424E-014
+4.76302375000000E+006, +4.520316E-014
+4.77552250000000E+006, +5.165937E-014
+4.78802125000000E+006, +4.078700E-014
+4.80052000000000E+006, +5.287245E-014
+4.81301875000000E+006, +4.848130E-014
+4.82551750000000E+006, +3.776945E-014
+4.83801625000000E+006, +6.854476E-014
+4.85051500000000E+006, +6.632076E-014
+4.86301375000000E+006, +5.005067E-014
+4.87551250000000E+006, +5.622199E-014
+4.88801125000000E+006, +6.110664E-014
+4.90051000000000E+006, +3.747586E-014
+4.91300875000000E+006, +4.315222E-014
+4.92550750000000E+006, +4.200661E-014
+4.93800625000000E+006, +6.373985E-014
+4.95050500000000E+006, +5.608625E-014
+4.96300375000000E+006, +4.778747E-014
+4.97550250000000E+006, +3.988048E-014
+4.98800125000000E+006, +3.724477E-014
+5.00050000000000E+006, +5.100283E-014
+5.01299875000000E+006, +5.796637E-014
+5.02549750000000E+006, +6.830104E-014
+5.03799625000000E+006, +6.349361E-014
+5.05049500000000E+006, +4.293471E-014
+5.06299375000000E+006, +3.800978E-014
+5.07549250000000E+006, +4.031972E-014
+5.08799125000000E+006, +6.753149E-014
+5.10049000000000E+006, +4.316943E-014
+5.11298875000000E+006, +4.028661E-014
+5.12548750000000E+006, +3.930716E-014
+5.13798625000000E+006, +3.783354E-014
+5.15048500000000E+006, +5.422454E-014
+5.16298375000000E+006, +4.061300E-014
+5.17548250000000E+006, +5.144540E-014
+5.18798125000000E+006, +5.175770E-014
+5.20048000000000E+006, +3.793159E-014
+5.21297875000000E+006, +4.219158E-014
+5.22547750000000E+006, +5.097461E-014
+5.23797625000000E+006, +4.079311E-014
+5.25047500000000E+006, +4.419639E-014
+5.26297375000000E+006, +4.671808E-014
+5.27547250000000E+006, +4.811416E-014
+5.28797125000000E+006, +4.356375E-014
+5.30047000000000E+006, +4.597815E-014
+5.31296875000000E+006, +6.099702E-014
+5.32546750000000E+006, +3.037268E-014
+5.33796625000000E+006, +4.490067E-014
+5.35046500000000E+006, +4.322496E-014
+5.36296375000000E+006, +4.983064E-014
+5.37546250000000E+006, +4.354261E-014
+5.38796125000000E+006, +4.720473E-014
+5.40046000000000E+006, +4.374072E-014
+5.41295875000000E+006, +4.277567E-014
+5.42545750000000E+006, +4.257955E-014
+5.43795625000000E+006, +4.989914E-014
+5.45045500000000E+006, +5.860458E-014
+5.46295375000000E+006, +3.696852E-014
+5.47545250000000E+006, +6.022929E-014
+5.48795125000000E+006, +5.427069E-014
+5.50045000000000E+006, +4.495291E-014
+5.51294875000000E+006, +5.016598E-014
+5.52544750000000E+006, +4.183920E-014
+5.53794625000000E+006, +4.240280E-014
+5.55044500000000E+006, +4.632133E-014
+5.56294375000000E+006, +3.405635E-014
+5.57544250000000E+006, +3.476671E-014
+5.58794125000000E+006, +4.206994E-014
+5.60044000000000E+006, +4.574382E-014
+5.61293875000000E+006, +3.691048E-014
+5.62543750000000E+006, +5.333540E-014
+5.63793625000000E+006, +5.840001E-014
+5.65043500000000E+006, +3.679480E-014
+5.66293375000000E+006, +4.854094E-014
+5.67543250000000E+006, +5.041929E-014
+5.68793125000000E+006, +4.323138E-014
+5.70043000000000E+006, +5.118538E-014
+5.71292875000000E+006, +3.981339E-014
+5.72542750000000E+006, +4.626798E-014
+5.73792625000000E+006, +6.902181E-014
+5.75042500000000E+006, +4.669189E-014
+5.76292375000000E+006, +5.516276E-014
+5.77542250000000E+006, +3.968817E-014
+5.78792125000000E+006, +6.629571E-014
+5.80042000000000E+006, +4.270127E-014
+5.81291875000000E+006, +6.105557E-014
+5.82541750000000E+006, +5.006521E-014
+5.83791625000000E+006, +4.436007E-014
+5.85041500000000E+006, +3.891173E-014
+5.86291375000000E+006, +4.971810E-014
+5.87541250000000E+006, +4.684871E-014
+5.88791125000000E+006, +5.369920E-014
+5.90041000000000E+006, +3.775825E-014
+5.91290875000000E+006, +4.256122E-014
+5.92540750000000E+006, +6.083231E-014
+5.93790625000000E+006, +4.424050E-014
+5.95040500000000E+006, +3.681432E-014
+5.96290375000000E+006, +4.611415E-014
+5.97540250000000E+006, +4.467572E-014
+5.98790125000000E+006, +6.021743E-014
+6.00040000000000E+006, +5.682069E-014
+6.01289875000000E+006, +3.587813E-014
+6.02539750000000E+006, +5.883425E-014
+6.03789625000000E+006, +5.836119E-014
+6.05039500000000E+006, +4.681449E-014
+6.06289375000000E+006, +5.861775E-014
+6.07539250000000E+006, +3.659020E-014
+6.08789125000000E+006, +5.015175E-014
+6.10039000000000E+006, +3.704527E-014
+6.11288875000000E+006, +5.645527E-014
+6.12538750000000E+006, +4.019422E-014
+6.13788625000000E+006, +4.528492E-014
+6.15038500000000E+006, +3.352506E-014
+6.16288375000000E+006, +4.929070E-014
+6.17538250000000E+006, +4.850494E-014
+6.18788125000000E+006, +4.383219E-014
+6.20038000000000E+006, +5.995742E-014
+6.21287875000000E+006, +5.523200E-014
+6.22537750000000E+006, +5.566043E-014
+6.23787625000000E+006, +4.683281E-014
+6.25037500000000E+006, +5.294987E-014
+6.26287375000000E+006, +4.834366E-014
+6.27537250000000E+006, +4.199024E-014
+6.28787125000000E+006, +3.515371E-014
+6.30037000000000E+006, +3.967030E-014
+6.31286875000000E+006, +5.060281E-014
+6.32536750000000E+006, +3.447675E-014
+6.33786625000000E+006, +3.951453E-014
+6.35036500000000E+006, +4.274673E-014
+6.36286375000000E+006, +3.630049E-014
+6.37536250000000E+006, +3.628892E-014
+6.38786125000000E+006, +5.418212E-014
+6.40036000000000E+006, +4.358558E-014
+6.41285875000000E+006, +4.744503E-014
+6.42535750000000E+006, +5.673808E-014
+6.43785625000000E+006, +4.791445E-014
+6.45035500000000E+006, +4.737441E-014
+6.46285375000000E+006, +4.954160E-014
+6.47535250000000E+006, +5.953778E-014
+6.48785125000000E+006, +5.554870E-014
+6.50035000000000E+006, +3.041115E-014
+6.51284875000000E+006, +4.222045E-014
+6.52534750000000E+006, +5.095071E-014
+6.53784625000000E+006, +5.373618E-014
+6.55034500000000E+006, +4.896369E-014
+6.56284375000000E+006, +4.445494E-014
+6.57534250000000E+006, +4.033579E-014
+6.58784125000000E+006, +4.607394E-014
+6.60034000000000E+006, +3.080930E-014
+6.61283875000000E+006, +3.267106E-014
+6.62533750000000E+006, +5.011058E-014
+6.63783625000000E+006, +4.935410E-014
+6.65033500000000E+006, +4.498003E-014
+6.66283375000000E+006, +5.151748E-014
+6.67533250000000E+006, +4.595060E-014
+6.68783125000000E+006, +4.117060E-014
+6.70033000000000E+006, +3.590703E-014
+6.71282875000000E+006, +5.079320E-014
+6.72532750000000E+006, +4.810101E-014
+6.73782625000000E+006, +4.673275E-014
+6.75032500000000E+006, +4.285373E-014
+6.76282375000000E+006, +5.827878E-014
+6.77532250000000E+006, +4.953029E-014
+6.78782125000000E+006, +5.461467E-014
+6.80032000000000E+006, +4.826817E-014
+6.81281875000000E+006, +4.264491E-014
+6.82531750000000E+006, +4.921745E-014
+6.83781625000000E+006, +3.872814E-014
+6.85031500000000E+006, +3.611555E-014
+6.86281375000000E+006, +4.499838E-014
+6.87531250000000E+006, +4.174538E-014
+6.88781125000000E+006, +4.660165E-014
+6.90031000000000E+006, +5.143742E-014
+6.91280875000000E+006, +6.082361E-014
+6.92530750000000E+006, +5.509318E-014
+6.93780625000000E+006, +5.585464E-014
+6.95030500000000E+006, +4.807042E-014
+6.96280375000000E+006, +3.556262E-014
+6.97530250000000E+006, +4.629354E-014
+6.98780125000000E+006, +4.421160E-014
+7.00030000000000E+006, +4.912191E-014
+7.01279875000000E+006, +4.527121E-014
+7.02529750000000E+006, +4.424162E-014
+7.03779625000000E+006, +4.615163E-014
+7.05029500000000E+006, +5.609487E-014
+7.06279375000000E+006, +3.945185E-014
+7.07529250000000E+006, +3.974158E-014
+7.08779125000000E+006, +4.847147E-014
+7.10029000000000E+006, +4.885971E-014
+7.11278875000000E+006, +3.727291E-014
+7.12528750000000E+006, +4.156377E-014
+7.13778625000000E+006, +4.176343E-014
+7.15028500000000E+006, +4.219520E-014
+7.16278375000000E+006, +4.588481E-014
+7.17528250000000E+006, +3.829271E-014
+7.18778125000000E+006, +4.076325E-014
+7.20028000000000E+006, +5.621432E-014
+7.21277875000000E+006, +4.987126E-014
+7.22527750000000E+006, +4.266563E-014
+7.23777625000000E+006, +3.932656E-014
+7.25027500000000E+006, +3.613522E-014
+7.26277375000000E+006, +5.207473E-014
+7.27527250000000E+006, +4.147392E-014
+7.28777125000000E+006, +6.038244E-014
+7.30027000000000E+006, +4.246395E-014
+7.31276875000000E+006, +3.790674E-014
+7.32526750000000E+006, +5.087091E-014
+7.33776625000000E+006, +5.486585E-014
+7.35026500000000E+006, +5.178751E-014
+7.36276375000000E+006, +4.900667E-014
+7.37526250000000E+006, +4.040320E-014
+7.38776125000000E+006, +4.033328E-014
+7.40026000000000E+006, +6.374372E-014
+7.41275875000000E+006, +5.093263E-014
+7.42525750000000E+006, +6.513484E-014
+7.43775625000000E+006, +5.483338E-014
+7.45025500000000E+006, +6.125663E-014
+7.46275375000000E+006, +4.177820E-014
+7.47525250000000E+006, +4.649742E-014
+7.48775125000000E+006, +5.716383E-014
+7.50025000000000E+006, +4.615548E-014
+7.51274875000000E+006, +3.387229E-014
+7.52524750000000E+006, +3.203700E-014
+7.53774625000000E+006, +3.534657E-014
+7.55024500000000E+006, +4.936514E-014
+7.56274375000000E+006, +5.864923E-014
+7.57524250000000E+006, +5.527741E-014
+7.58774125000000E+006, +3.730233E-014
+7.60024000000000E+006, +3.967679E-014
+7.61273875000000E+006, +3.697919E-014
+7.62523750000000E+006, +4.134655E-014
+7.63773625000000E+006, +3.926050E-014
+7.65023500000000E+006, +3.277955E-014
+7.66273375000000E+006, +5.510421E-014
+7.67523250000000E+006, +6.057197E-014
+7.68773125000000E+006, +4.429011E-014
+7.70023000000000E+006, +5.024609E-014
+7.71272875000000E+006, +4.437599E-014
+7.72522750000000E+006, +4.779129E-014
+7.73772625000000E+006, +3.795652E-014
+7.75022500000000E+006, +4.918095E-014
+7.76272375000000E+006, +4.206553E-014
+7.77522250000000E+006, +5.321741E-014
+7.78772125000000E+006, +3.569568E-014
+7.80022000000000E+006, +4.962908E-014
+7.81271875000000E+006, +4.042821E-014
+7.82521750000000E+006, +3.821420E-014
+7.83771625000000E+006, +4.367222E-014
+7.85021500000000E+006, +6.495923E-014
+7.86271375000000E+006, +6.163241E-014
+7.87521250000000E+006, +5.489108E-014
+7.88771125000000E+006, +4.860585E-014
+7.90021000000000E+006, +5.036059E-014
+7.91270875000000E+006, +3.648519E-014
+7.92520750000000E+006, +4.964747E-014
+7.93770625000000E+006, +7.066790E-014
+7.95020500000000E+006, +5.024918E-014
+7.96270375000000E+006, +5.540640E-014
+7.97520250000000E+006, +5.740789E-014
+7.98770125000000E+006, +4.989292E-014
+8.00020000000000E+006, +5.516191E-014
+8.01269875000000E+006, +4.523446E-014
+8.02519750000000E+006, +3.971448E-014
+8.03769625000000E+006, +4.925097E-014
+8.05019500000000E+006, +4.113633E-014
+8.06269375000000E+006, +5.317077E-014
+8.07519250000000E+006, +4.371826E-014
+8.08769125000000E+006, +5.061725E-014
+8.10019000000000E+006, +3.587619E-014
+8.11268875000000E+006, +6.382787E-014
+8.12518750000000E+006, +4.660945E-014
+8.13768625000000E+006, +5.918354E-014
+8.15018500000000E+006, +5.554851E-014
+8.16268375000000E+006, +5.248499E-014
+8.17518250000000E+006, +4.955672E-014
+8.18768125000000E+006, +3.909048E-014
+8.20018000000000E+006, +4.913281E-014
+8.21267875000000E+006, +6.680573E-014
+8.22517750000000E+006, +4.999889E-014
+8.23767625000000E+006, +5.026405E-014
+8.25017500000000E+006, +3.984315E-014
+8.26267375000000E+006, +3.738187E-014
+8.27517250000000E+006, +3.920563E-014
+8.28767125000000E+006, +5.084779E-014
+8.30017000000000E+006, +4.587638E-014
+8.31266875000000E+006, +5.306704E-014
+8.32516750000000E+006, +4.973585E-014
+8.33766625000000E+006, +4.447379E-014
+8.35016500000000E+006, +4.394425E-014
+8.36266375000000E+006, +4.601467E-014
+8.37516250000000E+006, +4.623934E-014
+8.38766125000000E+006, +4.777094E-014
+8.40016000000000E+006, +4.718150E-014
+8.41265875000000E+006, +3.563296E-014
+8.42515750000000E+006, +5.523288E-014
+8.43765625000000E+006, +5.314833E-014
+8.45015500000000E+006, +3.983683E-014
+8.46265375000000E+006, +4.361117E-014
+8.47515250000000E+006, +5.107100E-014
+8.48765125000000E+006, +4.746716E-014
+8.50015000000000E+006, +5.214922E-014
+8.51264875000000E+006, +4.003149E-014
+8.52514750000000E+006, +4.104022E-014
+8.53764625000000E+006, +3.144732E-014
+8.55014500000000E+006, +4.047555E-014
+8.56264375000000E+006, +4.795465E-014
+8.57514250000000E+006, +6.129041E-014
+8.58764125000000E+006, +5.049302E-014
+8.60014000000000E+006, +5.566815E-014
+8.61263875000000E+006, +5.004403E-014
+8.62513750000000E+006, +6.043846E-014
+8.63763625000000E+006, +5.829054E-014
+8.65013500000000E+006, +6.107503E-014
+8.66263375000000E+006, +5.260067E-014
+8.67513250000000E+006, +3.570434E-014
+8.68763125000000E+006, +4.460129E-014
+8.70013000000000E+006, +4.445618E-014
+8.71262875000000E+006, +4.384043E-014
+8.72512750000000E+006, +4.542267E-014
+8.73762625000000E+006, +4.677385E-014
+8.75012500000000E+006, +4.912551E-014
+8.76262375000000E+006, +4.477954E-014
+8.77512250000000E+006, +4.752422E-014
+8.78762125000000E+006, +3.762398E-014
+8.80012000000000E+006, +4.065917E-014
+8.81261875000000E+006, +3.774834E-014
+8.82511750000000E+006, +4.697452E-014
+8.83761625000000E+006, +6.107585E-014
+8.85011500000000E+006, +4.304285E-014
+8.86261375000000E+006, +3.678070E-014
+8.87511250000000E+006, +5.509925E-014
+8.88761125000000E+006, +5.098202E-014
+8.90011000000000E+006, +5.527700E-014
+8.91260875000000E+006, +4.953947E-014
+8.92510750000000E+006, +3.607567E-014
+8.93760625000000E+006, +4.398793E-014
+8.95010500000000E+006, +3.761277E-014
+8.96260375000000E+006, +5.684240E-014
+8.97510250000000E+006, +5.323181E-014
+8.98760125000000E+006, +5.905024E-014
+9.00010000000000E+006, +4.873147E-014
+9.01259875000000E+006, +4.175472E-014
+9.02509750000000E+006, +3.599063E-014
+9.03759625000000E+006, +5.186910E-014
+9.05009500000000E+006, +4.239082E-014
+9.06259375000000E+006, +4.105263E-014
+9.07509250000000E+006, +4.377014E-014
+9.08759125000000E+006, +4.667490E-014
+9.10009000000000E+006, +6.383099E-014
+9.11258875000000E+006, +4.474436E-014
+9.12508750000000E+006, +6.281417E-014
+9.13758625000000E+006, +6.158148E-014
+9.15008500000000E+006, +3.165382E-014
+9.16258375000000E+006, +5.043959E-014
+9.17508250000000E+006, +6.335756E-014
+9.18758125000000E+006, +5.163083E-014
+9.20008000000000E+006, +4.984407E-014
+9.21257875000000E+006, +3.661116E-014
+9.22507750000000E+006, +6.467290E-014
+9.23757625000000E+006, +6.563748E-014
+9.25007500000000E+006, +5.598348E-014
+9.26257375000000E+006, +3.609457E-014
+9.27507250000000E+006, +3.283675E-014
+9.28757125000000E+006, +5.071987E-014
+9.30007000000000E+006, +4.279715E-014
+9.31256875000000E+006, +4.418862E-014
+9.32506750000000E+006, +5.094823E-014
+9.33756625000000E+006, +5.373154E-014
+9.35006500000000E+006, +4.870418E-014
+9.36256375000000E+006, +5.472549E-014
+9.37506250000000E+006, +5.552244E-014
+9.38756125000000E+006, +4.452698E-014
+9.40006000000000E+006, +3.527524E-014
+9.41255875000000E+006, +5.214507E-014
+9.42505750000000E+006, +6.110178E-014
+9.43755625000000E+006, +4.120390E-014
+9.45005500000000E+006, +5.642302E-014
+9.46255375000000E+006, +3.857839E-014
+9.47505250000000E+006, +3.587691E-014
+9.48755125000000E+006, +3.823575E-014
+9.50005000000000E+006, +4.358434E-014
+9.51254875000000E+006, +5.213145E-014
+9.52504750000000E+006, +4.395425E-014
+9.53754625000000E+006, +4.649734E-014
+9.55004500000000E+006, +5.044775E-014
+9.56254375000000E+006, +4.734836E-014
+9.57504250000000E+006, +4.828897E-014
+9.58754125000000E+006, +4.181249E-014
+9.60004000000000E+006, +3.509329E-014
+9.61253875000000E+006, +4.396163E-014
+9.62503750000000E+006, +4.249535E-014
+9.63753625000000E+006, +6.497069E-014
+9.65003500000000E+006, +3.377658E-014
+9.66253375000000E+006, +4.781641E-014
+9.67503250000000E+006, +3.745285E-014
+9.68753125000000E+006, +5.571056E-014
+9.70003000000000E+006, +4.376093E-014
+9.71252875000000E+006, +4.451455E-014
+9.72502750000000E+006, +3.619043E-014
+9.73752625000000E+006, +4.982521E-014
+9.75002500000000E+006, +4.007707E-014
+9.76252375000000E+006, +4.717528E-014
+9.77502250000000E+006, +4.926372E-014
+9.78752125000000E+006, +4.283188E-014
+9.80002000000000E+006, +5.457273E-014
+9.81251875000000E+006, +5.447553E-014
+9.82501750000000E+006, +3.542322E-014
+9.83751625000000E+006, +4.387747E-014
+9.85001500000000E+006, +3.808082E-014
+9.86251375000000E+006, +3.793612E-014
+9.87501250000000E+006, +4.254026E-014
+9.88751125000000E+006, +6.045885E-014
+9.90001000000000E+006, +4.830873E-014
+9.91250875000000E+006, +4.890472E-014
+9.92500750000000E+006, +5.621809E-014
+9.93750625000000E+006, +3.609981E-014
+9.95000500000000E+006, +4.286371E-014
+9.96250375000000E+006, +6.261881E-014
+9.97500250000000E+006, +4.256864E-014
+9.98750125000000E+006, +3.646296E-014
+1.00000000000000E+007, +4.281132E-014
