# Channel 1
+1.00000000000000E+003, +5.483658E-009
+4.74875000000000E+003, +4.246649E-012
+8.49750000000000E+003, +3.930301E-012
+1.22462500000000E+004, +3.824645E-012
+1.59950000000000E+004, +3.637380E-012
+1.97437500000000E+004, +2.532528E-012
+2.34925000000000E+004, +2.862506E-012
+2.72412500000000E+004, +3.078184E-012
+3.09900000000000E+004, +4.705965E-012
+3.47387500000000E+004, +5.009411E-009
+3.84875000000000E+004, +4.693979E-012
+4.22362500000000E+004, +9.102831E-012
+4.59850000000000E+004, +9.993181E-012
+4.97337500000000E+004, +1.336238E-011
+5.34825000000000E+004, +8.507005E-012
+5.72312500000000E+004, +6.797845E-012
+6.09800000000000E+004, +7.801745E-012
+6.47287500000000E+004, +9.638669E-012
+6.84775000000000E+004, +1.690423E-011
+7.22262500000000E+004, +6.784360E-009
+7.59750000000000E+004, +1.054114E-011
+7.97237500000000E+004, +1.075254E-011
+8.34725000000000E+004, +8.997148E-012
+8.72212500000000E+004, +1.288495E-011
+9.09700000000000E+004, +9.449614E-012
+9.47187500000000E+004, +6.793013E-012
+9.84675000000000E+004, +9.108221E-012
+1.02216250000000E+005, +1.119344E-011
+1.05965000000000E+005, +2.858543E-011
+1.09713750000000E+005, +3.902670E-008
+1.13462500000000E+005, +2.258019E-011
+1.17211250000000E+005, +1.275545E-011
+1.20960000000000E+005, +8.253647E-012
+1.24708750000000E+005, +9.323254E-012
+1.28457500000000E+005, +8.143534E-012
+1.32206250000000E+005, +8.133137E-012
+1.35955000000000E+005, +1.364610E-009
+1.39703750000000E+005, +1.576468E-009
+1.43452500000000E+005, +1.758540E-010
+1.47201250000000E+005, +7.822759E-009
+1.50950000000000E+005, +6.556086E-012
+1.54698750000000E+005, +1.127856E-011
+1.58447500000000E+005, +5.195947E-012
+1.62196250000000E+005, +5.200332E-012
+1.65945000000000E+005, +2.959267E-012
+1.69693750000000E+005, +5.458850E-012
+1.73442500000000E+005, +5.902757E-012
+1.77191250000000E+005, +9.133638E-012
+1.80940000000000E+005, +1.864780E-010
+1.84688750000000E+005, +7.770303E-010
+1.88437500000000E+005, +5.262088E-012
+1.92186250000000E+005, +4.635964E-012
+1.95935000000000E+005, +3.866892E-012
+1.99683750000000E+005, +2.664645E-012
+2.03432500000000E+005, +8.056853E-012
+2.07181250000000E+005, +1.991472E-011
+2.10930000000000E+005, +6.263130E-011
+2.14678750000000E+005, +3.486876E-011
+2.18427500000000E+005, +3.244412E-011
+2.22176250000000E+005, +3.233834E-011
+2.25925000000000E+005, +5.189965E-012
+2.29673750000000E+005, +3.680554E-012
+2.33422500000000E+005, +4.015678E-012
+2.37171250000000E+005, +2.931046E-012
+2.40920000000000E+005, +3.596011E-012
+2.44668750000000E+005, +1.604881E-011
+2.48417500000000E+005, +2.705979E-011
+2.52166250000000E+005, +6.417780E-012
+2.55915000000000E+005, +2.549253E-011
+2.59663750000000E+005, +4.240131E-012
+2.63412500000000E+005, +2.946801E-012
+2.67161250000000E+005, +5.295892E-012
+2.70910000000000E+005, +7.631283E-012
+2.74658750000000E+005, +7.637167E-012
+2.78407500000000E+005, +3.934189E-011
+2.82156250000000E+005, +7.757965E-011
+2.85905000000000E+005, +7.847721E-011
+2.89653750000000E+005, +5.795754E-011
+2.93402500000000E+005, +1.363946E-011
+2.97151250000000E+005, +1.058618E-011
+3.00900000000000E+005, +2.132044E-012
+3.04648750000000E+005, +3.804715E-012
+3.08397500000000E+005, +1.839376E-011
+3.12146250000000E+005, +7.844247E-012
+3.15895000000000E+005, +2.566862E-012
+3.19643750000000E+005, +2.894006E-012
+3.23392500000000E+005, +2.504374E-012
+3.27141250000000E+005, +2.291832E-012
+3.30890000000000E+005, +5.848335E-012
+3.34638750000000E+005, +2.287576E-012
+3.38387500000000E+005, +2.791234E-012
+3.42136250000000E+005, +3.036499E-012
+3.45885000000000E+005, +3.219798E-012
+3.49633750000000E+005, +6.326805E-012
+3.53382500000000E+005, +6.437845E-012
+3.57131250000000E+005, +2.891716E-012
+3.60880000000000E+005, +1.054697E-011
+3.64628750000000E+005, +2.291185E-012
+3.68377500000000E+005, +6.683216E-012
+3.72126250000000E+005, +2.022062E-011
+3.75875000000000E+005, +1.565695E-011
+3.79623750000000E+005, +2.386070E-012
+3.83372500000000E+005, +2.706516E-012
+3.87121250000000E+005, +1.726490E-012
+3.90870000000000E+005, +2.731900E-012
+3.94618750000000E+005, +2.703055E-012
+3.98367500000000E+005, +1.682284E-012
+4.02116250000000E+005, +2.509360E-012
+4.05865000000000E+005, +5.173802E-012
+4.09613750000000E+005, +3.588746E-012
+4.13362500000000E+005, +1.344793E-011
+4.17111250000000E+005, +1.180794E-010
+4.20860000000000E+005, +1.264383E-010
+4.24608750000000E+005, +1.385289E-011
+4.28357500000000E+005, +3.585165E-011
+4.32106250000000E+005, +4.600881E-011
+4.35855000000000E+005, +5.294716E-011
+4.39603750000000E+005, +6.005236E-012
+4.43352500000000E+005, +4.086257E-012
+4.47101250000000E+005, +3.566792E-012
+4.50850000000000E+005, +2.917372E-012
+4.54598750000000E+005, +2.155650E-012
+4.58347500000000E+005, +2.670953E-012
+4.62096250000000E+005, +1.854717E-012
+4.65845000000000E+005, +2.668480E-012
+4.69593750000000E+005, +3.285763E-012
+4.73342500000000E+005, +2.351684E-012
+4.77091250000000E+005, +2.439965E-012
+4.80840000000000E+005, +2.434113E-012
+4.84588750000000E+005, +3.044490E-012
+4.88337500000000E+005, +1.062159E-011
+4.92086250000000E+005, +7.001241E-011
+4.95835000000000E+005, +4.135930E-011
+4.99583750000000E+005, +6.217796E-011
+5.03332500000000E+005, +2.314228E-012
+5.07081250000000E+005, +8.257070E-012
+5.10830000000000E+005, +1.879935E-012
+5.14578750000000E+005, +2.915035E-012
+5.18327500000000E+005, +2.883486E-012
+5.22076250000000E+005, +2.892581E-012
+5.25825000000000E+005, +1.685843E-012
+5.29573750000000E+005, +2.034655E-012
+5.33322500000000E+005, +2.524777E-012
+5.37071250000000E+005, +8.703048E-012
+5.40820000000000E+005, +6.017287E-011
+5.44568750000000E+005, +4.675947E-012
+5.48317500000000E+005, +7.041884E-012
+5.52066250000000E+005, +3.129527E-012
+5.55815000000000E+005, +7.459092E-012
+5.59563750000000E+005, +6.453477E-011
+5.63312500000000E+005, +6.549706E-012
+5.67061250000000E+005, +1.709078E-011
+5.70810000000000E+005, +6.769109E-011
+5.74558750000000E+005, +1.980336E-012
+5.78307500000000E+005, +2.857997E-011
+5.82056250000000E+005, +3.578206E-012
+5.85805000000000E+005, +4.201576E-012
+5.89553750000000E+005, +3.255794E-012
+5.93302500000000E+005, +3.287842E-012
+5.97051250000000E+005, +2.492894E-012
+6.00800000000000E+005, +2.616996E-012
+6.04548750000000E+005, +2.497098E-012
+6.08297500000000E+005, +2.270465E-012
+6.12046250000000E+005, +1.803539E-012
+6.15795000000000E+005, +4.000857E-012
+6.19543750000000E+005, +2.417722E-012
+6.23292500000000E+005, +2.459806E-012
+6.27041250000000E+005, +4.275403E-012
+6.30790000000000E+005, +2.257531E-012
+6.34538750000000E+005, +1.779410E-012
+6.38287500000000E+005, +7.732294E-012
+6.42036250000000E+005, +2.043079E-011
+6.45785000000000E+005, +1.394781E-011
+6.49533750000000E+005, +9.613873E-012
+6.53282500000000E+005, +1.543478E-011
+6.57031250000000E+005, +1.956409E-012
+6.60780000000000E+005, +2.551210E-012
+6.64528750000000E+005, +2.835437E-012
+6.68277500000000E+005, +3.124246E-012
+6.72026250000000E+005, +2.125797E-012
+6.75775000000000E+005, +3.053988E-012
+6.79523750000000E+005, +3.190652E-012
+6.83272500000000E+005, +2.347461E-012
+6.87021250000000E+005, +1.910926E-012
+6.90770000000000E+005, +2.713029E-012
+6.94518750000000E+005, +8.518350E-011
+6.98267500000000E+005, +3.049869E-012
+7.02016250000000E+005, +2.972093E-012
+7.05765000000000E+005, +2.870280E-012
+7.09513750000000E+005, +2.018273E-012
+7.13262500000000E+005, +4.061248E-011
+7.17011250000000E+005, +4.561319E-011
+7.20760000000000E+005, +2.661105E-012
+7.24508750000000E+005, +2.188777E-011
+7.28257500000000E+005, +2.419652E-012
+7.32006250000000E+005, +1.942978E-012
+7.35755000000000E+005, +2.040835E-012
+7.39503750000000E+005, +2.241107E-012
+7.43252500000000E+005, +3.730048E-012
+7.47001250000000E+005, +2.687943E-012
+7.50750000000000E+005, +2.112555E-012
+7.54498750000000E+005, +3.169994E-012
+7.58247500000000E+005, +2.593982E-012
+7.61996250000000E+005, +2.171008E-012
+7.65745000000000E+005, +8.662508E-012
+7.69493750000000E+005, +1.957102E-012
+7.73242500000000E+005, +2.131009E-012
+7.76991250000000E+005, +2.174638E-012
+7.80740000000000E+005, +2.530951E-012
+7.84488750000000E+005, +2.150003E-012
+7.88237500000000E+005, +4.998581E-012
+7.91986250000000E+005, +3.447994E-012
+7.95735000000000E+005, +3.100926E-012
+7.99483750000000E+005, +2.653593E-012
+8.03232500000000E+005, +2.093066E-012
+8.06981250000000E+005, +1.884329E-012
+8.10730000000000E+005, +4.244979E-012
+8.14478750000000E+005, +3.484103E-012
+8.18227500000000E+005, +3.385791E-012
+8.21976250000000E+005, +3.142161E-012
+8.25725000000000E+005, +2.757642E-012
+8.29473750000000E+005, +4.920714E-012
+8.33222500000000E+005, +1.825655E-011
+8.36971250000000E+005, +1.548531E-011
+8.40720000000000E+005, +2.653852E-012
+8.44468750000000E+005, +2.123034E-012
+8.48217500000000E+005, +2.540626E-012
+8.51966250000000E+005, +3.032350E-012
+8.55715000000000E+005, +3.909852E-012
+8.59463750000000E+005, +6.685163E-012
+8.63212500000000E+005, +2.474527E-012
+8.66961250000000E+005, +2.883981E-012
+8.70710000000000E+005, +3.952243E-012
+8.74458750000000E+005, +2.940829E-012
+8.78207500000000E+005, +2.243707E-012
+8.81956250000000E+005, +1.741135E-012
+8.85705000000000E+005, +2.551264E-012
+8.89453750000000E+005, +4.559105E-012
+8.93202500000000E+005, +2.614454E-012
+8.96951250000000E+005, +1.911486E-012
+9.00700000000000E+005, +1.908233E-012
+9.04448750000000E+005, +2.546979E-012
+9.08197500000000E+005, +3.310479E-012
+9.11946250000000E+005, +2.871037E-012
+9.15695000000000E+005, +2.024422E-012
+9.19443750000000E+005, +1.964105E-012
+9.23192500000000E+005, +2.353195E-012
+9.26941250000000E+005, +3.346249E-012
+9.30690000000000E+005, +2.651097E-012
+9.34438750000000E+005, +1.961774E-012
+9.38187500000000E+005, +2.931679E-012
+9.41936250000000E+005, +2.919447E-012
+9.45685000000000E+005, +3.246511E-012
+9.49433750000000E+005, +3.382267E-012
+9.53182500000000E+005, +3.143934E-012
+9.56931250000000E+005, +2.995790E-012
+9.60680000000000E+005, +1.916189E-012
+9.64428750000000E+005, +2.979512E-012
+9.68177500000000E+005, +3.801947E-012
+9.71926250000000E+005, +2.439281E-012
+9.75675000000000E+005, +2.103899E-012
+9.79423750000000E+005, +2.031656E-012
+9.83172500000000E+005, +6.005695E-012
+9.86921250000000E+005, +7.749526E-012
+9.90670000000000E+005, +2.487807E-012
+9.94418750000000E+005, +3.657582E-012
+9.98167500000000E+005, +3.329449E-012
+1.00191625000000E+006, +5.756354E-012
+1.00566500000000E+006, +3.322970E-012
+1.00941375000000E+006, +3.046469E-012
+1.01316250000000E+006, +3.588783E-012
+1.01691125000000E+006, +3.596523E-012
+1.02066000000000E+006, +1.389264E-011
+1.02440875000000E+006, +3.239713E-012
+1.02815750000000E+006, +2.328710E-012
+1.03190625000000E+006, +1.597334E-012
+1.03565500000000E+006, +2.137891E-012
+1.03940375000000E+006, +3.475942E-012
+1.04315250000000E+006, +2.270370E-012
+1.04690125000000E+006, +2.589218E-012
+1.05065000000000E+006, +3.423232E-012
+1.05439875000000E+006, +1.999401E-012
+1.05814750000000E+006, +2.870704E-012
+1.06189625000000E+006, +2.783781E-012
+1.06564500000000E+006, +3.117892E-012
+1.06939375000000E+006, +3.971041E-012
+1.07314250000000E+006, +2.396037E-012
+1.07689125000000E+006, +2.301327E-012
+1.08064000000000E+006, +2.262546E-012
+1.08438875000000E+006, +3.157429E-012
+1.08813750000000E+006, +2.607871E-012
+1.09188625000000E+006, +2.726795E-012
+1.09563500000000E+006, +3.279290E-012
+1.09938375000000E+006, +4.271426E-012
+1.10313250000000E+006, +4.764134E-012
+1.10688125000000E+006, +3.629994E-012
+1.11063000000000E+006, +5.395703E-011
+1.11437875000000E+006, +7.893947E-012
+1.11812750000000E+006, +3.172501E-012
+1.12187625000000E+006, +2.859952E-012
+1.12562500000000E+006, +1.984724E-012
+1.12937375000000E+006, +1.775472E-012
+1.13312250000000E+006, +2.021168E-012
+1.13687125000000E+006, +2.711459E-012
+1.14062000000000E+006, +4.985436E-012
+1.14436875000000E+006, +8.950334E-012
+1.14811750000000E+006, +2.395938E-011
+1.15186625000000E+006, +2.003430E-011
+1.15561500000000E+006, +2.901874E-012
+1.15936375000000E+006, +6.327567E-012
+1.16311250000000E+006, +1.904962E-012
+1.16686125000000E+006, +3.028411E-012
+1.17061000000000E+006, +2.979994E-012
+1.17435875000000E+006, +2.210564E-012
+1.17810750000000E+006, +5.139196E-012
+1.18185625000000E+006, +6.514287E-012
+1.18560500000000E+006, +1.187250E-011
+1.18935375000000E+006, +1.307203E-011
+1.19310250000000E+006, +1.347775E-011
+1.19685125000000E+006, +2.082386E-012
+1.20060000000000E+006, +2.781808E-012
+1.20434875000000E+006, +2.680720E-012
+1.20809750000000E+006, +3.731845E-012
+1.21184625000000E+006, +4.099725E-012
+1.21559500000000E+006, +3.324395E-012
+1.21934375000000E+006, +3.821460E-012
+1.22309250000000E+006, +1.850157E-012
+1.22684125000000E+006, +2.362848E-012
+1.23059000000000E+006, +2.867522E-011
+1.23433875000000E+006, +2.596890E-011
+1.23808750000000E+006, +9.052724E-012
+1.24183625000000E+006, +2.799034E-012
+1.24558500000000E+006, +2.291778E-012
+1.24933375000000E+006, +3.819218E-012
+1.25308250000000E+006, +3.202564E-011
+1.25683125000000E+006, +2.318334E-012
+1.26058000000000E+006, +6.017030E-012
+1.26432875000000E+006, +3.942497E-012
+1.26807750000000E+006, +2.821970E-012
+1.27182625000000E+006, +4.371606E-012
+1.27557500000000E+006, +7.738202E-012
+1.27932375000000E+006, +1.748474E-010
+1.28307250000000E+006, +1.837709E-010
+1.28682125000000E+006, +5.233924E-012
+1.29057000000000E+006, +7.188113E-012
+1.29431875000000E+006, +4.216099E-012
+1.29806750000000E+006, +4.829127E-010
+1.30181625000000E+006, +4.817352E-010
+1.30556500000000E+006, +1.335821E-011
+1.30931375000000E+006, +2.800518E-012
+1.31306250000000E+006, +3.361919E-012
+1.31681125000000E+006, +6.047673E-012
+1.32056000000000E+006, +6.727592E-012
+1.32430875000000E+006, +6.276597E-012
+1.32805750000000E+006, +3.591644E-012
+1.33180625000000E+006, +1.184962E-011
+1.33555500000000E+006, +5.246673E-012
+1.33930375000000E+006, +4.682161E-012
+1.34305250000000E+006, +5.722527E-012
+1.34680125000000E+006, +4.769841E-012
+1.35055000000000E+006, +1.274870E-010
+1.35429875000000E+006, +1.608913E-010
+1.35804750000000E+006, +7.979949E-012
+1.36179625000000E+006, +1.122006E-011
+1.36554500000000E+006, +4.106093E-012
+1.36929375000000E+006, +1.899780E-010
+1.37304250000000E+006, +8.416753E-012
+1.37679125000000E+006, +4.315044E-012
+1.38054000000000E+006, +5.973182E-012
+1.38428875000000E+006, +2.963913E-012
+1.38803750000000E+006, +9.694418E-012
+1.39178625000000E+006, +4.827912E-012
+1.39553500000000E+006, +3.630806E-011
+1.39928375000000E+006, +2.551153E-011
+1.40303250000000E+006, +1.344748E-011
+1.40678125000000E+006, +2.799462E-012
+1.41053000000000E+006, +2.975189E-012
+1.41427875000000E+006, +5.277930E-012
+1.41802750000000E+006, +3.401415E-012
+1.42177625000000E+006, +1.347035E-010
+1.42552500000000E+006, +1.910822E-010
+1.42927375000000E+006, +3.057955E-010
+1.43302250000000E+006, +1.261748E-011
+1.43677125000000E+006, +1.817243E-011
+1.44052000000000E+006, +4.818616E-012
+1.44426875000000E+006, +3.353013E-012
+1.44801750000000E+006, +4.264423E-012
+1.45176625000000E+006, +9.465756E-012
+1.45551500000000E+006, +1.052051E-011
+1.45926375000000E+006, +8.143161E-012
+1.46301250000000E+006, +3.284574E-012
+1.46676125000000E+006, +5.717992E-012
+1.47051000000000E+006, +1.605377E-011
+1.47425875000000E+006, +6.322457E-012
+1.47800750000000E+006, +2.639557E-012
+1.48175625000000E+006, +8.921288E-012
+1.48550500000000E+006, +5.912080E-012
+1.48925375000000E+006, +4.331860E-012
+1.49300250000000E+006, +9.209415E-012
+1.49675125000000E+006, +1.333848E-011
+1.50050000000000E+006, +1.087792E-011
+1.50424875000000E+006, +1.051787E-011
+1.50799750000000E+006, +1.803008E-011
+1.51174625000000E+006, +3.092147E-012
+1.51549500000000E+006, +2.497660E-012
+1.51924375000000E+006, +2.960020E-012
+1.52299250000000E+006, +2.483550E-012
+1.52674125000000E+006, +5.040092E-012
+1.53049000000000E+006, +2.566657E-012
+1.53423875000000E+006, +4.155738E-012
+1.53798750000000E+006, +8.842770E-012
+1.54173625000000E+006, +8.266237E-012
+1.54548500000000E+006, +2.615839E-012
+1.54923375000000E+006, +2.623121E-012
+1.55298250000000E+006, +2.030300E-012
+1.55673125000000E+006, +2.317578E-012
+1.56048000000000E+006, +2.151045E-012
+1.56422875000000E+006, +6.975090E-012
+1.56797750000000E+006, +2.561552E-012
+1.57172625000000E+006, +2.524587E-012
+1.57547500000000E+006, +3.724283E-012
+1.57922375000000E+006, +2.069061E-012
+1.58297250000000E+006, +2.389924E-012
+1.58672125000000E+006, +1.839964E-012
+1.59047000000000E+006, +2.953912E-012
+1.59421875000000E+006, +1.958413E-012
+1.59796750000000E+006, +2.009735E-012
+1.60171625000000E+006, +1.917128E-012
+1.60546500000000E+006, +4.281030E-012
+1.60921375000000E+006, +3.454532E-012
+1.61296250000000E+006, +2.755153E-012
+1.61671125000000E+006, +2.499043E-012
+1.62046000000000E+006, +2.581203E-012
+1.62420875000000E+006, +4.969572E-012
+1.62795750000000E+006, +3.438146E-012
+1.63170625000000E+006, +3.362415E-012
+1.63545500000000E+006, +3.625447E-012
+1.63920375000000E+006, +2.250782E-012
+1.64295250000000E+006, +5.100310E-012
+1.64670125000000E+006, +3.551764E-012
+1.65045000000000E+006, +1.785136E-012
+1.65419875000000E+006, +1.530505E-012
+1.65794750000000E+006, +1.594582E-012
+1.66169625000000E+006, +1.536542E-012
+1.66544500000000E+006, +2.157147E-012
+1.66919375000000E+006, +6.976116E-012
+1.67294250000000E+006, +2.278544E-012
+1.67669125000000E+006, +2.254153E-012
+1.68044000000000E+006, +5.563259E-012
+1.68418875000000E+006, +3.163118E-012
+1.68793750000000E+006, +5.946093E-012
+1.69168625000000E+006, +1.860291E-012
+1.69543500000000E+006, +1.748723E-012
+1.69918375000000E+006, +2.090519E-012
+1.70293250000000E+006, +1.504159E-012
+1.70668125000000E+006, +3.729614E-012
+1.71043000000000E+006, +3.123652E-012
+1.71417875000000E+006, +3.093188E-012
+1.71792750000000E+006, +3.471652E-012
+1.72167625000000E+006, +1.925724E-012
+1.72542500000000E+006, +1.727540E-012
+1.72917375000000E+006, +3.654436E-012
+1.73292250000000E+006, +1.862076E-012
+1.73667125000000E+006, +2.744961E-012
+1.74042000000000E+006, +2.794235E-012
+1.74416875000000E+006, +2.277430E-012
+1.74791750000000E+006, +3.482179E-012
+1.75166625000000E+006, +2.378506E-012
+1.75541500000000E+006, +2.836575E-012
+1.75916375000000E+006, +3.180518E-012
+1.76291250000000E+006, +1.753057E-012
+1.76666125000000E+006, +3.708269E-012
+1.77041000000000E+006, +2.293770E-012
+1.77415875000000E+006, +1.873030E-012
+1.77790750000000E+006, +3.306886E-012
+1.78165625000000E+006, +3.910526E-012
+1.78540500000000E+006, +5.787708E-012
+1.78915375000000E+006, +8.832206E-012
+1.79290250000000E+006, +1.320504E-011
+1.79665125000000E+006, +1.794444E-012
+1.80040000000000E+006, +2.073528E-012
+1.80414875000000E+006, +5.835551E-012
+1.80789750000000E+006, +2.766844E-012
+1.81164625000000E+006, +6.284185E-012
+1.81539500000000E+006, +2.549565E-012
+1.81914375000000E+006, +2.253183E-012
+1.82289250000000E+006, +3.121756E-012
+1.82664125000000E+006, +1.794378E-012
+1.83039000000000E+006, +1.721102E-012
+1.83413875000000E+006, +2.524057E-012
+1.83788750000000E+006, +1.535238E-012
+1.84163625000000E+006, +1.607156E-012
+1.84538500000000E+006, +1.556299E-012
+1.84913375000000E+006, +4.138833E-012
+1.85288250000000E+006, +8.603606E-012
+1.85663125000000E+006, +3.496695E-012
+1.86038000000000E+006, +1.960118E-012
+1.86412875000000E+006, +2.587231E-012
+1.86787750000000E+006, +2.923467E-012
+1.87162625000000E+006, +1.403211E-012
+1.87537500000000E+006, +2.441450E-012
+1.87912375000000E+006, +3.388075E-012
+1.88287250000000E+006, +1.400115E-012
+1.88662125000000E+006, +2.430221E-012
+1.89037000000000E+006, +1.950249E-012
+1.89411875000000E+006, +2.111869E-012
+1.89786750000000E+006, +3.660027E-012
+1.90161625000000E+006, +1.643726E-012
+1.90536500000000E+006, +1.662041E-012
+1.90911375000000E+006, +1.463835E-012
+1.91286250000000E+006, +1.982251E-012
+1.91661125000000E+006, +1.946399E-012
+1.92036000000000E+006, +2.756984E-012
+1.92410875000000E+006, +2.416578E-012
+1.92785750000000E+006, +1.399166E-012
+1.93160625000000E+006, +1.762568E-012
+1.93535500000000E+006, +2.500555E-012
+1.93910375000000E+006, +2.024482E-012
+1.94285250000000E+006, +2.580429E-012
+1.94660125000000E+006, +1.792459E-012
+1.95035000000000E+006, +1.809015E-012
+1.95409875000000E+006, +1.045989E-012
+1.95784750000000E+006, +1.590792E-012
+1.96159625000000E+006, +3.236843E-012
+1.96534500000000E+006, +1.875789E-012
+1.96909375000000E+006, +2.051100E-012
+1.97284250000000E+006, +2.020688E-012
+1.97659125000000E+006, +2.397699E-012
+1.98034000000000E+006, +1.336260E-012
+1.98408875000000E+006, +2.361146E-012
+1.98783750000000E+006, +2.271057E-012
+1.99158625000000E+006, +1.924765E-012
+1.99533500000000E+006, +1.971349E-012
+1.99908375000000E+006, +1.521877E-012
+2.00283250000000E+006, +1.985045E-012
+2.00658125000000E+006, +1.973680E-012
+2.01033000000000E+006, +2.007692E-012
+2.01407875000000E+006, +1.427176E-012
+2.01782750000000E+006, +1.776013E-012
+2.02157625000000E+006, +1.799726E-012
+2.02532500000000E+006, +2.168783E-012
+2.02907375000000E+006, +1.673604E-012
+2.03282250000000E+006, +1.226330E-012
+2.03657125000000E+006, +2.591913E-012
+2.04032000000000E+006, +2.450647E-012
+2.04406875000000E+006, +1.955057E-012
+2.04781750000000E+006, +1.147801E-012
+2.05156625000000E+006, +1.226047E-012
+2.05531500000000E+006, +1.692551E-012
+2.05906375000000E+006, +1.516320E-012
+2.06281250000000E+006, +2.022409E-012
+2.06656125000000E+006, +1.848478E-012
+2.07031000000000E+006, +1.499182E-012
+2.07405875000000E+006, +1.175492E-012
+2.07780750000000E+006, +1.530472E-012
+2.08155625000000E+006, +1.768589E-012
+2.08530500000000E+006, +1.264277E-012
+2.08905375000000E+006, +1.595657E-012
+2.09280250000000E+006, +1.717686E-012
+2.09655125000000E+006, +1.341809E-012
+2.10030000000000E+006, +1.640637E-012
+2.10404875000000E+006, +1.896181E-012
+2.10779750000000E+006, +1.644689E-012
+2.11154625000000E+006, +1.396171E-012
+2.11529500000000E+006, +1.332695E-012
+2.11904375000000E+006, +1.378868E-012
+2.12279250000000E+006, +1.510890E-012
+2.12654125000000E+006, +1.875802E-012
+2.13029000000000E+006, +1.148671E-012
+2.13403875000000E+006, +1.722997E-012
+2.13778750000000E+006, +1.175414E-012
+2.14153625000000E+006, +1.532089E-012
+2.14528500000000E+006, +1.453864E-012
+2.14903375000000E+006, +1.754439E-012
+2.15278250000000E+006, +1.833805E-012
+2.15653125000000E+006, +1.498397E-012
+2.16028000000000E+006, +1.736018E-012
+2.16402875000000E+006, +1.701142E-012
+2.16777750000000E+006, +1.538233E-012
+2.17152625000000E+006, +1.626442E-012
+2.17527500000000E+006, +1.796563E-012
+2.17902375000000E+006, +1.008664E-012
+2.18277250000000E+006, +1.300546E-012
+2.18652125000000E+006, +1.510520E-012
+2.19027000000000E+006, +2.810454E-012
+2.19401875000000E+006, +1.218538E-012
+2.19776750000000E+006, +1.458064E-012
+2.20151625000000E+006, +1.739825E-012
+2.20526500000000E+006, +1.484030E-012
+2.20901375000000E+006, +1.464880E-012
+2.21276250000000E+006, +1.413214E-012
+2.21651125000000E+006, +1.618695E-012
+2.22026000000000E+006, +2.193733E-012
+2.22400875000000E+006, +1.887589E-012
+2.22775750000000E+006, +1.591664E-012
+2.23150625000000E+006, +1.806398E-012
+2.23525500000000E+006, +1.417207E-012
+2.23900375000000E+006, +2.302311E-012
+2.24275250000000E+006, +1.616742E-012
+2.24650125000000E+006, +1.397500E-012
+2.25025000000000E+006, +1.727874E-012
+2.25399875000000E+006, +1.429544E-012
+2.25774750000000E+006, +1.523561E-012
+2.26149625000000E+006, +1.621223E-012
+2.26524500000000E+006, +1.618299E-012
+2.26899375000000E+006, +1.271116E-012
+2.27274250000000E+006, +1.521383E-012
+2.27649125000000E+006, +1.053164E-012
+2.28024000000000E+006, +1.628184E-012
+2.28398875000000E+006, +1.995785E-012
+2.28773750000000E+006, +1.434385E-012
+2.29148625000000E+006, +1.759597E-012
+2.29523500000000E+006, +1.549828E-012
+2.29898375000000E+006, +1.762169E-012
+2.30273250000000E+006, +1.623976E-012
+2.30648125000000E+006, +1.478398E-012
+2.31023000000000E+006, +1.075725E-012
+2.31397875000000E+006, +1.109358E-012
+2.31772750000000E+006, +1.292677E-012
+2.32147625000000E+006, +1.290773E-012
+2.32522500000000E+006, +1.305791E-012
+2.32897375000000E+006, +1.511563E-012
+2.33272250000000E+006, +2.142075E-012
+2.33647125000000E+006, +1.471010E-012
+2.34022000000000E+006, +1.600548E-012
+2.34396875000000E+006, +9.680770E-013
+2.34771750000000E+006, +2.026783E-012
+2.35146625000000E+006, +1.440940E-012
+2.35521500000000E+006, +1.266280E-012
+2.35896375000000E+006, +1.386499E-012
+2.36271250000000E+006, +9.947655E-013
+2.36646125000000E+006, +1.997879E-012
+2.37021000000000E+006, +1.982861E-012
+2.37395875000000E+006, +1.752178E-012
+2.37770750000000E+006, +1.525699E-012
+2.38145625000000E+006, +1.595098E-012
+2.38520500000000E+006, +1.262428E-012
+2.38895375000000E+006, +1.576204E-012
+2.39270250000000E+006, +1.573980E-012
+2.39645125000000E+006, +1.367847E-012
+2.40020000000000E+006, +9.083928E-013
+2.40394875000000E+006, +1.499327E-012
+2.40769750000000E+006, +1.791685E-012
+2.41144625000000E+006, +1.086629E-012
+2.41519500000000E+006, +1.881828E-012
+2.41894375000000E+006, +1.244069E-012
+2.42269250000000E+006, +1.166883E-012
+2.42644125000000E+006, +1.805170E-012
+2.43019000000000E+006, +1.429057E-012
+2.43393875000000E+006, +1.619551E-012
+2.43768750000000E+006, +1.215083E-012
+2.44143625000000E+006, +1.167398E-012
+2.44518500000000E+006, +1.595782E-012
+2.44893375000000E+006, +1.394100E-012
+2.45268250000000E+006, +1.483945E-012
+2.45643125000000E+006, +1.543508E-012
+2.46018000000000E+006, +9.383656E-013
+2.46392875000000E+006, +1.149844E-012
+2.46767750000000E+006, +7.831379E-013
+2.47142625000000E+006, +1.836998E-012
+2.47517500000000E+006, +1.138548E-012
+2.47892375000000E+006, +1.591648E-012
+2.48267250000000E+006, +1.148955E-012
+2.48642125000000E+006, +2.051820E-012
+2.49017000000000E+006, +1.404235E-012
+2.49391875000000E+006, +1.536357E-012
+2.49766750000000E+006, +1.404567E-012
+2.50141625000000E+006, +1.531170E-012
+2.50516500000000E+006, +1.995666E-012
+2.50891375000000E+006, +1.730614E-012
+2.51266250000000E+006, +2.703876E-012
+2.51641125000000E+006, +2.040570E-012
+2.52016000000000E+006, +1.574667E-012
+2.52390875000000E+006, +1.865208E-012
+2.52765750000000E+006, +1.510719E-012
+2.53140625000000E+006, +1.292691E-012
+2.53515500000000E+006, +1.385989E-012
+2.53890375000000E+006, +1.038443E-012
+2.54265250000000E+006, +1.679684E-012
+2.54640125000000E+006, +2.234546E-012
+2.55015000000000E+006, +1.529579E-012
+2.55389875000000E+006, +1.514974E-012
+2.55764750000000E+006, +1.402954E-012
+2.56139625000000E+006, +1.139406E-012
+2.56514500000000E+006, +1.464497E-012
+2.56889375000000E+006, +1.307760E-012
+2.57264250000000E+006, +1.327207E-012
+2.57639125000000E+006, +1.558764E-012
+2.58014000000000E+006, +1.540000E-012
+2.58388875000000E+006, +1.711719E-012
+2.58763750000000E+006, +1.934726E-012
+2.59138625000000E+006, +1.919750E-012
+2.59513500000000E+006, +2.112136E-012
+2.59888375000000E+006, +1.957645E-012
+2.60263250000000E+006, +1.947435E-012
+2.60638125000000E+006, +2.129670E-012
+2.61013000000000E+006, +1.605325E-012
+2.61387875000000E+006, +1.178868E-012
+2.61762750000000E+006, +1.018139E-012
+2.62137625000000E+006, +1.313617E-012
+2.62512500000000E+006, +1.285520E-012
+2.62887375000000E+006, +1.300301E-012
+2.63262250000000E+006, +1.503792E-012
+2.63637125000000E+006, +1.743537E-012
+2.64012000000000E+006, +1.447566E-012
+2.64386875000000E+006, +1.129225E-012
+2.64761750000000E+006, +1.645915E-012
+2.65136625000000E+006, +1.362384E-012
+2.65511500000000E+006, +1.091197E-012
+2.65886375000000E+006, +1.589667E-012
+2.66261250000000E+006, +1.427716E-012
+2.66636125000000E+006, +1.485075E-012
+2.67011000000000E+006, +1.109639E-012
+2.67385875000000E+006, +1.801786E-012
+2.67760750000000E+006, +1.583192E-012
+2.68135625000000E+006, +1.319455E-012
+2.68510500000000E+006, +1.490556E-012
+2.68885375000000E+006, +1.391578E-012
+2.69260250000000E+006, +1.874111E-012
+2.69635125000000E+006, +1.491929E-012
+2.70010000000000E+006, +9.909347E-013
+2.70384875000000E+006, +1.645354E-012
+2.70759750000000E+006, +1.715017E-012
+2.71134625000000E+006, +1.625392E-012
+2.71509500000000E+006, +1.402164E-012
+2.71884375000000E+006, +1.990561E-012
+2.72259250000000E+006, +1.676289E-012
+2.72634125000000E+006, +1.612481E-012
+2.73009000000000E+006, +1.509503E-012
+2.73383875000000E+006, +1.041370E-012
+2.73758750000000E+006, +1.356820E-012
+2.74133625000000E+006, +1.325596E-012
+2.74508500000000E+006, +1.389093E-012
+2.74883375000000E+006, +1.111906E-012
+2.75258250000000E+006, +1.241775E-012
+2.75633125000000E+006, +1.679573E-012
+2.76008000000000E+006, +1.325065E-012
+2.76382875000000E+006, +1.338003E-012
+2.76757750000000E+006, +2.523083E-012
+2.77132625000000E+006, +2.083482E-012
+2.77507500000000E+006, +1.483960E-012
+2.77882375000000E+006, +1.375542E-012
+2.78257250000000E+006, +1.804662E-012
+2.78632125000000E+006, +1.683023E-012
+2.79007000000000E+006, +1.864695E-012
+2.79381875000000E+006, +1.217601E-012
+2.79756750000000E+006, +1.400215E-012
+2.80131625000000E+006, +1.336632E-012
+2.80506500000000E+006, +1.649002E-012
+2.80881375000000E+006, +2.351624E-012
+2.81256250000000E+006, +1.843271E-012
+2.81631125000000E+006, +1.657609E-012
+2.82006000000000E+006, +1.440299E-012
+2.82380875000000E+006, +2.275457E-012
+2.82755750000000E+006, +1.045490E-012
+2.83130625000000E+006, +1.097739E-012
+2.83505500000000E+006, +1.014564E-012
+2.83880375000000E+006, +1.346539E-012
+2.84255250000000E+006, +1.605994E-012
+2.84630125000000E+006, +1.434048E-012
+2.85005000000000E+006, +1.163783E-012
+2.85379875000000E+006, +1.782858E-012
+2.85754750000000E+006, +1.494542E-012
+2.86129625000000E+006, +1.127015E-012
+2.86504500000000E+006, +1.141367E-012
+2.86879375000000E+006, +1.197819E-012
+2.87254250000000E+006, +1.386080E-012
+2.87629125000000E+006, +1.260686E-012
+2.88004000000000E+006, +1.002294E-012
+2.88378875000000E+006, +1.627555E-012
+2.88753750000000E+006, +1.579812E-012
+2.89128625000000E+006, +1.587152E-012
+2.89503500000000E+006, +1.253934E-012
+2.89878375000000E+006, +1.492516E-012
+2.90253250000000E+006, +1.270334E-012
+2.90628125000000E+006, +1.816630E-012
+2.91003000000000E+006, +1.844315E-012
+2.91377875000000E+006, +1.348230E-012
+2.91752750000000E+006, +1.578503E-012
+2.92127625000000E+006, +1.743636E-012
+2.92502500000000E+006, +1.117750E-012
+2.92877375000000E+006, +1.256647E-012
+2.93252250000000E+006, +1.821239E-012
+2.93627125000000E+006, +1.312630E-012
+2.94002000000000E+006, +1.619743E-012
+2.94376875000000E+006, +1.215743E-012
+2.94751750000000E+006, +1.812879E-012
+2.95126625000000E+006, +1.986503E-012
+2.95501500000000E+006, +1.439417E-012
+2.95876375000000E+006, +1.696614E-012
+2.96251250000000E+006, +1.777314E-012
+2.96626125000000E+006, +1.687914E-012
+2.97001000000000E+006, +2.038091E-012
+2.97375875000000E+006, +1.629364E-012
+2.97750750000000E+006, +1.444316E-012
+2.98125625000000E+006, +1.561547E-012
+2.98500500000000E+006, +1.497935E-012
+2.98875375000000E+006, +1.976277E-012
+2.99250250000000E+006, +1.167994E-012
+2.99625125000000E+006, +1.774594E-012
+3.00000000000000E+006, +1.569763E-012
