# AG4395A Measurement
# Timestamp: Dec 18 2014 - 00:34:14
# Parameter File: SPAG4395Atemplate.yml
1000.0    1.348502e-05
1008.001    2.683342e-05
1016.003    3.49372e-05
1024.004    3.658426e-05
1032.005    3.515989e-05
1040.006    2.734126e-05
1048.008    4.295673e-06
1056.009    1.296679e-06
1064.01    9.578094e-07
1072.011    1.134585e-06
1080.013    1.120893e-06
1088.014    1.188022e-06
1096.015    1.261638e-06
1104.016    1.110316e-06
1112.018    8.20353e-07
1120.019    1.109444e-05
1128.02    2.42114e-05
1136.021    3.305419e-05
1144.023    3.524833e-05
1152.024    3.432604e-05
1160.025    2.770235e-05
1168.026    4.72933e-06
1176.028    1.337754e-06
1184.029    1.024855e-06
1192.03    6.460315e-07
1200.031    5.791606e-07
1208.033    5.027845e-07
1216.034    6.601609e-07
1224.035    1.207405e-06
1232.036    1.765327e-06
1240.038    3.601519e-06
1248.039    6.95334e-06
1256.04    9.621013e-06
1264.041    1.037129e-05
1272.043    1.026568e-05
1280.044    8.723485e-06
1288.045    2.026438e-06
1296.046    6.667009e-07
1304.048    4.076348e-07
1312.049    6.805693e-07
1320.05    6.742384e-07
1328.051    7.110874e-07
1336.053    7.672188e-07
1344.054    7.298414e-07
1352.055    1.07002e-06
1360.056    3.821091e-06
1368.058    8.809542e-06
1376.059    1.44959e-05
1384.06    1.443994e-05
1392.061    1.417762e-05
1400.063    7.728946e-06
1408.064    3.077538e-06
1416.065    9.154411e-07
1424.066    2.654954e-07
1432.068    3.13494e-07
1440.069    3.354828e-07
1448.07    3.281136e-07
1456.071    3.093211e-07
1464.073    3.622651e-07
1472.074    5.355753e-07
1480.075    2.035269e-06
1488.076    5.612714e-06
1496.078    1.027794e-05
1504.079    1.039315e-05
1512.08    1.030798e-05
1520.081    5.978326e-06
1528.083    2.428835e-06
1536.084    6.517375e-07
1544.085    3.897638e-07
1552.086    4.119594e-07
1560.088    3.650748e-07
1568.089    3.76621e-07
1576.09    4.628372e-07
1584.091    4.453103e-07
1592.093    3.823749e-07
1600.094    7.88094e-07
1608.095    2.29636e-06
1616.096    4.706828e-06
1624.098    4.753103e-06
1632.099    4.657593e-06
1640.1    2.923938e-06
1648.101    1.344507e-06
1656.103    5.960738e-07
1664.104    4.719195e-07
1672.105    5.157569e-07
1680.106    5.321727e-07
1688.108    3.629996e-07
1696.109    3.170879e-07
1704.11    3.090155e-07
1712.111    3.540532e-07
1720.113    1.041123e-06
1728.114    5.295305e-06
1736.115    6.442915e-06
1744.116    6.551582e-06
1752.118    5.874329e-06
1760.119    4.158318e-06
1768.12    1.823287e-06
1776.121    3.203636e-07
1784.123    3.720056e-07
1792.124    4.836743e-07
1800.125    5.241207e-07
1808.126    5.392413e-07
1816.128    5.432348e-07
1824.129    3.847478e-07
1832.13    4.388113e-07
1840.131    4.861091e-07
1848.133    8.784117e-07
1856.134    1.099766e-06
1864.135    1.110505e-06
1872.136    1.134025e-06
1880.138    1.001761e-06
1888.139    6.856451e-07
1896.14    2.977457e-07
1904.141    2.712191e-07
1912.143    3.662322e-07
1920.144    4.624182e-07
1928.145    5.00239e-07
1936.146    5.37456e-07
1944.148    3.945844e-07
1952.149    3.634105e-07
1960.15    4.398344e-07
1968.151    2.228429e-06
1976.153    2.952049e-06
1984.154    3.090734e-06
1992.155    2.811028e-06
2000.156    2.147875e-06
2008.158    1.07814e-06
2016.159    2.598668e-07
2024.16    2.850512e-07
2032.161    3.811617e-07
2040.163    4.851648e-07
2048.164    4.87e-07
2056.165    4.841431e-07
2064.166    2.947634e-07
2072.168    2.274164e-07
2080.169    2.291809e-07
2088.17    1.701728e-06
2096.171    2.446074e-06
2104.173    2.788166e-06
2112.174    2.839567e-06
2120.175    2.460971e-06
2128.176    7.841925e-07
2136.178    4.777839e-07
2144.179    3.78996e-07
2152.18    3.050518e-07
2160.181    2.754326e-07
2168.183    2.346825e-07
2176.184    1.735251e-07
2184.185    2.190162e-07
2192.186    2.969364e-07
2200.188    8.369684e-07
2208.189    2.009674e-06
2216.19    3.014027e-06
2224.191    3.381849e-06
2232.193    3.330627e-06
2240.194    2.835796e-06
2248.195    5.907232e-07
2256.196    2.73092e-07
2264.198    2.253699e-07
2272.199    1.589773e-07
2280.2    1.756943e-07
2288.201    2.23953e-07
2296.203    3.544038e-07
2304.204    4.189772e-07
2312.205    4.349946e-07
2320.206    1.175021e-06
2328.208    2.980527e-06
2336.209    4.61559e-06
2344.21    5.25721e-06
2352.211    5.193176e-06
2360.213    4.572781e-06
2368.214    1.281557e-06
2376.215    5.210183e-07
2384.216    3.5211e-07
2392.218    2.451886e-07
2400.219    2.018231e-07
2408.22    1.425916e-07
2416.221    1.953689e-07
2424.223    2.394638e-07
2432.224    2.888583e-07
2440.225    4.650139e-07
2448.226    1.158311e-06
2456.228    2.316864e-06
2464.229    2.395506e-06
2472.23    2.423576e-06
2480.231    1.583484e-06
2488.233    8.227096e-07
2496.234    4.213798e-07
2504.235    3.264499e-07
2512.236    3.237191e-07
2520.238    3.078366e-07
2528.239    2.451845e-07
2536.24    1.928844e-07
2544.241    1.757952e-07
2552.243    2.264603e-07
2560.244    4.250629e-07
2568.245    1.050302e-06
2576.246    2.11001e-06
2584.248    2.136567e-06
2592.249    2.102832e-06
2600.25    1.414224e-06
2608.251    7.089806e-07
2616.253    3.122803e-07
2624.254    1.745081e-07
2632.255    1.6569e-07
2640.256    1.804749e-07
2648.258    2.703166e-07
2656.259    3.315028e-07
2664.26    3.420944e-07
2672.261    3.369812e-07
2680.263    3.341871e-07
2688.264    7.488734e-07
2696.265    1.921793e-06
2704.266    2.067319e-06
2712.268    2.125975e-06
2720.269    1.600974e-06
2728.27    9.081564e-07
2736.271    4.240035e-07
2744.273    2.000493e-07
2752.274    2.08435e-07
2760.275    2.402727e-07
2768.276    2.753109e-07
2776.278    2.964098e-07
2784.279    2.974994e-07
2792.28    2.623786e-07
2800.281    3.159198e-07
2808.283    1.769995e-06
2816.284    2.27393e-06
2824.285    2.322173e-06
2832.286    2.097682e-06
2840.288    1.581546e-06
2848.289    7.560561e-07
2856.29    2.525702e-07
2864.291    2.900792e-07
2872.293    3.321503e-07
2880.294    3.123745e-07
2888.295    2.514228e-07
2896.296    2.580659e-07
2904.298    3.644126e-07
2912.299    3.743693e-07
2920.3    1.686903e-07
2928.301    2.114181e-06
2936.303    3.075948e-06
2944.304    3.357319e-06
2952.305    3.348537e-06
2960.306    2.771064e-06
2968.308    1.630299e-06
2976.309    4.35383e-07
2984.31    3.739468e-07
2992.311    3.542537e-07
3000.313    2.940399e-07
3008.314    2.627384e-07
3016.315    2.791066e-07
3024.316    2.15566e-07
3032.318    1.760844e-07
3040.319    1.891033e-07
3048.32    1.667167e-06
3056.321    2.427961e-06
3064.323    2.648909e-06
3072.324    2.554912e-06
3080.325    2.154625e-06
3088.326    1.311163e-06
3096.328    3.129292e-07
3104.329    3.050565e-07
3112.33    3.224924e-07
3120.331    2.501715e-07
3128.333    1.875751e-07
3136.334    2.305272e-07
3144.335    2.645292e-07
3152.336    2.325288e-07
3160.338    2.323234e-07
3168.339    1.830896e-06
3176.34    2.748561e-06
3184.341    3.012553e-06
3192.343    2.993377e-06
3200.344    2.64622e-06
3208.345    8.278084e-07
3216.346    4.732699e-07
3224.348    4.131883e-07
3232.349    4.441487e-07
3240.35    4.013251e-07
3248.351    3.369847e-07
3256.353    3.573064e-07
3264.354    3.45187e-07
3272.355    3.229464e-07
3280.356    6.02783e-07
3288.358    1.973109e-06
3296.359    3.304827e-06
3304.36    3.962248e-06
3312.361    3.99797e-06
3320.363    3.641967e-06
3328.364    1.18626e-06
3336.365    5.518415e-07
3344.366    4.586095e-07
3352.368    4.866406e-07
3360.369    4.494851e-07
3368.37    3.582101e-07
3376.371    2.915433e-07
3384.373    2.794151e-07
3392.374    2.865671e-07
3400.375    5.524818e-07
3408.376    1.673877e-06
3416.378    2.929905e-06
3424.379    3.522026e-06
3432.38    3.464761e-06
3440.381    3.175987e-06
3448.383    1.065071e-06
3456.384    5.362266e-07
3464.385    5.011449e-07
3472.386    5.074347e-07
3480.388    4.750337e-07
3488.389    4.06891e-07
3496.39    3.270744e-07
3504.391    3.078496e-07
3512.393    3.047573e-07
3520.394    6.559012e-07
3528.395    2.131423e-06
3536.396    4.933779e-06
3544.398    5.069306e-06
3552.399    5.06476e-06
3560.4    3.575625e-06
3568.401    1.803324e-06
3576.403    6.496616e-07
3584.404    2.731629e-07
3592.405    3.293059e-07
3600.406    3.631094e-07
3608.408    3.164484e-07
3616.409    3.320075e-07
3624.41    3.449868e-07
3632.411    5.47951e-07
3640.413    7.232288e-07
3648.414    1.637703e-06
3656.415    3.956417e-06
3664.416    4.063872e-06
3672.418    3.991697e-06
3680.419    2.951264e-06
3688.42    1.582241e-06
3696.421    6.416969e-07
3704.423    3.587103e-07
3712.424    3.376306e-07
3720.425    3.16099e-07
3728.426    2.023676e-07
3736.428    2.095946e-07
3744.429    2.025468e-07
3752.43    2.452518e-07
3760.431    3.702585e-07
3768.433    1.038482e-06
3776.434    2.850715e-06
3784.435    2.976281e-06
3792.436    2.945616e-06
3800.438    2.375447e-06
3808.439    1.401498e-06
3816.44    6.580399e-07
3824.441    4.281181e-07
3832.443    3.789204e-07
3840.444    2.998344e-07
3848.445    1.336533e-07
3856.446    2.799074e-07
3864.448    3.417574e-07
3872.449    3.607576e-07
3880.45    4.006434e-07
3888.451    8.958462e-07
3896.453    2.654941e-06
3904.454    2.835488e-06
3912.455    2.66799e-06
3920.456    2.214994e-06
3928.458    1.316574e-06
3936.459    2.326224e-07
3944.46    2.811475e-07
3952.461    3.56824e-07
3960.463    3.930276e-07
3968.464    4.368468e-07
3976.465    5.494934e-07
3984.466    4.862945e-07
3992.468    3.945546e-07
4000.469    3.352323e-07
4008.47    1.767121e-06
4016.471    2.628312e-06
4024.473    2.861086e-06
4032.474    2.625506e-06
4040.475    2.244983e-06
4048.476    1.416719e-06
4056.478    3.044116e-07
4064.479    2.344556e-07
4072.48    2.390318e-07
4080.481    2.523396e-07
4088.483    2.328277e-07
4096.484    2.836923e-07
4104.485    3.136211e-07
4112.486    2.827921e-07
4120.488    2.423703e-07
4128.489    1.037439e-06
4136.49    1.704749e-06
4144.491    1.94883e-06
4152.493    1.897631e-06
4160.494    1.70569e-06
4168.495    1.200378e-06
4176.496    4.689953e-07
4184.498    3.924614e-07
4192.499    3.774875e-07
4200.5    3.061836e-07
4208.501    2.783448e-07
4216.503    3.563663e-07
4224.504    3.85293e-07
4232.505    3.738888e-07
4240.506    3.286701e-07
4248.508    1.417676e-06
4256.509    2.442581e-06
4264.51    2.938272e-06
4272.511    2.89646e-06
4280.513    2.629258e-06
4288.514    8.970937e-07
4296.515    4.500962e-07
4304.516    4.194118e-07
4312.518    4.887347e-07
4320.519    4.29206e-07
4328.52    2.924994e-07
4336.521    3.20244e-07
4344.523    3.462316e-07
4352.524    3.464389e-07
4360.525    2.71805e-07
4368.526    1.035779e-06
4376.528    1.97868e-06
4384.529    2.452606e-06
4392.53    2.41582e-06
4400.531    2.271585e-06
4408.533    9.500231e-07
4416.534    6.201157e-07
4424.535    5.757549e-07
4432.536    4.766163e-07
4440.538    3.619984e-07
4448.539    2.382478e-07
4456.54    4.719678e-07
4464.541    5.077392e-07
4472.543    5.015822e-07
4480.544    4.778361e-07
4488.545    1.441014e-06
4496.546    2.76125e-06
4504.548    3.532545e-06
4512.549    3.432509e-06
4520.55    3.191364e-06
4528.551    1.169103e-06
4536.553    3.855596e-07
4544.554    2.929158e-07
4552.555    3.064043e-07
4560.556    3.101832e-07
4568.558    2.979805e-07
4576.559    3.748726e-07
4584.56    3.637151e-07
4592.561    3.521128e-07
4600.563    5.077095e-07
4608.564    1.248557e-06
4616.565    3.018465e-06
4624.566    3.048246e-06
4632.568    2.921428e-06
4640.569    2.115995e-06
4648.57    1.111122e-06
4656.571    4.600661e-07
4664.573    3.629017e-07
4672.574    3.781116e-07
4680.575    3.654058e-07
4688.576    3.139554e-07
4696.578    3.922823e-07
4704.579    4.139862e-07
4712.58    4.469893e-07
4720.581    5.223804e-07
4728.583    1.177865e-06
4736.584    3.285944e-06
4744.585    3.467779e-06
4752.586    3.414916e-06
4760.588    2.718178e-06
4768.589    1.589715e-06
4776.59    6.638255e-07
4784.591    3.965031e-07
4792.593    4.35598e-07
4800.594    4.566111e-07
4808.595    3.58144e-07
4816.596    4.56716e-07
4824.598    5.061377e-07
4832.599    4.980992e-07
4840.6    4.763049e-07
4848.601    1.066165e-06
4856.603    3.575658e-06
4864.604    3.873626e-06
4872.605    3.821672e-06
4880.606    3.188957e-06
4888.608    1.999753e-06
4896.609    8.970804e-07
4904.61    4.045699e-07
4912.611    3.854441e-07
4920.613    3.731565e-07
4928.614    3.56253e-07
4936.615    4.754116e-07
4944.616    5.00258e-07
4952.618    4.677443e-07
4960.619    4.889045e-07
4968.62    9.301222e-07
4976.621    3.355499e-06
4984.623    3.71949e-06
4992.624    3.586758e-06
5000.625    3.181435e-06
5008.626    2.107938e-06
5016.628    5.036961e-07
5024.629    4.330741e-07
5032.63    4.118359e-07
5040.631    2.821124e-07
5048.633    1.643343e-07
5056.634    3.007443e-07
5064.635    5.235523e-07
5072.636    5.192808e-07
5080.638    4.879626e-07
5088.639    1.959284e-06
5096.64    3.144512e-06
5104.641    3.605242e-06
5112.643    3.40527e-06
5120.644    3.008855e-06
5128.645    2.043799e-06
5136.646    4.632938e-07
5144.648    4.141392e-07
5152.649    4.300196e-07
5160.65    4.067104e-07
5168.651    3.577985e-07
5176.653    4.306077e-07
5184.654    5.055697e-07
5192.655    4.999096e-07
5200.656    4.958487e-07
5208.658    1.549254e-06
5216.659    2.595741e-06
5224.66    3.057502e-06
5232.661    2.865309e-06
5240.663    2.574116e-06
5248.664    1.856035e-06
5256.665    6.996251e-07
5264.666    6.280923e-07
5272.668    5.458184e-07
5280.669    4.053943e-07
5288.67    4.308417e-07
5296.671    5.666398e-07
5304.673    5.964841e-07
5312.674    5.095008e-07
5320.675    4.327586e-07
5328.676    1.571133e-06
5336.678    3.076248e-06
5344.679    4.022688e-06
5352.68    3.987265e-06
5360.681    3.786086e-06
5368.683    1.575134e-06
5376.684    7.48865e-07
5384.685    5.553565e-07
5392.686    4.654503e-07
5400.688    3.969557e-07
5408.689    2.661786e-07
5416.69    3.628749e-07
5424.691    3.825998e-07
5432.693    3.554169e-07
5440.694    5.06723e-07
5448.695    1.457478e-06
5456.696    2.836686e-06
5464.698    3.813294e-06
5472.699    3.747803e-06
5480.7    3.532795e-06
5488.701    1.564115e-06
5496.703    8.512968e-07
5504.704    7.211891e-07
5512.705    6.371623e-07
5520.706    5.582917e-07
5528.708    4.055459e-07
5536.709    3.59298e-07
5544.71    4.329336e-07
5552.711    4.40222e-07
5560.713    4.415239e-07
5568.714    9.251581e-07
5576.715    1.846002e-06
5584.716    2.534173e-06
5592.718    2.415611e-06
5600.719    2.264215e-06
5608.72    1.110423e-06
5616.721    6.537638e-07
5624.723    5.727662e-07
5632.724    5.36388e-07
5640.725    4.549414e-07
5648.726    2.912457e-07
5656.728    5.609567e-07
5664.729    6.414618e-07
5672.73    6.051795e-07
5680.731    4.157873e-07
5688.733    9.434465e-07
5696.734    2.241297e-06
5704.735    3.469295e-06
5712.736    3.395613e-06
5720.738    2.703689e-06
5728.739    1.645773e-06
5736.74    8.003389e-07
5744.741    6.475152e-07
5752.743    6.689775e-07
5760.744    6.32619e-07
5768.745    2.720923e-07
5776.746    3.84503e-07
5784.748    5.218003e-07
5792.749    5.750465e-07
5800.75    5.230553e-07
5808.751    1.002186e-06
5816.753    3.590167e-06
5824.754    3.903555e-06
5832.755    3.816416e-06
5840.756    3.234445e-06
5848.758    2.124081e-06
5856.759    1.096123e-06
5864.76    7.363354e-07
5872.761    7.634214e-07
5880.763    7.662987e-07
5888.764    5.429062e-07
5896.765    6.131286e-07
5904.766    6.807873e-07
5912.768    7.848774e-07
5920.769    8.363876e-07
5928.77    1.089168e-06
5936.771    3.632498e-06
5944.773    4.101537e-06
5952.774    4.080194e-06
5960.775    3.711662e-06
5968.776    2.616548e-06
5976.778    1.386127e-06
5984.779    7.764347e-07
5992.78    7.762912e-07
6000.781    7.359426e-07
6008.783    3.895257e-07
6016.784    5.315499e-07
6024.785    7.21272e-07
6032.786    8.238234e-07
6040.788    8.187893e-07
6048.789    9.045505e-07
6056.79    3.340464e-06
6064.791    3.886209e-06
6072.793    3.746177e-06
6080.794    3.441147e-06
6088.795    2.469884e-06
6096.796    6.299367e-07
6104.798    5.466263e-07
6112.799    5.309806e-07
6120.8    4.165644e-07
6128.801    4.611503e-07
6136.803    7.294662e-07
6144.804    8.916186e-07
6152.805    8.358846e-07
6160.806    7.494745e-07
6168.808    2.166391e-06
6176.809    4.021387e-06
6184.81    4.960076e-06
6192.811    4.879382e-06
6200.813    4.480887e-06
6208.814    3.285267e-06
6216.815    8.064503e-07
6224.816    7.332409e-07
6232.818    7.859231e-07
6240.819    6.99681e-07
6248.82    5.00746e-07
6256.821    5.160778e-07
6264.823    7.746215e-07
6272.824    7.931004e-07
6280.825    8.153631e-07
6288.826    2.398105e-06
6296.828    4.609667e-06
6304.829    5.894461e-06
6312.83    5.94756e-06
6320.831    5.620001e-06
6328.833    4.350009e-06
6336.834    1.131945e-06
6344.835    8.743829e-07
6352.836    8.320345e-07
6360.838    6.909248e-07
6368.839    5.402683e-07
6376.84    5.550507e-07
6384.841    7.993969e-07
6392.843    7.559245e-07
6400.844    7.17867e-07
6408.845    1.762222e-06
6416.846    3.61069e-06
6424.848    5.007547e-06
6432.849    4.887172e-06
6440.85    4.633052e-06
6448.851    2.210663e-06
6456.853    1.181201e-06
6464.854    9.106103e-07
6472.855    6.328202e-07
6480.856    5.116788e-07
6488.858    4.028371e-07
6496.859    8.223092e-07
6504.86    8.971847e-07
6512.861    8.085634e-07
6520.863    5.900291e-07
6528.864    1.619293e-06
6536.865    3.689678e-06
6544.866    5.605656e-06
6552.868    5.522882e-06
6560.869    5.332342e-06
6568.87    2.750243e-06
6576.871    1.348985e-06
6584.873    9.380988e-07
6592.874    8.507247e-07
6600.875    6.932461e-07
6608.876    3.683482e-07
6616.878    7.476808e-07
6624.879    9.425535e-07
6632.88    9.923391e-07
6640.881    8.38844e-07
6648.883    1.43574e-06
6656.884    3.328526e-06
6664.885    5.413063e-06
6672.886    5.346921e-06
6680.888    5.180703e-06
6688.889    2.874404e-06
6696.89    1.451385e-06
6704.891    1.003146e-06
6712.893    9.973476e-07
6720.894    9.630512e-07
6728.895    7.731479e-07
6736.896    8.123155e-07
6744.898    1.011432e-06
6752.899    1.063013e-06
6760.9    8.869746e-07
6768.901    1.044743e-06
6776.903    2.614281e-06
6784.904    4.796847e-06
6792.905    4.792621e-06
6800.906    4.181738e-06
6808.908    2.89304e-06
6816.909    1.598103e-06
6824.91    1.005742e-06
6832.911    9.503476e-07
6840.913    8.652025e-07
6848.914    3.708195e-07
6856.915    6.33613e-07
6864.916    8.796785e-07
6872.918    8.577363e-07
6880.919    7.458862e-07
6888.92    8.418805e-07
6896.921    3.736538e-06
6904.923    4.343558e-06
6912.924    4.318796e-06
6920.925    3.903907e-06
6928.926    2.849595e-06
6936.928    1.622184e-06
6944.929    9.966202e-07
6952.93    1.009395e-06
6960.931    9.468178e-07
6968.933    2.805431e-07
6976.934    6.289369e-07
6984.935    1.000515e-06
6992.936    1.033302e-06
7000.938    9.174946e-07
7008.939    9.081313e-07
7016.94    4.168815e-06
7024.941    5.009754e-06
7032.943    4.991578e-06
7040.944    4.456689e-06
7048.945    3.264972e-06
7056.946    1.725522e-06
7064.948    8.69239e-07
7072.949    9.106376e-07
7080.95    8.984416e-07
7088.951    4.243893e-07
7096.953    6.433472e-07
7104.954    9.427472e-07
7112.955    9.07336e-07
7120.956    8.113574e-07
7128.958    7.850037e-07
7136.959    4.864792e-06
7144.96    6.096166e-06
7152.961    5.97327e-06
7160.963    5.572957e-06
7168.964    4.210404e-06
7176.965    1.185843e-06
7184.966    1.033407e-06
7192.968    1.015664e-06
7200.969    9.147843e-07
7208.97    8.217268e-07
7216.971    1.036612e-06
7224.973    1.391561e-06
7232.974    1.334633e-06
7240.975    1.292453e-06
7248.976    2.180541e-06
7256.978    4.28524e-06
7264.979    5.582222e-06
7272.98    5.552403e-06
7280.981    5.325135e-06
7288.983    4.314886e-06
7296.984    1.441003e-06
7304.985    1.256681e-06
7312.986    1.302624e-06
7320.988    1.137438e-06
7328.989    8.348831e-07
7336.99    7.532444e-07
7344.991    1.046439e-06
7352.993    9.530027e-07
7360.994    6.763017e-07
7368.995    2.070743e-06
7376.996    4.303703e-06
7384.998    5.745932e-06
7392.999    5.470807e-06
7401.0    5.017266e-06
7401.0    2.251993e-06
7460.214    2.488669e-06
7519.428    2.675745e-06
7578.641    2.511576e-06
7637.855    2.348302e-06
7697.069    1.888914e-06
7756.283    1.975068e-06
7815.496    2.127518e-06
7874.71    2.557066e-06
7933.924    3.031568e-06
7993.138    3.15134e-06
8052.351    2.851698e-06
8111.565    2.396597e-06
8170.779    1.476239e-06
8229.993    1.536643e-06
8289.206    1.811663e-06
8348.42    2.287015e-06
8407.634    2.755447e-06
8466.848    2.782887e-06
8526.061    2.391945e-06
8585.275    1.897983e-06
8644.489    1.27019e-06
8703.703    1.363159e-06
8762.916    1.564695e-06
8822.13    1.86246e-06
8881.344    2.086799e-06
8940.558    2.165032e-06
8999.771    2.04809e-06
9058.985    1.927e-06
9118.199    1.856023e-06
9177.413    1.611115e-06
9236.626    1.473758e-06
9295.84    1.363044e-06
9355.054    1.312502e-06
9414.268    1.186902e-06
9473.481    1.194987e-06
9532.695    1.201415e-06
9591.909    1.210237e-06
9651.123    1.228458e-06
9710.336    1.222278e-06
9769.55    1.175554e-06
9828.764    1.110501e-06
9887.978    7.684892e-07
9947.191    7.123577e-07
10006.405    8.440716e-07
10065.619    9.721131e-07
10124.833    1.103498e-06
10184.046    1.134854e-06
10243.26    1.101203e-06
10302.474    1.059107e-06
10361.688    7.981835e-07
10420.901    6.35109e-07
10480.115    4.808709e-07
10539.329    5.180987e-07
10598.543    6.076986e-07
10657.756    8.663371e-07
10716.97    8.747065e-07
10776.184    8.377331e-07
10835.398    7.457599e-07
10894.611    9.169439e-07
10953.825    9.806271e-07
11013.039    9.90929e-07
11072.253    8.831968e-07
11131.466    5.439092e-07
11190.68    3.649878e-07
11249.894    4.489415e-07
11309.108    6.145459e-07
11368.321    8.24922e-07
11427.535    8.023129e-07
11486.749    7.250741e-07
11545.963    5.862826e-07
11605.176    5.212104e-07
11664.39    5.413949e-07
11723.604    6.191245e-07
11782.818    6.756434e-07
11842.031    6.954695e-07
11901.245    6.45118e-07
11960.459    6.306254e-07
12019.673    5.810936e-07
12078.886    4.447402e-07
12138.1    1.879685e-07
12197.314    3.114996e-07
12256.528    4.137032e-07
12315.741    5.184961e-07
12374.955    6.501941e-07
12434.169    6.36272e-07
12493.383    5.804745e-07
12552.596    5.649571e-07
12611.81    5.521862e-07
12671.024    5.274559e-07
12730.238    5.03669e-07
12789.451    4.649425e-07
12848.665    4.175379e-07
12907.879    4.296716e-07
12967.093    4.515588e-07
13026.306    5.266594e-07
13085.52    6.722488e-07
13144.734    6.825126e-07
13203.948    6.599249e-07
13263.161    6.571445e-07
13322.375    6.680151e-07
13381.589    6.601777e-07
13440.803    6.023796e-07
13500.016    5.292821e-07
13559.23    5.647152e-07
13618.444    7.268147e-07
13677.658    7.174999e-07
13736.871    6.760304e-07
13796.085    7.025066e-07
13855.299    8.049084e-07
13914.513    7.049207e-07
13973.726    5.981858e-07
14032.94    5.431288e-07
14092.154    5.764796e-07
14151.368    6.208795e-07
14210.581    6.078492e-07
14269.795    5.34248e-07
14329.009    3.886724e-07
14388.223    3.327704e-07
14447.436    3.348318e-07
14506.65    4.340581e-07
14565.864    4.627306e-07
14625.078    5.293806e-07
14684.291    6.441426e-07
14743.505    6.717815e-07
14802.719    4.630666e-07
14861.933    4.619201e-07
14921.146    4.671203e-07
14980.36    4.826019e-07
15039.574    5.049296e-07
15098.788    5.105831e-07
15158.001    5.517261e-07
15217.215    5.942239e-07
15276.429    6.648012e-07
15335.643    8.016876e-07
15394.856    8.733819e-07
15454.07    9.909705e-07
15513.284    1.129004e-06
15572.498    1.796049e-06
15631.711    2.500238e-06
15690.925    2.867154e-06
15750.139    2.83501e-06
15809.353    2.459155e-06
15868.566    2.233243e-06
15927.78    1.707474e-06
15986.994    9.397932e-07
16046.208    5.96084e-07
16105.421    7.157742e-07
16164.635    7.525546e-07
16223.849    7.39773e-07
16283.063    8.525712e-07
16342.276    8.648426e-07
16401.49    8.079407e-07
16460.704    7.818208e-07
16519.918    7.969565e-07
16579.131    9.214675e-07
16638.345    9.711807e-07
16697.559    8.166178e-07
16756.773    4.909917e-07
16815.986    2.633279e-07
16875.2    3.707426e-07
16934.414    4.660826e-07
16993.628    6.29637e-07
17052.841    8.421509e-07
17112.055    8.387992e-07
17171.269    8.44271e-07
17230.483    8.806479e-07
17289.696    9.171102e-07
17348.91    9.043322e-07
17408.124    8.726547e-07
17467.338    8.243067e-07
17526.551    9.218711e-07
17585.765    1.004831e-06
17644.979    1.041142e-06
17704.193    9.797584e-07
17763.406    6.291362e-07
17822.62    6.170062e-07
17881.834    7.981113e-07
17941.048    9.925394e-07
18000.261    1.228119e-06
18059.475    1.236506e-06
18118.689    1.182534e-06
18177.903    1.195577e-06
18237.116    1.282228e-06
18296.33    1.338966e-06
18355.544    1.342495e-06
18414.758    1.312192e-06
18473.971    1.256406e-06
18533.185    1.006212e-06
18592.399    8.752565e-07
18651.613    8.00975e-07
18710.826    7.419141e-07
18770.04    7.239668e-07
18829.254    6.369542e-07
18888.468    5.632254e-07
18947.681    6.593279e-07
19006.895    1.016927e-06
19066.109    1.084843e-06
19125.323    1.029405e-06
19184.536    9.484533e-07
19243.75    8.745084e-07
19302.964    8.995284e-07
19362.178    8.26008e-07
19421.391    7.013321e-07
19480.605    5.347089e-07
19539.819    7.048411e-07
19599.033    9.295402e-07
19658.246    1.144288e-06
19717.46    1.37588e-06
19776.674    1.92149e-06
19835.888    2.003097e-06
19895.101    1.943392e-06
19954.315    1.830669e-06
20013.529    1.399911e-06
20072.743    1.076252e-06
20131.956    8.102047e-07
20191.17    7.44545e-07
20250.384    9.756775e-07
20309.598    1.018543e-06
20368.811    9.580016e-07
20428.025    8.313519e-07
20487.239    5.076731e-07
20546.453    5.255117e-07
20605.666    6.594716e-07
20664.88    6.71548e-07
20724.094    3.368671e-07
20783.308    4.04474e-07
20842.521    4.774599e-07
20901.735    5.199363e-07
20960.949    6.590633e-07
21020.163    6.751976e-07
21079.376    6.537074e-07
21138.59    6.878867e-07
21197.804    7.679751e-07
21257.018    6.691085e-07
21316.231    5.103458e-07
21375.445    5.980573e-07
21434.659    9.054298e-07
21493.873    1.464033e-06
21553.086    1.613218e-06
21612.3    1.63646e-06
21671.514    1.579718e-06
21730.728    1.280035e-06
21789.941    1.008252e-06
21849.155    9.390473e-07
21908.369    1.014281e-06
21967.583    1.357154e-06
22026.796    1.53872e-06
22086.01    1.624638e-06
22145.224    1.61765e-06
22204.438    1.685756e-06
22263.651    1.74268e-06
22322.865    1.767488e-06
22382.079    1.717582e-06
22441.293    1.210647e-06
22500.506    1.066816e-06
22559.72    1.029386e-06
22618.934    1.027138e-06
22678.148    1.079687e-06
22737.361    1.310497e-06
22796.575    1.331428e-06
22855.789    1.206736e-06
22915.003    1.013839e-06
22974.216    6.922657e-07
23033.43    6.765412e-07
23092.644    7.677637e-07
23151.858    9.434876e-07
23211.071    9.345004e-07
23270.285    7.510342e-07
23329.499    6.626689e-07
23388.713    7.233342e-07
23447.926    8.545816e-07
23507.14    1.045863e-06
23566.354    1.306454e-06
23625.568    1.581103e-06
23684.781    1.658056e-06
23743.995    1.445558e-06
23803.209    1.190469e-06
23862.423    1.040063e-06
23921.636    7.509515e-07
23980.85    6.727273e-07
24040.064    7.39e-07
24099.278    8.653832e-07
24158.491    1.041781e-06
24217.705    1.254757e-06
24276.919    1.184968e-06
24336.133    1.14383e-06
24395.346    1.181047e-06
24454.56    1.219177e-06
24513.774    1.079912e-06
24572.988    1.034423e-06
24632.201    1.082099e-06
24691.415    1.341684e-06
24750.629    1.439661e-06
24809.843    1.439556e-06
24869.056    1.462303e-06
24928.27    1.526167e-06
24987.484    1.488262e-06
25046.698    1.35571e-06
25105.911    1.117528e-06
25165.125    6.598945e-07
25224.339    6.488202e-07
25283.553    6.59489e-07
25342.766    7.878904e-07
25401.98    9.503037e-07
25461.194    1.110074e-06
25520.408    1.250548e-06
25579.621    1.29696e-06
25638.835    1.366621e-06
25698.049    1.695715e-06
25757.263    1.745468e-06
25816.476    1.548951e-06
25875.69    1.321779e-06
25934.904    1.216996e-06
25994.118    1.172381e-06
26053.331    1.123605e-06
26112.545    1.113255e-06
26171.759    1.420869e-06
26230.973    1.519775e-06
26290.186    1.677803e-06
26349.4    2.016261e-06
26408.614    2.537514e-06
26467.828    2.570336e-06
26527.041    2.448057e-06
26586.255    2.197097e-06
26645.469    1.413923e-06
26704.683    1.269964e-06
26763.896    1.465485e-06
26823.11    1.611262e-06
26882.324    1.704519e-06
26941.538    1.685137e-06
27000.751    1.458842e-06
27059.965    1.215505e-06
27119.179    1.343347e-06
27178.393    1.444424e-06
27237.606    1.363205e-06
27296.82    1.193034e-06
27356.034    1.062331e-06
27415.248    1.050091e-06
27474.461    1.147063e-06
27533.675    1.099094e-06
27592.889    9.611605e-07
27652.103    9.873942e-07
27711.316    1.148135e-06
27770.53    1.248837e-06
27829.744    1.285944e-06
27888.958    1.059453e-06
27948.171    9.392938e-07
28007.385    9.483149e-07
28066.599    1.031249e-06
28125.813    1.197677e-06
28185.026    1.090865e-06
28244.24    8.664956e-07
28303.454    7.59449e-07
28362.668    1.094596e-06
28421.881    1.152117e-06
28481.095    1.223666e-06
28540.309    1.320847e-06
28599.523    9.902578e-07
28658.736    7.697706e-07
28717.95    9.805469e-07
28777.164    1.307271e-06
28836.378    1.418647e-06
28895.591    1.164283e-06
28954.805    1.177976e-06
29014.019    1.179013e-06
29073.233    1.19747e-06
29132.446    1.608986e-06
29191.66    1.782621e-06
29250.874    1.813754e-06
29310.088    1.830678e-06
29369.301    2.246393e-06
29428.515    2.536841e-06
29487.729    2.63834e-06
29546.943    2.618913e-06
29606.156    2.247327e-06
29665.37    1.891245e-06
29724.584    1.51199e-06
29783.798    1.25714e-06
29843.011    1.2684e-06
29902.225    1.622138e-06
29961.439    1.937591e-06
30020.653    1.990763e-06
30079.866    1.94304e-06
30139.08    1.991069e-06
30198.294    1.885495e-06
30257.508    1.614527e-06
30316.721    1.407845e-06
30375.935    1.382105e-06
30435.149    1.586954e-06
30494.363    1.954244e-06
30553.576    2.277767e-06
30612.79    2.14734e-06
30672.004    1.799917e-06
30731.218    1.630919e-06
30790.431    1.6234e-06
30849.645    1.285854e-06
30908.859    8.262539e-07
30968.073    8.474169e-07
31027.286    1.148284e-06
31086.5    1.406024e-06
31145.714    1.686239e-06
31204.928    1.877036e-06
31264.141    1.855786e-06
31323.355    1.911437e-06
31382.569    1.937422e-06
31441.783    1.567596e-06
31500.996    1.032065e-06
31560.21    1.016669e-06
31619.424    9.827579e-07
31678.638    9.807444e-07
31737.851    1.024219e-06
31797.065    1.088649e-06
31856.279    1.403217e-06
31915.493    1.788713e-06
31974.706    2.110224e-06
32033.92    2.253165e-06
32093.134    2.317492e-06
32152.348    2.26302e-06
32211.561    1.963217e-06
32270.775    1.674734e-06
32329.989    2.241958e-06
32389.203    2.498296e-06
32448.416    2.57332e-06
32507.63    2.542945e-06
32566.844    2.164284e-06
32626.058    2.143666e-06
32685.271    2.489135e-06
32744.485    2.841987e-06
32803.699    2.982535e-06
32862.913    2.853807e-06
32922.126    2.748301e-06
32981.34    2.468658e-06
33040.554    1.444759e-06
33099.768    1.211621e-06
33158.981    1.138051e-06
33218.195    1.06543e-06
33277.409    1.059487e-06
33336.623    1.364734e-06
33395.836    1.722514e-06
33455.05    2.085614e-06
33514.264    2.141664e-06
33573.478    1.723528e-06
33632.691    1.550513e-06
33691.905    1.392442e-06
33751.119    1.152764e-06
33810.333    1.285701e-06
33869.546    1.468489e-06
33928.76    1.381906e-06
33987.974    9.387942e-07
34047.188    4.044643e-07
34106.401    6.898389e-07
34165.615    1.17759e-06
34224.829    1.695739e-06
34284.043    1.879711e-06
34343.256    1.513134e-06
34402.47    1.152752e-06
34461.684    1.206143e-06
34520.898    1.927298e-06
34580.111    2.36113e-06
34639.325    2.735343e-06
34698.539    2.879206e-06
34757.753    2.766622e-06
34816.966    2.106087e-06
34876.18    1.834311e-06
34935.394    1.565306e-06
34994.608    1.330341e-06
35053.821    1.025087e-06
35113.035    1.001159e-06
35172.249    9.591414e-07
35231.463    8.375001e-07
35290.676    9.858142e-07
35349.89    1.366565e-06
35409.104    1.604963e-06
35468.318    1.764089e-06
35527.531    2.074537e-06
35586.745    2.237864e-06
35645.959    2.246172e-06
35705.173    2.140165e-06
35764.386    1.891367e-06
35823.6    1.831077e-06
35882.814    1.855412e-06
35942.028    1.831467e-06
36001.241    1.65355e-06
36060.455    1.965659e-06
36119.669    2.502709e-06
36178.883    2.986777e-06
36238.096    3.328788e-06
36297.31    3.214835e-06
36356.524    2.800427e-06
36415.738    2.310199e-06
36474.951    2.132338e-06
36534.165    2.534282e-06
36593.379    2.717218e-06
36652.593    2.877512e-06
36711.806    3.008141e-06
36771.02    2.988823e-06
36830.234    2.942187e-06
36889.448    2.856957e-06
36948.661    2.431959e-06
37007.875    3.749635e-06
37067.089    1.213515e-05
37126.303    2.490112e-05
37185.516    3.371583e-05
37244.73    3.605168e-05
37303.944    3.600656e-05
37363.158    3.551272e-05
37422.371    3.091136e-05
37481.585    8.441633e-06
37540.799    3.676199e-06
37600.013    2.599865e-06
37659.226    2.394016e-06
37718.44    2.777693e-06
37777.654    2.534455e-06
37836.868    2.210094e-06
37896.081    2.044104e-06
37955.295    1.849138e-06
38014.509    1.829826e-06
38073.723    2.058415e-06
38132.936    2.215652e-06
38192.15    2.381938e-06
38251.364    2.701513e-06
38310.578    2.878296e-06
38369.791    3.059429e-06
38429.005    3.21533e-06
38488.219    3.04738e-06
38547.433    2.914289e-06
38606.646    2.891979e-06
38665.86    2.880657e-06
38725.074    2.666264e-06
38784.288    2.352318e-06
38843.501    2.025176e-06
38902.715    1.828102e-06
38961.929    2.014507e-06
39021.143    1.878795e-06
39080.356    1.578564e-06
39139.57    1.21396e-06
39198.784    9.838473e-07
39257.998    1.242037e-06
39317.211    1.587416e-06
39376.425    1.900828e-06
39435.639    2.071018e-06
39494.853    1.935241e-06
39554.066    1.91763e-06
39613.28    1.978506e-06
39672.494    1.975357e-06
39731.708    1.868358e-06
39790.921    1.703399e-06
39850.135    1.46841e-06
39909.349    1.288198e-06
39968.563    1.650489e-06
40027.776    1.810913e-06
40086.99    1.807951e-06
40146.204    1.674366e-06
40205.418    1.772575e-06
40264.631    1.968031e-06
40323.845    1.981002e-06
40383.059    1.871064e-06
40442.273    1.437385e-06
40501.486    1.041401e-06
40560.7    7.562386e-07
40619.914    9.201763e-07
40679.128    1.181413e-06
40738.341    1.216818e-06
40797.555    1.275963e-06
40856.769    1.3871e-06
40915.983    1.582037e-06
40975.196    2.082531e-06
41034.41    2.277944e-06
41093.624    2.490734e-06
41152.838    2.59019e-06
41212.051    2.157597e-06
41271.265    1.908923e-06
41330.479    1.757745e-06
41389.693    1.662502e-06
41448.906    1.400661e-06
41508.12    1.318377e-06
41567.334    1.386004e-06
41626.548    1.512062e-06
41685.761    1.328641e-06
41744.975    1.305057e-06
41804.189    1.320108e-06
41863.403    1.487282e-06
41922.616    2.120333e-06
41981.83    2.216819e-06
42041.044    2.039001e-06
42100.258    1.807595e-06
42159.471    1.789222e-06
42218.685    1.989407e-06
42277.899    2.21092e-06
42337.113    2.313695e-06
42396.326    2.184218e-06
42455.54    1.500855e-06
42514.754    1.418171e-06
42573.968    1.388501e-06
42633.181    1.371974e-06
42692.395    1.455769e-06
42751.609    1.294911e-06
42810.823    1.107016e-06
42870.036    7.770778e-07
42929.25    9.222171e-07
42988.464    1.609342e-06
43047.678    2.082292e-06
43106.891    2.140378e-06
43166.105    1.702955e-06
43225.319    1.449421e-06
43284.533    1.419565e-06
43343.746    1.664797e-06
43402.96    1.791029e-06
43462.174    1.668451e-06
43521.388    1.607163e-06
43580.601    1.622951e-06
43639.815    2.056398e-06
43699.029    2.276841e-06
43758.243    2.490995e-06
43817.456    2.67928e-06
43876.67    2.708666e-06
43935.884    2.402587e-06
43995.098    2.196656e-06
44054.311    1.901825e-06
44113.525    1.567879e-06
44172.739    1.20817e-06
44231.953    1.155157e-06
44291.166    1.20633e-06
44350.38    1.427757e-06
44409.594    2.055216e-06
44468.808    2.248764e-06
44528.021    2.227518e-06
44587.235    2.252962e-06
44646.449    2.52087e-06
44705.663    2.525659e-06
44764.876    2.444355e-06
44824.09    2.34231e-06
44883.304    2.13804e-06
44942.518    1.923379e-06
45001.731    1.700986e-06
45060.945    1.549737e-06
45120.159    1.68441e-06
45179.373    1.928169e-06
45238.586    2.044555e-06
45297.8    1.990305e-06
45357.014    1.62757e-06
45416.228    1.378802e-06
45475.441    1.14765e-06
45534.655    1.11136e-06
45593.869    1.244272e-06
45653.083    1.556267e-06
45712.296    1.628107e-06
45771.51    1.635324e-06
45830.724    1.662887e-06
45889.938    1.651044e-06
45949.151    1.534618e-06
46008.365    1.447538e-06
46067.579    1.582064e-06
46126.793    1.903383e-06
46186.006    1.944594e-06
46245.22    2.153262e-06
46304.434    2.3604e-06
46363.648    2.172261e-06
46422.861    2.0545e-06
46482.075    2.084264e-06
46541.289    2.143165e-06
46600.503    1.905503e-06
46659.716    1.725695e-06
46718.93    1.436641e-06
46778.144    1.119979e-06
46837.358    1.10868e-06
46896.571    1.612841e-06
46955.785    2.236235e-06
47014.999    2.47382e-06
47074.213    2.376381e-06
47133.426    2.232783e-06
47192.64    2.225919e-06
47251.854    2.096971e-06
47311.068    1.975151e-06
47370.281    1.919489e-06
47429.495    1.808297e-06
47488.709    1.549256e-06
47547.923    1.266202e-06
47607.136    1.269692e-06
47666.35    1.3312e-06
47725.564    1.291919e-06
47784.778    1.259526e-06
47843.991    1.220427e-06
47903.205    1.300662e-06
47962.419    1.329399e-06
48021.633    1.178085e-06
48080.846    1.264227e-06
48140.06    1.521245e-06
48199.274    1.78749e-06
48258.488    1.894188e-06
48317.701    1.68571e-06
48376.915    1.772478e-06
48436.129    2.064026e-06
48495.343    2.337445e-06
48554.556    2.381808e-06
48613.77    2.04521e-06
48672.984    1.772391e-06
48732.198    1.543656e-06
48791.411    1.426778e-06
48850.625    1.349286e-06
48909.839    1.218886e-06
48969.053    1.038217e-06
49028.266    1.000746e-06
49087.48    9.423858e-07
49146.694    9.234511e-07
49205.908    1.051099e-06
49265.121    1.271053e-06
49324.335    1.569839e-06
49383.549    1.752659e-06
49442.763    2.008599e-06
49501.976    2.348615e-06
49561.19    2.60398e-06
49620.404    2.410089e-06
49679.618    2.207181e-06
49738.831    2.430062e-06
49798.045    1.714574e-06
49857.259    1.426081e-06
49916.473    1.246772e-06
49975.686    1.004974e-06
50034.9    7.456298e-07
50094.114    3.820291e-07
50153.328    5.971232e-07
50212.541    9.926136e-07
50271.755    1.405324e-06
50330.969    2.214923e-06
50390.183    2.487995e-06
50449.396    2.563438e-06
50508.61    2.403565e-06
50567.824    1.426949e-06
50627.038    8.333564e-07
50686.251    8.249935e-07
50745.465    1.003511e-06
50804.679    3.433357e-07
50863.893    4.785779e-07
50923.106    1.258499e-06
50982.32    1.888106e-06
51041.534    2.523137e-06
51100.748    2.616786e-06
51159.961    2.458534e-06
51219.175    1.970724e-06
51278.389    1.076286e-06
51337.603    1.318999e-06
51396.816    1.503991e-06
51456.03    1.486058e-06
51515.244    1.288219e-06
51574.458    9.302701e-07
51633.671    8.994623e-07
51692.885    9.24197e-07
51752.099    8.953966e-07
51811.313    1.023525e-06
51870.526    1.344866e-06
51929.74    1.70379e-06
51988.954    1.978244e-06
52048.168    1.584588e-06
52107.381    1.033267e-06
52166.595    4.179993e-07
52225.809    2.401218e-07
52285.023    1.196905e-06
52344.236    1.517079e-06
52403.45    1.646332e-06
52462.664    1.621454e-06
52521.878    1.530327e-06
52581.091    1.401136e-06
52640.305    1.382984e-06
52699.519    1.476918e-06
52758.733    1.653819e-06
52817.946    1.616538e-06
52877.16    1.5544e-06
52936.374    1.642153e-06
52995.588    1.674324e-06
53054.801    1.197675e-06
53114.015    1.076817e-06
53173.229    1.082595e-06
53232.443    1.115443e-06
53291.656    9.694328e-07
53350.87    8.299617e-07
53410.084    7.497305e-07
53469.298    5.837523e-07
53528.511    2.982118e-07
53587.725    4.003746e-07
53646.939    6.833201e-07
53706.153    9.709896e-07
53765.366    1.432088e-06
53824.58    1.519841e-06
53883.794    1.526888e-06
53943.008    1.564349e-06
54002.221    1.259535e-06
54061.435    9.110772e-07
54120.649    8.185202e-07
54179.863    9.558474e-07
54239.076    1.02849e-06
54298.29    1.333861e-06
54357.504    1.710168e-06
54416.718    1.906188e-06
54475.931    2.391992e-06
54535.145    2.674525e-06
54594.359    2.811091e-06
54653.573    2.675966e-06
54712.786    2.365606e-06
54772.0    1.646527e-06
54772.0    1.702734e-06
55535.808    1.689826e-06
56299.617    1.581096e-06
57063.425    1.586216e-06
57827.233    1.463422e-06
58591.041    1.138e-06
59354.85    7.905024e-07
60118.658    8.822161e-07
60882.466    1.354591e-06
61646.275    1.812518e-06
62410.083    2.033757e-06
63173.891    1.864031e-06
63937.699    1.568534e-06
64701.508    1.415015e-06
65465.316    1.298224e-06
66229.124    1.153742e-06
66992.932    1.035744e-06
67756.741    1.159747e-06
68520.549    1.514094e-06
69284.357    1.72881e-06
70048.166    1.744948e-06
70811.974    1.620594e-06
71575.782    1.45468e-06
72339.59    1.523817e-06
73103.399    1.565634e-06
73867.207    1.460364e-06
74631.015    1.525515e-06
75394.824    1.436407e-06
76158.632    1.237465e-06
76922.44    1.304772e-06
77686.248    1.329851e-06
78450.057    1.244698e-06
79213.865    1.240882e-06
79977.673    1.349965e-06
80741.481    1.421792e-06
81505.29    1.323841e-06
82269.098    1.216752e-06
83032.906    1.173075e-06
83796.715    9.655037e-07
84560.523    7.395836e-07
85324.331    8.704793e-07
86088.139    1.020639e-06
86851.948    1.039444e-06
87615.756    1.024857e-06
88379.564    9.662474e-07
89143.373    1.009925e-06
89907.181    1.063274e-06
90670.989    1.08689e-06
91434.797    1.138076e-06
92198.606    1.030432e-06
92962.414    8.074269e-07
93726.222    6.42825e-07
94490.031    6.244476e-07
95253.839    6.276458e-07
96017.647    6.304269e-07
96781.455    6.248483e-07
97545.264    5.972756e-07
98309.072    6.029762e-07
99072.88    6.315017e-07
99836.688    6.614033e-07
100600.497    7.467679e-07
101364.305    7.099073e-07
102128.113    5.519286e-07
102891.922    3.808398e-07
103655.73    3.633619e-07
104419.538    5.287689e-07
105183.346    6.017001e-07
105947.155    6.007411e-07
106710.963    5.571522e-07
107474.771    5.143858e-07
108238.58    5.433125e-07
109002.388    6.093231e-07
109766.196    6.578481e-07
110530.004    6.882616e-07
111293.813    6.188578e-07
112057.621    6.166271e-07
112821.429    7.160361e-07
113585.237    8.358902e-07
114349.046    8.839384e-07
115112.854    7.917129e-07
115876.662    7.137403e-07
116640.471    6.959176e-07
117404.279    6.877724e-07
118168.087    6.429892e-07
118931.895    6.338543e-07
119695.704    5.974332e-07
120459.512    5.567881e-07
121223.32    5.720397e-07
121987.129    5.989971e-07
122750.937    6.124951e-07
123514.745    5.876687e-07
124278.553    6.884425e-07
125042.362    9.026345e-07
125806.17    1.043413e-06
126569.978    1.064945e-06
127333.786    9.814737e-07
128097.595    8.008183e-07
128861.403    6.397412e-07
129625.211    6.044213e-07
130389.02    6.01638e-07
131152.828    5.912003e-07
131916.636    5.783812e-07
132680.444    5.183674e-07
133444.253    4.364726e-07
134208.061    5.459183e-07
134971.869    1.149862e-06
135735.678    1.83579e-06
136499.486    2.160918e-06
137263.294    2.787728e-06
138027.102    3.49318e-06
138790.911    3.420345e-06
139554.719    3.024231e-06
140318.527    2.869363e-06
141082.336    2.579491e-06
141846.144    2.081139e-06
142609.952    1.955806e-06
143373.76    1.794533e-06
144137.569    1.124617e-06
144901.377    6.08637e-07
145665.185    6.099966e-07
146428.993    6.106227e-07
147192.802    5.676983e-07
147956.61    6.127836e-07
148720.418    6.635701e-07
149484.227    6.550887e-07
150248.035    5.91994e-07
151011.843    5.760963e-07
151775.651    6.130362e-07
152539.46    6.178075e-07
153303.268    5.78255e-07
154067.076    5.129013e-07
154830.885    4.52844e-07
155594.693    4.334617e-07
156358.501    4.342791e-07
157122.309    3.790499e-07
157886.118    3.824742e-07
158649.926    3.514378e-07
159413.734    3.643478e-07
160177.542    4.914465e-07
160941.351    5.544664e-07
161705.159    4.981164e-07
162468.967    4.518314e-07
163232.776    4.079917e-07
163996.584    3.164985e-07
164760.392    2.563356e-07
165524.2    2.800246e-07
166288.009    3.634005e-07
167051.817    5.005595e-07
167815.625    6.329935e-07
168579.434    6.330694e-07
169343.242    5.237334e-07
170107.05    3.72225e-07
170870.858    3.074737e-07
171634.667    3.314753e-07
172398.475    3.126067e-07
173162.283    3.479954e-07
173926.092    4.019087e-07
174689.9    3.804519e-07
175453.708    3.271783e-07
176217.516    3.579686e-07
176981.325    4.364716e-07
177745.133    4.196532e-07
178508.941    3.845678e-07
179272.749    3.671175e-07
180036.558    3.832777e-07
180800.366    4.314106e-07
181564.174    3.956947e-07
182327.983    3.209337e-07
183091.791    2.791477e-07
183855.599    3.093377e-07
184619.407    3.824837e-07
185383.216    3.979579e-07
186147.024    4.36575e-07
186910.832    5.121167e-07
187674.641    5.543254e-07
188438.449    5.92315e-07
189202.257    5.673383e-07
189966.065    4.857104e-07
190729.874    4.518378e-07
191493.682    5.218897e-07
192257.49    5.428205e-07
193021.298    4.792554e-07
193785.107    4.432971e-07
194548.915    4.226749e-07
195312.723    4.029397e-07
196076.532    3.915068e-07
196840.34    3.780617e-07
197604.148    3.731893e-07
198367.956    3.326057e-07
199131.765    2.857867e-07
199895.573    2.880712e-07
200659.381    3.190207e-07
201423.19    3.616392e-07
202186.998    4.508306e-07
202950.806    5.194944e-07
203714.614    5.483574e-07
204478.423    5.432827e-07
205242.231    4.657796e-07
206006.039    4.140236e-07
206769.847    3.922185e-07
207533.656    3.627684e-07
208297.464    4.132569e-07
209061.272    4.563768e-07
209825.081    5.098196e-07
210588.889    5.595913e-07
211352.697    4.754768e-07
212116.505    3.822964e-07
212880.314    3.752742e-07
213644.122    3.716596e-07
214407.93    3.924394e-07
215171.739    3.874566e-07
215935.547    3.81112e-07
216699.355    3.938218e-07
217463.163    4.138785e-07
218226.972    4.037558e-07
218990.78    3.712774e-07
219754.588    3.430064e-07
220518.397    2.795116e-07
221282.205    2.425366e-07
222046.013    3.091523e-07
222809.821    3.881917e-07
223573.63    4.473145e-07
224337.438    4.621987e-07
225101.246    4.237289e-07
225865.054    3.949327e-07
226628.863    4.130487e-07
227392.671    4.374575e-07
228156.479    4.180713e-07
228920.288    3.756949e-07
229684.096    3.402193e-07
230447.904    3.180097e-07
231211.712    3.092388e-07
231975.521    3.072804e-07
232739.329    3.330605e-07
233503.137    3.225712e-07
234266.946    2.703403e-07
235030.754    2.345966e-07
235794.562    2.497363e-07
236558.37    3.041003e-07
237322.179    3.514252e-07
238085.987    3.686882e-07
238849.795    3.785109e-07
239613.603    3.593936e-07
240377.412    3.533365e-07
241141.22    4.106441e-07
241905.028    4.298795e-07
242668.837    3.840758e-07
243432.645    3.361819e-07
244196.453    2.997846e-07
244960.261    3.231761e-07
245724.07    3.713268e-07
246487.878    3.58908e-07
247251.686    2.947368e-07
248015.495    2.120447e-07
248779.303    2.135866e-07
249543.111    2.785727e-07
250306.919    2.840338e-07
251070.728    2.610897e-07
251834.536    2.788664e-07
252598.344    3.445339e-07
253362.153    4.099549e-07
254125.961    4.416045e-07
254889.769    4.050176e-07
255653.577    3.36533e-07
256417.386    3.689259e-07
257181.194    3.713322e-07
257945.002    3.063496e-07
258708.81    2.507264e-07
259472.619    2.05264e-07
260236.427    2.392275e-07
261000.235    2.589344e-07
261764.044    2.612502e-07
262527.852    2.504811e-07
263291.66    2.128567e-07
264055.468    2.146978e-07
264819.277    2.086116e-07
265583.085    2.119403e-07
266346.893    2.231075e-07
267110.702    2.266203e-07
267874.51    2.312673e-07
268638.318    2.209447e-07
269402.126    2.307494e-07
270165.935    2.320457e-07
270929.743    2.165546e-07
271693.551    3.180554e-07
272457.359    5.056903e-07
273221.168    5.807704e-07
273984.976    5.470479e-07
274748.784    4.893411e-07
275512.593    4.040315e-07
276276.401    3.627426e-07
277040.209    3.626918e-07
277804.017    3.874742e-07
278567.826    3.765756e-07
279331.634    3.163524e-07
280095.442    2.427432e-07
280859.251    2.382449e-07
281623.059    2.505131e-07
282386.867    2.713787e-07
283150.675    3.039879e-07
283914.484    3.028882e-07
284678.292    3.488124e-07
285442.1    4.494529e-07
286205.908    4.942912e-07
286969.717    4.741185e-07
287733.525    4.077256e-07
288497.333    3.277102e-07
289261.142    3.107198e-07
290024.95    3.324848e-07
290788.758    3.328971e-07
291552.566    2.867394e-07
292316.375    2.606961e-07
293080.183    2.694364e-07
293843.991    2.958003e-07
294607.8    3.407296e-07
295371.608    3.84767e-07
296135.416    3.854568e-07
296899.224    3.201325e-07
297663.033    2.6084e-07
298426.841    2.247537e-07
299190.649    1.763841e-07
299954.458    1.711171e-07
300718.266    2.134736e-07
301482.074    2.456752e-07
302245.882    2.729302e-07
303009.691    3.033158e-07
303773.499    3.214276e-07
304537.307    3.406156e-07
305301.115    3.37169e-07
306064.924    3.141073e-07
306828.732    3.017329e-07
307592.54    2.826993e-07
308356.349    2.581316e-07
309120.157    2.396079e-07
309883.965    2.60122e-07
310647.773    2.578539e-07
311411.582    1.839182e-07
312175.39    1.431311e-07
312939.198    1.274495e-07
313703.007    1.083009e-07
314466.815    1.508476e-07
315230.623    1.959366e-07
315994.431    2.15422e-07
316758.24    2.490422e-07
317522.048    3.16599e-07
318285.856    3.323524e-07
319049.664    2.932853e-07
319813.473    2.666897e-07
320577.281    2.490863e-07
321341.089    2.443843e-07
322104.898    2.172188e-07
322868.706    1.615119e-07
323632.514    1.700289e-07
324396.322    2.43078e-07
325160.131    2.531318e-07
325923.939    1.993329e-07
326687.747    1.461168e-07
327451.556    1.287543e-07
328215.364    1.544824e-07
328979.172    2.036809e-07
329742.98    2.539986e-07
330506.789    3.090287e-07
331270.597    3.210673e-07
332034.405    2.702675e-07
332798.214    2.028472e-07
333562.022    1.553396e-07
334325.83    1.626985e-07
335089.638    1.828179e-07
335853.447    2.004165e-07
336617.255    2.31436e-07
337381.063    2.558194e-07
338144.871    2.381687e-07
338908.68    2.107292e-07
339672.488    2.237625e-07
340436.296    2.70973e-07
341200.105    3.217608e-07
341963.913    3.284142e-07
342727.721    3.162076e-07
343491.529    3.157567e-07
344255.338    2.897386e-07
345019.146    2.404576e-07
345782.954    2.137721e-07
346546.763    2.5797e-07
347310.571    2.905089e-07
348074.379    2.753777e-07
348838.187    2.746616e-07
349601.996    2.886511e-07
350365.804    3.04805e-07
351129.612    2.930003e-07
351893.42    2.387652e-07
352657.229    2.168361e-07
353421.037    2.390126e-07
354184.845    2.915478e-07
354948.654    3.263254e-07
355712.462    3.436358e-07
356476.27    3.708149e-07
357240.078    3.926743e-07
358003.887    3.854228e-07
358767.695    3.443736e-07
359531.503    3.234649e-07
360295.312    3.129088e-07
361059.12    2.880591e-07
361822.928    2.678061e-07
362586.736    2.403423e-07
363350.545    2.345459e-07
364114.353    2.496313e-07
364878.161    2.740827e-07
365641.969    2.85597e-07
366405.778    2.617743e-07
367169.586    2.529684e-07
367933.394    2.654763e-07
368697.203    2.706858e-07
369461.011    2.648004e-07
370224.819    2.49962e-07
370988.627    2.138886e-07
371752.436    2.021288e-07
372516.244    2.420308e-07
373280.052    2.910527e-07
374043.861    2.957797e-07
374807.669    2.853008e-07
375571.477    2.846514e-07
376335.285    2.124166e-07
377099.094    1.635782e-07
377862.902    1.160769e-07
378626.71    1.390832e-07
379390.519    1.62869e-07
380154.327    1.836853e-07
380918.135    2.073833e-07
381681.943    2.550282e-07
382445.752    2.717141e-07
383209.56    2.687993e-07
383973.368    2.765435e-07
384737.176    2.663987e-07
385500.985    2.709714e-07
386264.793    2.492413e-07
387028.601    2.112511e-07
387792.41    2.000175e-07
388556.218    2.002541e-07
389320.026    2.044891e-07
390083.834    1.856693e-07
390847.643    1.739606e-07
391611.451    1.521902e-07
392375.259    1.392151e-07
393139.068    1.574898e-07
393902.876    2.133614e-07
394666.684    3.117636e-07
395430.492    3.512104e-07
396194.301    3.370006e-07
396958.109    3.246517e-07
397721.917    3.094731e-07
398485.725    2.955081e-07
399249.534    2.652919e-07
400013.342    2.482451e-07
400777.15    2.934058e-07
401540.959    3.024489e-07
402304.767    2.935218e-07
403068.575    2.961231e-07
403832.383    2.942112e-07
404596.192    3.164887e-07
405360.0    3.205741e-07
405360.0    1.836544e-07
411465.035    2.174031e-07
417570.071    2.452781e-07
423675.106    2.640364e-07
429780.141    2.837977e-07
435885.176    2.995296e-07
441990.212    2.898136e-07
448095.247    2.546601e-07
454200.282    2.187261e-07
460305.318    1.999223e-07
466410.353    2.151953e-07
472515.388    2.409124e-07
478620.424    2.308887e-07
484725.459    1.960995e-07
490830.494    1.66284e-07
496935.529    1.410884e-07
503040.565    1.389643e-07
509145.6    1.547243e-07
515250.635    1.626559e-07
521355.671    1.675411e-07
527460.706    1.835271e-07
533565.741    2.098578e-07
539670.776    2.183299e-07
545775.812    2.030899e-07
551880.847    1.779055e-07
557985.882    1.537664e-07
564090.918    1.33281e-07
570195.953    1.333477e-07
576300.988    1.6145e-07
582406.024    1.876697e-07
588511.059    1.951075e-07
594616.094    1.955388e-07
600721.129    1.887014e-07
606826.165    1.788e-07
612931.2    1.756834e-07
619036.235    1.845626e-07
625141.271    2.067108e-07
631246.306    2.168412e-07
637351.341    2.076488e-07
643456.376    1.975592e-07
649561.412    1.869922e-07
655666.447    1.613194e-07
661771.482    1.40005e-07
667876.518    1.368114e-07
673981.553    1.350614e-07
680086.588    1.229176e-07
686191.624    1.081785e-07
692296.659    9.964278e-08
698401.694    8.752063e-08
704506.729    7.542407e-08
710611.765    7.58801e-08
716716.8    9.078446e-08
722821.835    9.453971e-08
728926.871    1.007476e-07
735031.906    1.09759e-07
741136.941    1.116746e-07
747241.976    1.197047e-07
753347.012    1.363099e-07
759452.047    1.417932e-07
765557.082    1.512537e-07
771662.118    1.73651e-07
777767.153    1.793927e-07
783872.188    1.516505e-07
789977.224    1.121287e-07
796082.259    9.196867e-08
802187.294    8.761511e-08
808292.329    9.012769e-08
814397.365    1.039936e-07
820502.4    1.196645e-07
826607.435    1.249602e-07
832712.471    1.138913e-07
838817.506    9.803308e-08
844922.541    8.794471e-08
851027.576    7.608151e-08
857132.612    5.434163e-08
863237.647    3.588375e-08
869342.682    4.135822e-08
875447.718    4.925211e-08
881552.753    4.070242e-08
887657.788    3.614671e-08
893762.824    4.108847e-08
899867.859    4.673462e-08
905972.894    4.89758e-08
912077.929    5.281333e-08
918182.965    5.697881e-08
924288.0    5.491075e-08
930393.035    5.408133e-08
936498.071    5.851857e-08
942603.106    6.559306e-08
948708.141    7.328611e-08
954813.176    8.062212e-08
960918.212    8.841867e-08
967023.247    1.036684e-07
973128.282    1.203682e-07
979233.318    1.213871e-07
985338.353    1.024474e-07
991443.388    8.043713e-08
997548.424    7.185309e-08
1003653.459    7.66824e-08
1009758.494    8.403013e-08
1015863.529    8.347892e-08
1021968.565    7.545766e-08
1028073.6    7.77287e-08
1034178.635    9.34472e-08
1040283.671    1.029843e-07
1046388.706    1.014569e-07
1052493.741    9.553443e-08
1058598.776    8.342281e-08
1064703.812    6.789353e-08
1070808.847    6.22468e-08
1076913.882    6.405916e-08
1083018.918    7.611737e-08
1089123.953    9.404526e-08
1095228.988    1.231089e-07
1101334.024    1.601503e-07
1107439.059    1.838595e-07
1113544.094    1.989548e-07
1119649.129    2.049547e-07
1125754.165    1.903464e-07
1131859.2    1.682391e-07
1137964.235    1.564776e-07
1144069.271    1.421427e-07
1150174.306    1.288547e-07
1156279.341    1.232414e-07
1162384.376    1.23709e-07
1168489.412    1.442045e-07
1174594.447    1.748035e-07
1180699.482    1.897354e-07
1186804.518    1.915094e-07
1192909.553    1.948139e-07
1199014.588    1.867964e-07
1205119.624    1.546644e-07
1211224.659    1.336814e-07
1217329.694    1.433273e-07
1223434.729    1.621259e-07
1229539.765    1.934681e-07
1235644.8    2.193327e-07
1241749.835    2.169981e-07
1247854.871    2.077576e-07
1253959.906    2.196728e-07
1260064.941    2.376386e-07
1266169.976    2.367927e-07
1272275.012    2.282617e-07
1278380.047    2.177596e-07
1284485.082    2.157486e-07
1290590.118    2.279209e-07
1296695.153    2.445389e-07
1302800.188    2.603314e-07
1308905.224    2.66069e-07
1315010.259    2.484443e-07
1321115.294    2.27214e-07
1327220.329    2.25229e-07
1333325.365    2.204214e-07
1339430.4    1.991773e-07
1345535.435    1.726033e-07
1351640.471    1.469045e-07
1357745.506    1.289741e-07
1363850.541    1.233325e-07
1369955.576    1.235971e-07
1376060.612    1.293611e-07
1382165.647    1.392398e-07
1388270.682    1.510057e-07
1394375.718    1.539957e-07
1400480.753    1.385559e-07
1406585.788    1.099132e-07
1412690.824    9.153691e-08
1418795.859    1.086327e-07
1424900.894    1.401145e-07
1431005.929    1.565895e-07
1437110.965    1.530158e-07
1443216.0    1.327317e-07
1449321.035    1.042552e-07
1455426.071    8.302499e-08
1461531.106    7.063141e-08
1467636.141    7.314369e-08
1473741.176    8.967751e-08
1479846.212    1.056776e-07
1485951.247    1.226405e-07
1492056.282    1.471926e-07
1498161.318    1.717902e-07
1504266.353    1.869657e-07
1510371.388    1.900538e-07
1516476.424    1.849938e-07
1522581.459    1.730243e-07
1528686.494    1.539027e-07
1534791.529    1.348166e-07
1540896.565    1.191211e-07
1547001.6    1.029774e-07
1553106.635    9.576299e-08
1559211.671    8.704072e-08
1565316.706    1.118068e-07
1571421.741    1.269126e-07
1577526.776    1.306768e-07
1583631.812    1.204267e-07
1589736.847    9.705414e-08
1595841.882    7.740957e-08
1601946.918    7.436092e-08
1608051.953    7.842242e-08
1614156.988    7.556073e-08
1620262.024    6.083247e-08
1626367.059    4.96586e-08
1632472.094    4.841425e-08
1638577.129    6.047385e-08
1644682.165    8.949556e-08
1650787.2    1.155042e-07
1656892.235    1.207768e-07
1662997.271    1.061144e-07
1669102.306    8.241953e-08
1675207.341    6.568251e-08
1681312.376    6.920769e-08
1687417.412    8.555061e-08
1693522.447    9.116528e-08
1699627.482    9.232805e-08
1705732.518    1.153884e-07
1711837.553    1.481364e-07
1717942.588    1.699487e-07
1724047.624    1.721328e-07
1730152.659    1.664372e-07
1736257.694    1.612938e-07
1742362.729    1.537922e-07
1748467.765    1.393048e-07
1754572.8    1.186498e-07
1760677.835    1.012698e-07
1766782.871    1.016251e-07
1772887.906    1.090552e-07
1778992.941    1.150825e-07
1785097.976    1.197716e-07
1791203.012    1.162816e-07
1797308.047    1.063256e-07
1803413.082    1.068568e-07
1809518.118    1.117945e-07
1815623.153    1.148179e-07
1821728.188    1.165877e-07
1827833.224    1.086688e-07
1833938.259    9.102392e-08
1840043.294    7.795568e-08
1846148.329    7.671446e-08
1852253.365    8.312521e-08
1858358.4    8.811448e-08
1864463.435    9.533947e-08
1870568.471    1.042201e-07
1876673.506    1.090519e-07
1882778.541    1.116978e-07
1888883.576    1.125664e-07
1894988.612    1.018587e-07
1901093.647    1.043799e-07
1907198.682    1.158231e-07
1913303.718    1.24513e-07
1919408.753    1.424455e-07
1925513.788    1.603088e-07
1931618.824    1.611653e-07
1937723.859    1.462396e-07
1943828.894    1.236485e-07
1949933.929    9.976976e-08
1956038.965    7.589006e-08
1962144.0    5.835847e-08
1968249.035    6.479533e-08
1974354.071    7.704312e-08
1980459.106    7.222312e-08
1986564.141    6.331619e-08
1992669.176    7.011137e-08
1998774.212    8.027885e-08
2004879.247    8.548692e-08
2010984.282    9.268962e-08
2017089.318    1.038734e-07
2023194.353    1.089204e-07
2029299.388    1.054324e-07
2035404.424    1.007632e-07
2041509.459    9.376244e-08
2047614.494    8.178292e-08
2053719.529    6.723472e-08
2059824.565    5.843116e-08
2065929.6    6.562402e-08
2072034.635    8.730728e-08
2078139.671    1.088166e-07
2084244.706    1.25348e-07
2090349.741    1.382943e-07
2096454.776    1.459722e-07
2102559.812    1.482208e-07
2108664.847    1.423561e-07
2114769.882    1.280605e-07
2120874.918    1.104789e-07
2126979.953    9.063768e-08
2133084.988    8.580707e-08
2139190.024    1.044242e-07
2145295.059    1.215041e-07
2151400.094    1.347224e-07
2157505.129    1.546753e-07
2163610.165    1.669335e-07
2169715.2    1.690981e-07
2175820.235    1.760482e-07
2181925.271    1.752598e-07
2188030.306    1.517384e-07
2194135.341    1.262559e-07
2200240.376    1.177999e-07
2206345.412    1.149958e-07
2212450.447    1.058343e-07
2218555.482    9.357962e-08
2224660.518    8.823869e-08
2230765.553    9.15184e-08
2236870.588    8.850476e-08
2242975.624    7.945074e-08
2249080.659    7.957713e-08
2255185.694    9.157375e-08
2261290.729    9.917399e-08
2267395.765    9.285319e-08
2273500.8    8.976122e-08
2279605.835    9.496205e-08
2285710.871    9.831677e-08
2291815.906    1.009133e-07
2297920.941    1.088281e-07
2304025.976    1.200103e-07
2310131.012    1.250375e-07
2316236.047    1.204284e-07
2322341.082    1.151972e-07
2328446.118    1.176538e-07
2334551.153    1.15893e-07
2340656.188    1.056502e-07
2346761.224    1.076286e-07
2352866.259    1.153154e-07
2358971.294    1.145754e-07
2365076.329    1.263868e-07
2371181.365    1.501048e-07
2377286.4    1.609702e-07
2383391.435    1.582137e-07
2389496.471    1.601487e-07
2395601.506    1.661041e-07
2401706.541    1.58639e-07
2407811.576    1.33155e-07
2413916.612    1.104654e-07
2420021.647    1.041459e-07
2426126.682    1.025508e-07
2432231.718    9.836825e-08
2438336.753    1.025799e-07
2444441.788    1.083597e-07
2450546.824    1.034767e-07
2456651.859    9.861763e-08
2462756.894    1.025907e-07
2468861.929    1.071242e-07
2474966.965    1.051883e-07
2481072.0    1.056862e-07
2487177.035    1.155316e-07
2493282.071    1.197016e-07
2499387.106    1.075257e-07
2505492.141    9.829039e-08
2511597.176    1.003307e-07
2517702.212    9.507119e-08
2523807.247    1.005051e-07
2529912.282    1.187337e-07
2536017.318    1.204973e-07
2542122.353    1.037701e-07
2548227.388    8.964905e-08
2554332.424    7.218463e-08
2560437.459    5.834528e-08
2566542.494    6.874834e-08
2572647.529    8.461531e-08
2578752.565    9.409649e-08
2584857.6    9.699676e-08
2590962.635    8.868668e-08
2597067.671    7.6443e-08
2603172.706    7.648867e-08
2609277.741    9.375821e-08
2615382.776    1.173496e-07
2621487.812    1.230888e-07
2627592.847    1.065543e-07
2633697.882    7.778134e-08
2639802.918    5.238046e-08
2645907.953    4.838083e-08
2652012.988    5.448514e-08
2658118.024    5.913557e-08
2664223.059    7.506827e-08
2670328.094    8.967753e-08
2676433.129    9.42677e-08
2682538.165    1.029334e-07
2688643.2    1.202913e-07
2694748.235    1.345611e-07
2700853.271    1.448069e-07
2706958.306    1.492573e-07
2713063.341    8.316763e-08
2719168.376    9.443684e-08
2725273.412    8.401292e-08
2731378.447    7.008759e-08
2737483.482    5.748357e-08
2743588.518    6.206446e-08
2749693.553    8.935965e-08
2755798.588    1.114472e-07
2761903.624    1.114483e-07
2768008.659    9.414318e-08
2774113.694    7.655794e-08
2780218.729    6.679687e-08
2786323.765    6.192145e-08
2792428.8    6.286606e-08
2798533.835    6.57986e-08
2804638.871    6.895394e-08
2810743.906    8.12045e-08
2816848.941    8.755292e-08
2822953.976    8.282954e-08
2829059.012    8.828842e-08
2835164.047    1.002106e-07
2841269.082    1.005472e-07
2847374.118    9.021741e-08
2853479.153    9.293879e-08
2859584.188    1.161672e-07
2865689.224    1.387625e-07
2871794.259    1.45024e-07
2877899.294    1.357676e-07
2884004.329    1.174193e-07
2890109.365    9.476001e-08
2896214.4    7.270861e-08
2902319.435    6.709389e-08
2908424.471    7.627975e-08
2914529.506    9.242206e-08
2920634.541    1.085832e-07
2926739.576    1.204668e-07
2932844.612    1.245165e-07
2938949.647    1.188554e-07
2945054.682    1.009162e-07
2951159.718    8.366792e-08
2957264.753    7.750786e-08
2963369.788    8.589782e-08
2969474.824    9.433421e-08
2975579.859    9.067449e-08
2981684.894    8.877763e-08
2987789.929    8.977403e-08
2993894.965    8.414279e-08
3000000.0    8.031762e-08
