# AG4395A Measurement
# Timestamp: Dec 17 2014 - 17:05:11
# Parameter File: SPAG4395Atemplate.yml
1000.0    -70.26536
1008.001    -64.20257
1016.003    -61.34577
1024.004    -61.38969
1032.005    -61.74335
1040.006    -63.82944
1048.008    -80.44714
1056.009    -90.43614
1064.01    -92.85049
1072.011    -92.72275
1080.013    -92.56725
1088.014    -89.44849
1096.015    -87.62378
1104.016    -86.26559
1112.018    -80.39698
1120.019    -70.1795
1128.02    -63.56175
1136.021    -60.13714
1144.023    -60.17536
1152.024    -60.42078
1160.025    -62.14241
1168.026    -77.24309
1176.028    -88.91092
1184.029    -89.96268
1192.03    -95.21694
1200.031    -96.981
1208.033    -98.91325
1216.034    -100.2038
1224.035    -95.35652
1232.036    -88.71675
1240.038    -82.81207
1248.039    -76.84464
1256.04    -73.34221
1264.041    -73.50087
1272.043    -73.72337
1280.044    -75.17149
1288.045    -88.35778
1296.046    -95.62253
1304.048    -96.33351
1312.049    -92.49762
1320.05    -91.26506
1328.051    -88.82808
1336.053    -88.42445
1344.054    -88.84355
1352.055    -88.34106
1360.056    -82.06039
1368.058    -70.94644
1376.059    -69.99828
1384.06    -70.03728
1392.061    -70.14848
1400.063    -75.13822
1408.064    -83.45435
1416.065    -93.33955
1424.066    -96.69894
1432.068    -96.84024
1440.069    -95.5974
1448.07    -95.43027
1456.071    -95.34734
1464.073    -96.98338
1472.074    -94.02936
1480.075    -85.67977
1488.076    -73.64024
1496.078    -72.33685
1504.079    -72.26849
1512.08    -72.34169
1520.081    -76.5052
1528.083    -84.13377
1536.084    -95.93351
1544.085    -102.3213
1552.086    -99.68793
1560.088    -98.82535
1568.089    -98.31953
1576.09    -97.48591
1584.091    -96.40147
1592.093    -95.57599
1600.094    -89.64575
1608.095    -77.1909
1616.096    -75.57092
1624.098    -75.38418
1632.099    -75.41268
1640.1    -78.92614
1648.101    -85.67736
1656.103    -96.6428
1664.104    -103.4394
1672.105    -100.8315
1680.106    -97.00201
1688.108    -95.73882
1696.109    -95.53589
1704.11    -96.29246
1712.111    -96.86363
1720.113    -81.16246
1728.114    -75.78152
1736.115    -73.79353
1744.116    -73.57471
1752.118    -74.19374
1760.119    -76.73576
1768.12    -83.29192
1776.121    -102.0963
1784.123    -98.66777
1792.124    -94.13534
1800.125    -94.18141
1808.126    -94.49965
1816.128    -95.2037
1824.129    -101.7293
1832.13    -103.393
1840.131    -95.10126
1848.133    -89.82654
1856.134    -87.7944
1864.135    -87.57199
1872.136    -88.13876
1880.138    -90.46758
1888.139    -96.61893
1896.14    -104.4482
1904.141    -103.1462
1912.143    -102.3995
1920.144    -102.7823
1928.145    -102.0028
1936.146    -99.27141
1944.148    -98.62076
1952.149    -98.79968
1960.15    -91.58047
1968.151    -85.27117
1976.153    -82.45789
1984.154    -81.741
1992.155    -82.14679
2000.156    -83.85777
2008.158    -88.77322
2016.159    -98.08009
2024.16    -98.01482
2032.161    -97.30855
2040.163    -98.09056
2048.164    -97.63729
2056.165    -95.69842
2064.166    -96.24252
2072.168    -96.27254
2080.169    -93.92292
2088.17    -87.51046
2096.171    -83.515
2104.173    -83.55948
2112.174    -83.79198
2120.175    -85.29517
2128.176    -100.2386
2136.178    -100.5619
2144.179    -98.59021
2152.18    -99.5424
2160.181    -101.0538
2168.183    -102.8863
2176.184    -105.5443
2184.185    -104.2184
2192.186    -102.7535
2200.188    -96.41753
2208.189    -87.16185
2216.19    -81.77104
2224.191    -81.78564
2232.193    -81.97805
2240.194    -83.14875
2248.195    -97.42374
2256.196    -101.8629
2264.198    -99.66983
2272.199    -102.0909
2280.2    -104.3978
2288.201    -103.6816
2296.203    -102.602
2304.204    -101.7524
2312.205    -101.464
2320.206    -92.56014
2328.208    -83.78638
2336.209    -77.99306
2344.21    -77.85862
2352.211    -77.84541
2360.213    -78.63055
2368.214    -89.33872
2376.215    -100.0446
2384.216    -102.7412
2392.218    -104.9903
2400.219    -104.8395
2408.22    -103.8337
2416.221    -104.1517
2424.223    -103.1393
2432.224    -100.3888
2440.225    -97.36974
2448.226    -84.28879
2456.228    -82.54439
2464.229    -82.3813
2472.23    -82.54288
2480.231    -86.29675
2488.233    -93.52353
2496.234    -100.4969
2504.235    -99.70277
2512.236    -97.86172
2520.238    -96.90686
2528.239    -98.39111
2536.24    -99.52979
2544.241    -102.6444
2552.243    -108.0428
2560.244    -103.5897
2568.245    -92.55505
2576.246    -90.64982
2584.248    -90.3401
2592.249    -90.29537
2600.25    -92.93581
2608.251    -98.1288
2616.253    -99.54349
2624.254    -100.3882
2632.255    -100.1959
2640.256    -100.0054
2648.258    -102.3576
2656.259    -103.0647
2664.26    -100.7435
2672.261    -99.24968
2680.263    -98.50786
2688.264    -92.54234
2696.265    -90.48804
2704.266    -90.10795
2712.268    -90.36303
2720.269    -93.46986
2728.27    -99.56386
2736.271    -101.3886
2744.273    -101.1329
2752.274    -100.6856
2760.275    -100.3845
2768.276    -104.4154
2776.278    -105.3446
2784.279    -104.7204
2792.28    -103.0903
2800.281    -95.67795
2808.283    -89.48624
2816.284    -86.625
2824.285    -85.97647
2832.286    -86.48024
2840.288    -88.00969
2848.289    -92.64634
2856.29    -99.24411
2864.291    -100.3663
2872.293    -101.7543
2880.294    -102.0088
2888.295    -100.9038
2896.296    -99.03777
2904.298    -100.7488
2912.299    -101.3675
2920.3    -90.69744
2928.301    -83.86247
2936.303    -80.69577
2944.304    -79.87979
2952.305    -80.35825
2960.306    -81.87815
2968.308    -86.55965
2976.309    -102.6857
2984.31    -102.1265
2992.311    -100.0201
3000.313    -100.0984
3008.314    -99.72519
3016.315    -97.53242
3024.316    -97.75799
3032.318    -99.17552
3040.319    -97.8353
3048.32    -90.695
3056.321    -86.71969
3064.323    -85.61561
3072.324    -85.90949
3080.325    -86.87489
3088.326    -90.6259
3096.328    -99.5936
3104.329    -98.98851
3112.33    -98.93098
3120.331    -100.5079
3128.333    -100.8582
3136.334    -100.1116
3144.335    -101.3252
3152.336    -101.7233
3160.338    -93.97258
3168.339    -85.61136
3176.34    -79.92859
3184.341    -79.85633
3192.343    -79.96873
3200.344    -80.92224
3208.345    -93.18527
3216.346    -105.585
3224.348    -103.2814
3232.349    -103.5935
3240.35    -103.5647
3248.351    -102.2575
3256.353    -101.268
3264.354    -100.8875
3272.355    -100.1791
3280.356    -93.33169
3288.358    -84.71404
3296.359    -78.35354
3304.36    -78.22311
3312.361    -78.32076
3320.363    -79.02736
3328.364    -89.29863
3336.365    -99.78157
3344.366    -99.51273
3352.368    -101.0113
3360.369    -101.5562
3368.37    -100.3434
3376.371    -100.2545
3384.373    -101.3159
3392.374    -100.9437
3400.375    -95.11212
3408.376    -87.24886
3416.378    -80.55236
3424.379    -80.38483
3432.38    -80.44767
3440.381    -80.89486
3448.383    -89.63548
3456.384    -101.1655
3464.385    -105.4259
3472.386    -103.0917
3480.388    -100.9543
3488.389    -99.41319
3496.39    -98.51495
3504.391    -98.15207
3512.393    -97.88438
3520.394    -95.27308
3528.395    -81.17953
3536.396    -78.75673
3544.398    -78.34538
3552.399    -78.40982
3560.4    -80.66879
3568.401    -86.04778
3576.403    -95.93314
3584.404    -103.9772
3592.405    -104.4914
3600.406    -105.9158
3608.408    -107.7409
3616.409    -106.6152
3624.41    -104.4899
3632.411    -101.158
3640.413    -97.91439
3648.414    -85.48756
3656.415    -82.79079
3664.416    -82.22566
3672.418    -82.21564
3680.419    -83.98196
3688.42    -88.74539
3696.421    -97.9818
3704.423    -107.116
3712.424    -102.632
3720.425    -101.0058
3728.426    -102.6548
3736.428    -102.4242
3744.429    -100.4214
3752.43    -98.9433
3760.431    -98.10033
3768.433    -85.47539
3776.434    -81.99898
3784.435    -81.05997
3792.436    -80.9653
3800.438    -82.46237
3808.439    -86.85915
3816.44    -95.61301
3824.441    -103.7571
3832.443    -103.9903
3840.444    -103.8016
3848.445    -106.4827
3856.446    -104.5926
3864.448    -102.5042
3872.449    -100.4267
3880.45    -97.95263
3888.451    -88.34128
3896.453    -84.67147
3904.454    -83.43952
3912.455    -83.73187
3920.456    -84.77377
3928.458    -88.56644
3936.459    -99.33253
3944.46    -99.30067
3952.461    -98.7973
3960.463    -100.4676
3968.464    -102.7631
3976.465    -105.2583
3984.466    -107.2238
3992.468    -104.8274
4000.469    -93.60344
4008.47    -86.53268
4016.471    -82.65389
4024.473    -81.38197
4032.474    -81.62502
4040.475    -82.47111
4048.476    -85.71119
4056.478    -99.23494
4064.479    -98.80637
4072.48    -97.56324
4080.481    -99.131
4088.483    -100.7597
4096.484    -101.4336
4104.485    -102.2641
4112.486    -102.6463
4120.488    -98.31982
4128.489    -90.2876
4136.49    -85.66876
4144.491    -83.87186
4152.493    -84.18374
4160.494    -84.87818
4168.495    -87.75784
4176.496    -100.1496
4184.498    -101.0688
4192.499    -98.55521
4200.5    -98.52238
4208.501    -100.1477
4216.503    -102.3761
4224.504    -106.9592
4232.505    -106.5069
4240.506    -98.2576
4248.508    -89.65423
4256.509    -82.49567
4264.51    -82.36792
4272.511    -82.68103
4280.513    -83.43306
4288.514    -94.02813
4296.515    -102.4196
4304.516    -98.62117
4312.518    -101.4143
4320.519    -101.7675
4328.52    -101.4561
4336.521    -101.1193
4344.523    -101.7456
4352.524    -102.8029
4360.525    -101.1767
4368.526    -91.27381
4376.528    -82.43355
4384.529    -81.97909
4392.53    -82.0861
4400.531    -82.51534
4408.533    -90.62154
4416.534    -100.7867
4424.535    -101.3568
4432.536    -102.9442
4440.538    -102.3046
4448.539    -101.6427
4456.54    -101.9479
4464.541    -102.0749
4472.543    -98.13811
4480.544    -95.27087
4488.545    -89.23351
4496.546    -81.17494
4504.548    -80.74271
4512.549    -80.91471
4520.55    -81.15828
4528.551    -87.45925
4536.553    -95.30853
4544.554    -96.63538
4552.555    -97.39381
4560.556    -98.09743
4568.558    -98.82617
4576.559    -98.47743
4584.56    -97.54964
4592.561    -96.83944
4600.563    -96.50703
4608.564    -85.194
4616.565    -82.2688
4624.566    -81.60584
4632.568    -81.53799
4640.569    -83.15224
4648.57    -87.67593
4656.571    -96.94467
4664.573    -102.3858
4672.574    -101.8972
4680.575    -101.4274
4688.576    -104.6003
4696.578    -103.1294
4704.579    -100.3943
4712.58    -99.51118
4720.581    -98.06932
4728.583    -87.87997
4736.584    -84.63264
4744.585    -83.75285
4752.586    -83.50341
4760.588    -84.67012
4768.589    -88.19511
4776.59    -95.32437
4784.591    -101.4035
4792.593    -100.3108
4800.594    -100.1398
4808.595    -102.772
4816.596    -102.365
4824.598    -100.4904
4832.599    -99.06595
4840.6    -97.43967
4848.601    -86.04963
4856.603    -81.99317
4864.604    -80.70633
4872.605    -80.63284
4880.606    -81.78743
4888.608    -85.39539
4896.609    -94.09292
4904.61    -101.4416
4912.611    -100.8267
4920.613    -100.245
4928.614    -101.2262
4936.615    -99.41959
4944.616    -97.88123
4952.618    -97.80547
4960.619    -97.62178
4968.62    -88.29269
4976.621    -83.68166
4984.623    -81.82493
4992.624    -82.03965
5000.625    -82.59831
5008.626    -85.39569
5016.628    -98.79945
5024.629    -98.26639
5032.63    -97.98267
5040.631    -99.44348
5048.633    -99.56552
5056.634    -99.04048
5064.635    -99.21049
5072.636    -99.71585
5080.638    -95.79019
5088.639    -88.08047
5096.64    -82.92605
5104.641    -80.66537
5112.643    -80.76503
5120.644    -81.13987
5128.645    -83.47802
5136.646    -96.33622
5144.648    -96.62818
5152.649    -97.38929
5160.65    -99.74828
5168.651    -99.4198
5176.653    -96.07779
5184.654    -96.55892
5192.655    -98.37646
5200.656    -97.47901
5208.658    -90.1116
5216.659    -84.6322
5224.66    -81.86635
5232.661    -81.99703
5240.663    -82.39236
5248.664    -84.32972
5256.665    -94.56937
5264.666    -96.01314
5272.668    -97.55708
5280.669    -100.8399
5288.67    -101.7232
5296.671    -99.52359
5304.673    -98.67087
5312.674    -97.50433
5320.675    -95.26238
5328.676    -88.53848
5336.678    -79.71989
5344.679    -79.19314
5352.68    -79.34459
5360.681    -79.70445
5368.683    -87.04593
5376.684    -97.47514
5384.685    -96.21561
5392.686    -96.01159
5400.688    -95.99572
5408.689    -97.04715
5416.69    -98.34592
5424.691    -97.88911
5432.693    -96.34442
5440.694    -95.30405
5448.695    -89.12944
5456.696    -79.44701
5464.698    -78.62277
5472.699    -78.6704
5480.7    -78.88811
5488.701    -84.58445
5496.703    -92.40432
5504.704    -93.99149
5512.705    -95.87057
5520.706    -97.51746
5528.708    -99.31628
5536.709    -98.53389
5544.71    -97.5082
5552.711    -96.32031
5560.713    -97.31518
5568.714    -94.0844
5576.715    -83.47055
5584.716    -82.37528
5592.718    -82.43943
5600.719    -82.6008
5608.72    -87.61073
5616.721    -95.56797
5624.723    -96.43015
5632.724    -97.49222
5640.725    -97.95329
5648.726    -99.04654
5656.728    -99.6098
5664.729    -98.27545
5672.73    -97.0929
5680.731    -96.79863
5688.733    -92.894
5696.734    -82.70866
5704.735    -81.43985
5712.736    -81.14806
5720.738    -82.26017
5728.739    -85.61657
5736.74    -92.62167
5744.741    -96.88227
5752.743    -95.95253
5760.744    -95.39818
5768.745    -98.23611
5776.746    -98.53447
5784.748    -97.32534
5792.749    -95.70502
5800.75    -94.32481
5808.751    -85.89657
5816.753    -81.67992
5824.754    -80.10648
5832.755    -79.81115
5840.756    -80.75307
5848.758    -83.64504
5856.759    -90.7153
5864.76    -100.2221
5872.761    -99.43967
5880.763    -98.8965
5888.764    -101.9747
5896.765    -100.3954
5904.766    -97.57544
5912.768    -96.75287
5920.769    -95.85268
5928.77    -87.19595
5936.771    -82.48231
5944.773    -80.62842
5952.774    -80.24453
5960.775    -80.86845
5968.776    -83.24622
5976.778    -89.48061
5984.779    -96.76413
5992.78    -95.58476
6000.781    -95.14765
6008.783    -97.3497
6016.784    -97.35649
6024.785    -95.24834
6032.786    -95.32834
6040.788    -95.26517
6048.789    -88.7204
6056.79    -83.74507
6064.791    -81.24748
6072.793    -81.56631
6080.794    -81.91191
6088.795    -83.94116
6096.796    -99.11804
6104.798    -97.95631
6112.799    -95.83727
6120.8    -95.83955
6128.801    -96.53917
6136.803    -96.1954
6144.804    -96.24426
6152.805    -96.73531
6160.806    -94.17454
6168.808    -88.52466
6176.809    -82.97945
6184.81    -79.8993
6192.811    -80.18044
6200.813    -80.58166
6208.814    -82.40821
6216.815    -95.55397
6224.816    -94.80019
6232.818    -95.08572
6240.819    -97.42905
6248.82    -97.89128
6256.821    -95.56913
6264.823    -95.26447
6272.824    -96.52028
6280.825    -95.24438
6288.826    -86.98447
6296.828    -80.30935
6304.829    -76.31822
6312.83    -76.37202
6320.831    -76.5667
6328.833    -77.9276
6336.834    -90.94765
6344.835    -95.71706
6352.836    -95.79094
6360.838    -96.79211
6368.839    -96.12844
6376.84    -93.5179
6384.841    -93.05746
6392.843    -94.2017
6400.844    -94.99949
6408.845    -88.64317
6416.846    -78.2981
6424.848    -77.29723
6432.849    -77.35832
6440.85    -77.56135
6448.851    -82.59336
6456.853    -90.8147
6464.854    -93.8508
6472.855    -95.02804
6480.856    -95.00426
6488.858    -95.33313
6496.859    -95.31099
6504.86    -94.44051
6512.861    -94.63528
6520.863    -96.00177
6528.864    -90.10174
6536.865    -78.37654
6544.866    -77.05656
6552.868    -77.06631
6560.869    -77.26421
6568.87    -81.76973
6576.871    -90.11142
6584.873    -93.08732
6592.874    -93.47764
6600.875    -93.84859
6608.876    -95.0235
6616.878    -96.16291
6624.879    -94.71079
6632.88    -93.34551
6640.881    -92.80275
6648.883    -89.38802
6656.884    -78.55648
6664.885    -76.98785
6672.886    -76.90685
6680.888    -77.0671
6688.889    -80.66332
6696.89    -87.47494
6704.891    -91.60645
6712.893    -92.89007
6720.894    -93.91988
6728.895    -95.35017
6736.896    -96.97823
6744.898    -95.21775
6752.899    -92.22951
6760.9    -91.1497
6768.901    -89.13361
6776.903    -79.86117
6784.904    -78.14919
6792.905    -77.96164
6800.906    -78.93283
6808.908    -81.42696
6816.909    -88.07928
6824.91    -95.99695
6832.911    -94.722
6840.913    -93.71936
6848.914    -94.54597
6856.915    -94.04887
6864.916    -92.21191
6872.918    -90.72699
6880.919    -90.43642
6888.92    -84.42845
6896.921    -80.45987
6904.923    -78.86163
6912.924    -79.16821
6920.925    -80.60507
6928.926    -83.0368
6936.928    -90.17904
6944.929    -93.36129
6952.93    -91.85007
6960.931    -90.55835
6968.933    -92.66998
6976.934    -93.94289
6984.935    -92.50169
6992.936    -92.30674
7000.938    -91.11996
7008.939    -84.88239
7016.94    -80.56969
7024.941    -78.50645
7032.943    -78.51685
7040.944    -80.05177
7048.945    -82.29563
7056.946    -89.33853
7064.948    -91.81973
7072.949    -90.17884
7080.95    -89.19738
7088.951    -90.48792
7096.953    -91.52813
7104.954    -91.15968
7112.955    -92.51525
7120.956    -92.06936
7128.958    -84.46957
7136.959    -79.41238
7144.96    -76.43657
7152.961    -76.97437
7160.963    -77.5181
7168.964    -79.1428
7176.965    -97.88512
7184.966    -95.092
7192.968    -90.34042
7200.969    -89.92535
7208.97    -91.02655
7216.971    -90.83532
7224.973    -90.45348
7232.974    -91.94959
7240.975    -91.45747
7248.976    -86.83497
7256.978    -81.24769
7264.979    -77.49908
7272.98    -78.0181
7280.981    -78.64422
7288.983    -80.19191
7296.984    -99.58789
7304.985    -93.21783
7312.986    -90.44829
7320.988    -91.27405
7328.989    -92.75017
7336.99    -94.47243
7344.991    -93.61514
7352.993    -94.23399
7360.994    -93.02527
7368.995    -87.92385
7376.996    -81.67901
7384.998    -77.01749
7392.999    -77.45799
7401.0    -78.04256
7401.0    -70.60124
7460.214    -70.71775
7519.428    -70.55727
7578.641    -70.75839
7637.855    -70.73225
7697.069    -70.73394
7756.283    -70.2986
7815.496    -70.33968
7874.71    -70.02966
7933.924    -70.2835
7993.138    -70.28001
8052.351    -70.36407
8111.565    -69.80326
8170.779    -69.619
8229.993    -69.20881
8289.206    -69.46812
8348.42    -70.16357
8407.634    -71.97202
8466.848    -73.26048
8526.061    -74.88997
8585.275    -75.64785
8644.489    -74.92914
8703.703    -73.74408
8762.916    -73.26105
8822.13    -72.75055
8881.344    -72.74926
8940.558    -72.47343
8999.771    -72.33956
9058.985    -72.28543
9118.199    -72.11937
9177.413    -73.16084
9236.626    -73.63364
9295.84    -74.48934
9355.054    -75.0189
9414.268    -76.23357
9473.481    -76.77364
9532.695    -77.78012
9591.909    -78.23221
9651.123    -79.13009
9710.336    -79.13562
9769.55    -79.59245
9828.764    -79.7336
9887.978    -79.38354
9947.191    -79.25531
10006.405    -79.48285
10065.619    -78.91788
10124.833    -78.9499
10184.046    -79.08923
10243.26    -79.29189
10302.474    -78.98903
10361.688    -79.14716
10420.901    -78.99177
10480.115    -79.17307
10539.329    -79.13712
10598.543    -79.43446
10657.756    -79.84064
10716.97    -79.96001
10776.184    -79.66473
10835.398    -79.88465
10894.611    -80.638
10953.825    -81.51575
11013.039    -81.98811
11072.253    -82.20911
11131.466    -83.22191
11190.68    -83.99332
11249.894    -84.00595
11309.108    -83.8196
11368.321    -83.27431
11427.535    -82.65652
11486.749    -82.19827
11545.963    -82.36897
11605.176    -83.92238
11664.39    -84.82691
11723.604    -84.56891
11782.818    -84.08239
11842.031    -84.29463
11901.245    -84.09414
11960.459    -83.86634
12019.673    -84.16228
12078.886    -85.21258
12138.1    -85.9887
12197.314    -85.04945
12256.528    -84.67501
12315.741    -85.62263
12374.955    -88.62248
12434.169    -90.40666
12493.383    -92.87747
12552.596    -90.78186
12611.81    -89.15274
12671.024    -88.00248
12730.238    -87.05968
12789.451    -85.18439
12848.665    -84.99957
12907.879    -84.68587
12967.093    -84.26104
13026.306    -82.80743
13085.52    -82.73429
13144.734    -83.08765
13203.948    -83.30795
13263.161    -83.40771
13322.375    -84.97948
13381.589    -85.58524
13440.803    -86.15594
13500.016    -87.47093
13559.23    -90.01276
13618.444    -96.16628
13677.658    -94.36128
13736.871    -91.91527
13796.085    -88.42297
13855.299    -88.42329
13914.513    -89.37002
13973.726    -89.11794
14032.94    -86.73721
14092.154    -86.35052
14151.368    -86.07741
14210.581    -85.41426
14269.795    -84.77041
14329.009    -86.82224
14388.223    -87.19431
14447.436    -86.544
14506.65    -86.46955
14565.864    -86.05868
14625.078    -84.58569
14684.291    -84.6422
14743.505    -85.94596
14802.719    -88.06238
14861.933    -88.07053
14921.146    -87.52866
14980.36    -86.49049
15039.574    -85.29726
15098.788    -85.59917
15158.001    -84.90848
15217.215    -83.82577
15276.429    -82.35887
15335.643    -81.91516
15394.856    -81.74274
15454.07    -82.23579
15513.284    -82.12955
15572.498    -80.57653
15631.711    -78.63266
15690.925    -78.22113
15750.139    -78.90553
15809.353    -80.62228
15868.566    -81.58722
15927.78    -83.80416
15986.994    -86.62958
16046.208    -89.46244
16105.421    -89.26819
16164.635    -87.275
16223.849    -86.38315
16283.063    -88.40356
16342.276    -88.70731
16401.49    -86.99615
16460.704    -85.8537
16519.918    -85.42688
16579.131    -85.66853
16638.345    -86.13521
16697.559    -87.08105
16756.773    -85.87267
16815.986    -84.2673
16875.2    -83.41155
16934.414    -83.79842
16993.628    -85.22919
17052.841    -87.09156
17112.055    -86.28638
17171.269    -85.14451
17230.483    -84.36665
17289.696    -86.65882
17348.91    -88.00396
17408.124    -89.62179
17467.338    -87.47439
17526.551    -85.31269
17585.765    -84.06945
17644.979    -83.27185
17704.193    -80.37518
17763.406    -80.2937
17822.62    -80.65097
17881.834    -80.88895
17941.048    -80.57674
18000.261    -82.80215
18059.475    -85.49875
18118.689    -87.38299
18177.903    -86.54064
18237.116    -84.21811
18296.33    -83.39616
18355.544    -83.00692
18414.758    -83.01368
18473.971    -83.0788
18533.185    -83.199
18592.399    -83.89267
18651.613    -85.547
18710.826    -87.11213
18770.04    -89.02298
18829.254    -89.74018
18888.468    -90.58698
18947.681    -88.25436
19006.895    -87.26013
19066.109    -85.9258
19125.323    -84.6525
19184.536    -83.5761
19243.75    -83.69984
19302.964    -83.63164
19362.178    -83.87598
19421.391    -84.51903
19480.605    -89.80653
19539.819    -93.24936
19599.033    -90.06126
19658.246    -87.001
19717.46    -82.9968
19776.674    -82.07255
19835.888    -81.39066
19895.101    -81.54179
19954.315    -82.53572
20013.529    -82.73774
20072.743    -80.98951
20131.956    -79.753
20191.17    -78.16915
20250.384    -78.76096
20309.598    -79.96355
20368.811    -81.61491
20428.025    -82.61035
20487.239    -84.60577
20546.453    -84.35114
20605.666    -83.61188
20664.88    -83.02454
20724.094    -83.56896
20783.308    -83.11813
20842.521    -82.846
20901.735    -82.19872
20960.949    -81.61798
21020.163    -81.55523
21079.376    -81.51598
21138.59    -81.70257
21197.804    -82.31385
21257.018    -85.37002
21316.231    -87.32063
21375.445    -88.06551
21434.659    -86.13097
21493.873    -84.49706
21553.086    -82.7148
21612.3    -80.81374
21671.514    -79.52541
21730.728    -80.73659
21789.941    -81.09781
21849.155    -81.49844
21908.369    -82.34155
21967.583    -85.1684
22026.796    -86.7405
22086.01    -88.10886
22145.224    -86.3446
22204.438    -84.31506
22263.651    -83.5614
22322.865    -84.48885
22382.079    -85.69646
22441.293    -83.25632
22500.506    -81.52422
22559.72    -81.61455
22618.934    -82.36901
22678.148    -80.5569
22737.361    -79.60319
22796.575    -79.67661
22855.789    -80.13241
22915.003    -80.16213
22974.216    -80.70845
23033.43    -79.91279
23092.644    -78.69674
23151.858    -77.44642
23211.071    -77.7309
23270.285    -78.52651
23329.499    -79.55349
23388.713    -80.01562
23447.926    -81.10786
23507.14    -81.27499
23566.354    -81.80516
23625.568    -82.61691
23684.781    -83.68763
23743.995    -84.47691
23803.209    -85.0149
23862.423    -83.80262
23921.636    -83.16911
23980.85    -83.2417
24040.064    -83.23722
24099.278    -82.43471
24158.491    -80.90501
24217.705    -80.19047
24276.919    -78.75021
24336.133    -77.95554
24395.346    -78.09801
24454.56    -80.25572
24513.774    -81.38391
24572.988    -82.71507
24632.201    -81.58229
24691.415    -80.14117
24750.629    -80.1142
24809.843    -81.5872
24869.056    -82.32681
24928.27    -82.12447
24987.484    -82.64197
25046.698    -83.42952
25105.911    -83.27573
25165.125    -82.58791
25224.339    -82.04913
25283.553    -81.3373
25342.766    -80.00811
25401.98    -81.10361
25461.194    -82.26009
25520.408    -83.21886
25579.621    -84.44074
25638.835    -83.60765
25698.049    -81.97066
25757.263    -81.04381
25816.476    -80.82606
25875.69    -80.18731
25934.904    -79.53437
25994.118    -78.80404
26053.331    -78.50552
26112.545    -78.10511
26171.759    -78.38977
26230.973    -77.6105
26290.186    -77.27063
26349.4    -77.94693
26408.614    -80.42891
26467.828    -79.43137
26527.041    -78.14539
26586.255    -77.41516
26645.469    -79.34518
26704.683    -80.62863
26763.896    -81.57638
26823.11    -78.23501
26882.324    -77.56406
26941.538    -77.13367
27000.751    -76.81246
27059.965    -76.37228
27119.179    -77.18172
27178.393    -77.54974
27237.606    -77.66623
27296.82    -78.46381
27356.034    -80.32787
27415.248    -85.72773
27474.461    -84.84079
27533.675    -83.04704
27592.889    -82.22848
27652.103    -81.43984
27711.316    -80.37815
27770.53    -79.57086
27829.744    -78.54152
27888.958    -78.05892
27948.171    -77.28231
28007.385    -76.69305
28066.599    -76.18224
28125.813    -77.3331
28185.026    -78.80383
28244.24    -80.84111
28303.454    -81.91653
28362.668    -82.08174
28421.881    -81.51
28481.095    -80.11868
28540.309    -78.76944
28599.523    -80.0878
28658.736    -80.4094
28717.95    -79.84521
28777.164    -79.47079
28836.378    -78.71358
28895.591    -78.76337
28954.805    -79.33892
29014.019    -80.07378
29073.233    -79.8326
29132.446    -79.18101
29191.66    -77.95613
29250.874    -77.1028
29310.088    -76.6138
29369.301    -77.91515
29428.515    -79.1618
29487.729    -79.58788
29546.943    -78.97961
29606.156    -79.0483
29665.37    -78.88336
29724.584    -79.60219
29783.798    -78.57687
29843.011    -78.82463
29902.225    -79.48429
29961.439    -80.63644
30020.653    -78.52356
30079.866    -77.0989
30139.08    -76.49973
30198.294    -76.49927
30257.508    -76.2683
30316.721    -75.30854
30375.935    -76.79153
30435.149    -77.2206
30494.363    -77.37809
30553.576    -78.60293
30612.79    -82.64792
30672.004    -81.54855
30731.218    -80.504
30790.431    -78.72688
30849.645    -77.6973
30908.859    -77.39264
30968.073    -77.9582
31027.286    -78.98036
31086.5    -80.78181
31145.714    -80.69819
31204.928    -79.97423
31264.141    -78.13924
31323.355    -78.69295
31382.569    -79.32368
31441.783    -79.66517
31500.996    -79.12402
31560.21    -80.21809
31619.424    -81.18411
31678.638    -82.72657
31737.851    -81.25356
31797.065    -77.05421
31856.279    -77.27931
31915.493    -76.69781
31974.706    -76.02441
32033.92    -75.68742
32093.134    -78.2398
32152.348    -80.33309
32211.561    -81.02053
32270.775    -79.40287
32329.989    -79.47447
32389.203    -79.42123
32448.416    -79.95922
32507.63    -81.33843
32566.844    -82.46009
32626.058    -80.48088
32685.271    -78.92889
32744.485    -79.38359
32803.699    -81.8725
32862.913    -81.60347
32922.126    -81.47141
32981.34    -81.17175
33040.554    -82.16137
33099.768    -82.36076
33158.981    -83.78941
33218.195    -84.29478
33277.409    -80.9305
33336.623    -79.86376
33395.836    -78.79924
33455.05    -77.32951
33514.264    -76.35144
33573.478    -77.37981
33632.691    -77.75925
33691.905    -77.89249
33751.119    -78.29547
33810.333    -80.47166
33869.546    -80.38548
33928.76    -79.10424
33987.974    -77.98384
34047.188    -77.68725
34106.401    -76.45271
34165.615    -76.79328
34224.829    -78.57043
34284.043    -82.5614
34343.256    -81.92839
34402.47    -81.10989
34461.684    -78.63739
34520.898    -78.05901
34580.111    -77.55167
34639.325    -76.92452
34698.539    -76.36683
34757.753    -76.48486
34816.966    -77.42222
34876.18    -77.49232
34935.394    -77.61394
34994.608    -77.59541
35053.821    -77.73531
35113.035    -77.2986
35172.249    -77.16308
35231.463    -76.80237
35290.676    -76.85924
35349.89    -76.17708
35409.104    -76.01657
35468.318    -75.68541
35527.531    -76.36971
35586.745    -76.33305
35645.959    -76.50907
35705.173    -77.28389
35764.386    -80.10213
35823.6    -81.13481
35882.814    -81.27177
35942.028    -77.85191
36001.241    -77.68012
36060.455    -77.96699
36119.669    -77.3788
36178.883    -75.58875
36238.096    -76.11358
36297.31    -76.82459
36356.524    -78.41776
36415.738    -80.78951
36474.951    -79.70712
36534.165    -79.36941
36593.379    -78.85338
36652.593    -77.56017
36711.806    -76.0164
36771.02    -77.18442
36830.234    -78.91245
36889.448    -81.1582
36948.661    -77.73106
37007.875    -75.93433
37067.089    -76.23827
37126.303    -72.23314
37185.516    -54.5471
37244.73    -51.61552
37303.944    -50.97335
37363.158    -51.03543
37422.371    -51.16158
37481.585    -52.56487
37540.799    -56.60065
37600.013    -65.97417
37659.226    -76.67667
37718.44    -77.69365
37777.654    -78.33434
37836.868    -79.16151
37896.081    -80.89603
37955.295    -81.5409
38014.509    -85.85522
38073.723    -85.35616
38132.936    -82.47886
38192.15    -79.65417
38251.364    -79.44761
38310.578    -79.05628
38369.791    -77.69318
38429.005    -76.0565
38488.219    -77.38881
38547.433    -78.54832
38606.646    -78.48705
38665.86    -78.15952
38725.074    -80.75427
38784.288    -80.8971
38843.501    -79.04396
38902.715    -76.26891
38961.929    -75.6248
39021.143    -75.36275
39080.356    -75.51678
39139.57    -76.10222
39198.784    -78.5601
39257.998    -80.37395
39317.211    -81.22027
39376.425    -80.47774
39435.639    -79.89632
39494.853    -82.01554
39554.066    -82.0955
39613.28    -81.01379
39672.494    -77.95403
39731.708    -77.37301
39790.921    -76.90865
39850.135    -76.94193
39909.349    -77.01696
39968.563    -78.39186
40027.776    -77.66836
40086.99    -76.6581
40146.204    -75.69755
40205.418    -76.174
40264.631    -76.43718
40323.845    -77.26588
40383.059    -77.9486
40442.273    -77.66045
40501.486    -78.14522
40560.7    -79.64742
40619.914    -80.08558
40679.128    -80.14524
40738.341    -79.27119
40797.555    -78.77857
40856.769    -79.12384
40915.983    -79.78029
40975.196    -80.27421
41034.41    -78.3731
41093.624    -78.04362
41152.838    -80.3554
41212.051    -85.86125
41271.265    -83.90589
41330.479    -82.21004
41389.693    -81.14218
41448.906    -81.8035
41508.12    -82.71719
41567.334    -82.50671
41626.548    -79.72466
41685.761    -80.81631
41744.975    -82.48979
41804.189    -81.64302
41863.403    -78.85505
41922.616    -78.26933
41981.83    -78.08874
42041.044    -78.7485
42100.258    -79.37058
42159.471    -81.40495
42218.685    -82.07718
42277.899    -80.64066
42337.113    -78.94911
42396.326    -77.97585
42455.54    -77.66048
42514.754    -76.63822
42573.968    -76.57158
42633.181    -77.39138
42692.395    -80.46033
42751.609    -81.28677
42810.823    -80.3447
42870.036    -78.75399
42929.25    -78.49523
42988.464    -78.56318
43047.678    -78.96287
43106.891    -79.81685
43166.105    -81.8168
43225.319    -80.70903
43284.533    -80.01466
43343.746    -78.02357
43402.96    -80.28013
43462.174    -81.94422
43521.388    -81.95223
43580.601    -77.46082
43639.815    -76.4006
43699.029    -75.61078
43758.243    -75.22765
43817.456    -75.15852
43876.67    -74.84529
43935.884    -75.04067
43995.098    -74.97913
44054.311    -75.4491
44113.525    -76.07107
44172.739    -76.52644
44231.953    -75.93371
44291.166    -75.79442
44350.38    -76.10448
44409.594    -77.82482
44468.808    -79.06321
44528.021    -80.4454
44587.235    -82.14051
44646.449    -84.07849
44705.663    -82.64912
44764.876    -80.80765
44824.09    -77.25045
44883.304    -76.0604
44942.518    -75.14725
45001.731    -74.60131
45060.945    -74.25546
45120.159    -74.61867
45179.373    -75.21087
45238.586    -75.89371
45297.8    -75.74143
45357.014    -76.11745
45416.228    -76.85909
45475.441    -78.09515
45534.655    -79.00156
45593.869    -79.21744
45653.083    -81.60509
45712.296    -84.17329
45771.51    -87.00843
45830.724    -88.60493
45889.938    -87.87128
45949.151    -83.47932
46008.365    -81.59854
46067.579    -80.82327
46126.793    -80.85326
46186.006    -81.05767
46245.22    -82.99019
46304.434    -83.49471
46363.648    -82.18357
46422.861    -81.48064
46482.075    -80.48641
46541.289    -78.76309
46600.503    -79.08949
46659.716    -80.04675
46718.93    -81.88574
46778.144    -82.56913
46837.358    -83.07957
46896.571    -81.64246
46955.785    -80.97485
47014.999    -81.27283
47074.213    -81.8482
47133.426    -83.71737
47192.64    -82.66927
47251.854    -80.30274
47311.068    -80.47987
47370.281    -81.53686
47429.495    -79.87564
47488.709    -78.71674
47547.923    -78.41718
47607.136    -81.20258
47666.35    -81.36683
47725.564    -79.56458
47784.778    -75.6374
47843.991    -75.12985
47903.205    -75.12035
47962.419    -75.80531
48021.633    -77.03714
48080.846    -80.33994
48140.06    -81.04069
48199.274    -81.37359
48258.488    -79.99395
48317.701    -80.35427
48376.915    -82.06343
48436.129    -83.44634
48495.343    -84.4579
48554.556    -83.41723
48613.77    -80.50712
48672.984    -79.66423
48732.198    -79.2896
48791.411    -78.45974
48850.625    -79.66663
48909.839    -81.39277
48969.053    -83.08717
49028.266    -82.60126
49087.48    -81.22497
49146.694    -79.83186
49205.908    -78.57022
49265.121    -75.68531
49324.335    -75.24716
49383.549    -75.03409
49442.763    -74.28165
49501.976    -73.86932
49561.19    -76.22732
49620.404    -78.61277
49679.618    -81.33382
49738.831    -82.92666
49798.045    -82.75919
49857.259    -83.40051
49916.473    -84.27794
49975.686    -82.53394
50034.9    -78.92278
50094.114    -78.5363
50153.328    -79.01575
50212.541    -80.26254
50271.755    -81.12273
50330.969    -82.65495
50390.183    -82.01323
50449.396    -81.34367
50508.61    -81.77135
50567.824    -86.45308
50627.038    -87.95194
50686.251    -85.78519
50745.465    -79.2793
50804.679    -77.68503
50863.893    -76.90363
50923.106    -77.11131
50982.32    -78.637
51041.534    -85.40089
51100.748    -85.25423
51159.961    -81.99907
51219.175    -78.44756
51278.389    -78.1293
51337.603    -78.45361
51396.816    -79.66221
51456.03    -81.23997
51515.244    -81.0806
51574.458    -82.36878
51633.671    -83.55101
51692.885    -85.07645
51752.099    -83.3483
51811.313    -82.16203
51870.526    -81.47598
51929.74    -81.18983
51988.954    -79.34201
52048.168    -78.22504
52107.381    -77.11122
52166.595    -76.2517
52225.809    -75.82378
52285.023    -76.40963
52344.236    -76.51782
52403.45    -76.36678
52462.664    -75.35031
52521.878    -76.21108
52581.091    -76.71272
52640.305    -76.72607
52699.519    -75.95656
52758.733    -76.85635
52817.946    -76.75523
52877.16    -76.66266
52936.374    -76.54876
52995.588    -76.83266
53054.801    -79.06599
53114.015    -80.50878
53173.229    -82.10076
53232.443    -81.32953
53291.656    -79.56836
53350.87    -78.36142
53410.084    -77.41868
53469.298    -77.46907
53528.511    -82.43192
53587.725    -87.73344
53646.939    -88.96205
53706.153    -86.47466
53765.366    -85.77206
53824.58    -85.02205
53883.794    -84.64375
53943.008    -80.57331
54002.221    -78.51601
54061.435    -77.43643
54120.649    -76.87041
54179.863    -76.15395
54239.076    -77.19013
54298.29    -78.83431
54357.504    -80.57653
54416.718    -79.57191
54475.931    -77.65159
54535.145    -76.51936
54594.359    -76.99784
54653.573    -78.19639
54712.786    -76.62747
54772.0    -76.03201
54772.0    -68.51266
55535.808    -68.73332
56299.617    -69.37505
57063.425    -70.5538
57827.233    -71.20193
58591.041    -70.99097
59354.85    -70.47181
60118.658    -70.15702
60882.466    -69.80029
61646.275    -69.12515
62410.083    -68.68603
63173.891    -69.55045
63937.699    -71.36761
64701.508    -71.93509
65465.316    -70.99347
66229.124    -70.17512
66992.932    -69.38374
67756.741    -68.3616
68520.549    -67.21411
69284.357    -66.67675
70048.166    -66.56438
70811.974    -67.07758
71575.782    -68.41137
72339.59    -68.31667
73103.399    -65.63799
73867.207    -64.45313
74631.015    -64.74133
75394.824    -65.65907
76158.632    -68.30787
76922.44    -71.43148
77686.248    -71.17187
78450.057    -70.6137
79213.865    -70.53943
79977.673    -70.3455
80741.481    -70.15179
81505.29    -70.6888
82269.098    -71.64217
83032.906    -72.78805
83796.715    -75.31574
84560.523    -78.02619
85324.331    -77.94919
86088.139    -75.42598
86851.948    -73.66029
87615.756    -73.42649
88379.564    -74.03642
89143.373    -74.36523
89907.181    -73.67304
90670.989    -72.80251
91434.797    -71.57323
92198.606    -70.83437
92962.414    -71.38713
93726.222    -72.72108
94490.031    -74.50017
95253.839    -76.72115
96017.647    -79.30093
96781.455    -82.22987
97545.264    -80.73127
98309.072    -77.16303
99072.88    -74.41631
99836.688    -73.24996
100600.497    -74.20509
101364.305    -76.36515
102128.113    -77.37028
102891.922    -76.96343
103655.73    -76.6197
104419.538    -76.87716
105183.346    -77.29694
105947.155    -77.3335
106710.963    -77.46651
107474.771    -78.24953
108238.58    -79.88293
109002.388    -81.54667
109766.196    -81.37166
110530.004    -77.61582
111293.813    -75.68641
112057.621    -74.38298
112821.429    -74.25664
113585.237    -77.00175
114349.046    -79.67354
115112.854    -78.9572
115876.662    -76.90809
116640.471    -76.20054
117404.279    -77.10914
118168.087    -78.37505
118931.895    -78.09853
119695.704    -77.08401
120459.512    -77.70121
121223.32    -78.35878
121987.129    -79.34967
122750.937    -79.72357
123514.745    -79.82635
124278.553    -79.36472
125042.362    -78.12685
125806.17    -77.41405
126569.978    -77.50974
127333.786    -78.2605
128097.595    -79.42357
128861.403    -78.29583
129625.211    -75.82584
130389.02    -74.97173
131152.828    -75.55825
131916.636    -77.74927
132680.444    -80.75599
133444.253    -80.12705
134208.061    -74.83681
134971.869    -68.90205
135735.678    -66.19005
136499.486    -66.74703
137263.294    -66.63326
138027.102    -64.2698
138790.911    -62.59935
139554.719    -62.24471
140318.527    -62.84323
141082.336    -64.71791
141846.144    -67.0163
142609.952    -67.28252
143373.76    -68.10077
144137.569    -72.21664
144901.377    -76.46153
145665.185    -77.39614
146428.993    -78.86369
147192.802    -77.17931
147956.61    -75.09024
148720.418    -74.14169
149484.227    -73.68909
150248.035    -73.54047
151011.843    -74.13503
151775.651    -75.50451
152539.46    -76.96243
153303.268    -78.06853
154067.076    -79.61238
154830.885    -80.87719
155594.693    -80.60554
156358.501    -80.35265
157122.309    -80.41335
157886.118    -79.41969
158649.926    -78.37413
159413.734    -77.71172
160177.542    -76.91673
160941.351    -77.9295
161705.159    -81.14794
162468.967    -83.54836
163232.776    -81.26073
163996.584    -79.09206
164760.392    -79.1932
165524.2    -79.46715
166288.009    -79.35103
167051.817    -78.74367
167815.625    -78.25784
168579.434    -79.73829
169343.242    -80.97649
170107.05    -80.40333
170870.858    -81.01262
171634.667    -81.61259
172398.475    -79.75078
173162.283    -78.29356
173926.092    -78.5378
174689.9    -79.12526
175453.708    -79.86942
176217.516    -81.21731
176981.325    -81.43982
177745.133    -80.39891
178508.941    -80.65842
179272.749    -82.22758
180036.558    -81.93745
180800.366    -82.49178
181564.174    -82.62259
182327.983    -81.43544
183091.791    -81.76846
183855.599    -81.90852
184619.407    -80.60568
185383.216    -78.72253
186147.024    -78.13271
186910.832    -78.65919
187674.641    -80.15075
188438.449    -82.39863
189202.257    -81.14017
189966.065    -79.81475
190729.874    -79.60166
191493.682    -79.8388
192257.49    -81.25375
193021.298    -81.71611
193785.107    -79.71444
194548.915    -79.19106
195312.723    -79.76254
196076.532    -79.86925
196840.34    -80.42297
197604.148    -80.50978
198367.956    -79.74477
199131.765    -79.75725
199895.573    -80.66376
200659.381    -82.04214
201423.19    -81.08751
202186.998    -78.79596
202950.806    -77.41498
203714.614    -77.12266
204478.423    -77.73464
205242.231    -78.03888
206006.039    -77.81573
206769.847    -79.17343
207533.656    -81.9609
208297.464    -82.15134
209061.272    -80.10895
209825.081    -78.79556
210588.889    -78.7735
211352.697    -80.1818
212116.505    -81.83012
212880.314    -81.52574
213644.122    -79.95078
214407.93    -78.45418
215171.739    -77.82551
215935.547    -78.08127
216699.355    -79.52258
217463.163    -80.80793
218226.972    -80.45217
218990.78    -80.57629
219754.588    -80.61098
220518.397    -81.19511
221282.205    -81.60725
222046.013    -81.12938
222809.821    -80.64053
223573.63    -80.69483
224337.438    -80.87537
225101.246    -81.40417
225865.054    -82.88513
226628.863    -83.20132
227392.671    -82.87931
228156.479    -83.46674
228920.288    -84.15434
229684.096    -83.14736
230447.904    -82.62384
231211.712    -82.93884
231975.521    -82.75002
232739.329    -82.19111
233503.137    -81.76263
234266.946    -81.40717
235030.754    -81.08729
235794.562    -80.62106
236558.37    -81.4271
237322.179    -82.30119
238085.987    -80.97428
238849.795    -80.76124
239613.603    -82.06319
240377.412    -84.06767
241141.22    -86.86989
241905.028    -85.75185
242668.837    -82.5019
243432.645    -81.36503
244196.453    -81.38754
244960.261    -82.07433
245724.07    -82.59971
246487.878    -81.89542
247251.686    -80.98914
248015.495    -80.73269
248779.303    -81.0965
249543.111    -81.25517
250306.919    -81.13888
251070.728    -81.24037
251834.536    -81.67339
252598.344    -82.18368
253362.153    -82.21565
254125.961    -81.84023
254889.769    -82.22527
255653.577    -83.91567
256417.386    -85.21081
257181.194    -84.93311
257945.002    -83.22889
258708.81    -81.24129
259472.619    -80.39901
260236.427    -80.32926
261000.235    -80.39194
261764.044    -80.35139
262527.852    -80.99332
263291.66    -81.97857
264055.468    -82.27681
264819.277    -82.855
265583.085    -83.65526
266346.893    -85.25826
267110.702    -87.54661
267874.51    -88.50976
268638.318    -87.49552
269402.126    -85.68761
270165.935    -85.96517
270929.743    -88.76472
271693.551    -90.02844
272457.359    -86.46185
273221.168    -84.47975
273984.976    -84.01451
274748.784    -83.71101
275512.593    -81.63141
276276.401    -79.00074
277040.209    -78.94337
277804.017    -80.54289
278567.826    -81.56933
279331.634    -82.12154
280095.442    -81.93424
280859.251    -81.19666
281623.059    -80.32642
282386.867    -80.57224
283150.675    -80.48535
283914.484    -79.56676
284678.292    -78.73391
285442.1    -77.75271
286205.908    -78.02709
286969.717    -80.10119
287733.525    -83.68407
288497.333    -86.6903
289261.142    -85.23659
290024.95    -84.91222
290788.758    -84.81668
291552.566    -83.73763
292316.375    -81.8452
293080.183    -80.37504
293843.991    -80.69571
294607.8    -81.68836
295371.608    -82.27715
296135.416    -82.88194
296899.224    -83.296
297663.033    -82.45031
298426.841    -81.40138
299190.649    -81.26433
299954.458    -82.36935
300718.266    -84.04616
301482.074    -85.14075
302245.882    -83.65572
303009.691    -82.56744
303773.499    -83.24539
304537.307    -84.14217
305301.115    -84.68431
306064.924    -84.70995
306828.732    -83.49744
307592.54    -82.28962
308356.349    -81.72774
309120.157    -82.12872
309883.965    -82.7692
310647.773    -82.60449
311411.582    -83.14844
312175.39    -83.56372
312939.198    -83.08417
313703.007    -83.56238
314466.815    -83.45413
315230.623    -82.62067
315994.431    -82.1575
316758.24    -82.52543
317522.048    -82.8574
318285.856    -82.91488
319049.664    -84.18003
319813.473    -85.86418
320577.281    -85.73676
321341.089    -85.47638
322104.898    -84.91053
322868.706    -84.9179
323632.514    -85.3493
324396.322    -84.7131
325160.131    -84.74866
325923.939    -85.1914
326687.747    -85.28113
327451.556    -85.27949
328215.364    -83.52399
328979.172    -82.37786
329742.98    -82.81043
330506.789    -83.9062
331270.597    -83.82693
332034.405    -82.09893
332798.214    -81.48628
333562.022    -82.23059
334325.83    -84.00459
335089.638    -85.21161
335853.447    -84.05003
336617.255    -82.82638
337381.063    -82.98246
338144.871    -84.72227
338908.68    -86.24509
339672.488    -86.05184
340436.296    -85.1951
341200.105    -84.20784
341963.913    -83.79676
342727.721    -84.11378
343491.529    -84.41456
344255.338    -85.48662
345019.146    -87.10599
345782.954    -87.68772
346546.763    -87.21435
347310.571    -87.03864
348074.379    -86.02866
348838.187    -84.22884
349601.996    -82.75636
350365.804    -82.31132
351129.612    -83.59545
351893.42    -84.64668
352657.229    -84.13237
353421.037    -84.10609
354184.845    -87.27371
354948.654    -93.34049
355712.462    -92.76064
356476.27    -87.56236
357240.078    -85.11912
358003.887    -85.12365
358767.695    -85.29089
359531.503    -84.75565
360295.312    -83.94501
361059.12    -82.85764
361822.928    -82.37151
362586.736    -82.59936
363350.545    -82.87751
364114.353    -83.92338
364878.161    -85.09617
365641.969    -84.9301
366405.778    -85.18414
367169.586    -86.05882
367933.394    -87.36571
368697.203    -87.29711
369461.011    -84.89789
370224.819    -83.68047
370988.627    -83.76919
371752.436    -85.70702
372516.244    -87.13026
373280.052    -86.16662
374043.861    -83.27537
374807.669    -81.42745
375571.477    -82.16297
376335.285    -84.1939
377099.094    -85.34735
377862.902    -84.01894
378626.71    -82.30334
379390.519    -82.25008
380154.327    -84.45609
380918.135    -86.45729
381681.943    -86.7789
382445.752    -88.19818
383209.56    -89.68302
383973.368    -88.53283
384737.176    -85.07774
385500.985    -83.5025
386264.793    -82.80302
387028.601    -81.73075
387792.41    -81.3944
388556.218    -81.97554
389320.026    -82.78418
390083.834    -83.03864
390847.643    -83.08943
391611.451    -84.24351
392375.259    -86.6383
393139.068    -86.70359
393902.876    -85.70854
394666.684    -85.31494
395430.492    -85.88976
396194.301    -85.61662
396958.109    -84.69691
397721.917    -83.755
398485.725    -83.08949
399249.534    -83.61339
400013.342    -84.23138
400777.15    -83.40198
401540.959    -82.3688
402304.767    -81.27389
403068.575    -80.83276
403832.383    -81.07809
404596.192    -80.79462
405360.0    -80.64186
405360.0    -76.19238
411465.035    -74.71312
417570.071    -73.63645
423675.106    -72.76228
429780.141    -72.16703
435885.176    -72.32867
441990.212    -73.39647
448095.247    -74.99928
454200.282    -76.56998
460305.318    -76.90073
466410.353    -76.40907
472515.388    -76.44281
478620.424    -77.22409
484725.459    -78.49354
490830.494    -79.10873
496935.529    -79.35956
503040.565    -77.53412
509145.6    -76.08103
515250.635    -75.78699
521355.671    -75.70311
527460.706    -74.92151
533565.741    -73.83014
539670.776    -73.45137
545775.812    -73.44033
551880.847    -72.71316
557985.882    -72.02635
564090.918    -72.54984
570195.953    -73.86014
576300.988    -75.06158
582406.024    -75.91717
588511.059    -77.10021
594616.094    -79.3426
600721.129    -80.83146
606826.165    -79.01701
612931.2    -76.70045
619036.235    -75.35426
625141.271    -74.71701
631246.306    -74.52371
637351.341    -74.63872
643456.376    -75.01472
649561.412    -75.89415
655666.447    -77.4463
661771.482    -78.88014
667876.518    -78.88562
673981.553    -78.48412
680086.588    -78.73682
686191.624    -78.99668
692296.659    -79.36982
698401.694    -79.96429
704506.729    -79.46116
710611.765    -78.49272
716716.8    -78.30614
722821.835    -78.46001
728926.871    -78.40654
735031.906    -78.83315
741136.941    -79.74435
747241.976    -80.15368
753347.012    -80.39616
759452.047    -81.54867
765557.082    -82.42536
771662.118    -82.54161
777767.153    -83.48485
783872.188    -84.94867
789977.224    -85.92194
796082.259    -85.82611
802187.294    -84.71795
808292.329    -84.15503
814397.365    -84.59091
820502.4    -84.81305
826607.435    -84.31706
832712.471    -83.95845
838817.506    -83.28103
844922.541    -82.20045
851027.576    -81.69662
857132.612    -82.28845
863237.647    -83.36555
869342.682    -84.40049
875447.718    -85.80429
881552.753    -86.60418
887657.788    -86.2962
893762.824    -86.03687
899867.859    -85.45695
905972.894    -85.2317
912077.929    -85.59689
918182.965    -86.18071
924288.0    -87.40187
930393.035    -88.89986
936498.071    -89.44837
942603.106    -88.90315
948708.141    -87.74399
954813.176    -85.75807
960918.212    -83.94919
967023.247    -82.70394
973128.282    -81.78492
979233.318    -80.92686
985338.353    -80.34045
991443.388    -80.50679
997548.424    -81.53302
1003653.459    -82.59879
1009758.494    -83.1933
1015863.529    -83.99729
1021968.565    -85.63293
1028073.6    -86.55284
1034178.635    -83.98462
1040283.671    -81.42718
1046388.706    -80.78236
1052493.741    -81.21745
1058598.776    -81.84727
1064703.812    -83.37399
1070808.847    -86.34338
1076913.882    -86.50691
1083018.918    -84.10413
1089123.953    -82.37297
1095228.988    -81.52517
1101334.024    -81.32856
1107439.059    -81.8616
1113544.094    -82.87977
1119649.129    -82.89292
1125754.165    -81.29655
1131859.2    -78.82569
1137964.235    -77.02953
1144069.271    -76.4733
1150174.306    -76.29288
1156279.341    -76.26924
1162384.376    -76.67253
1168489.412    -77.24072
1174594.447    -76.67377
1180699.482    -75.29266
1186804.518    -74.61442
1192909.553    -74.90723
1199014.588    -75.20985
1205119.624    -75.30668
1211224.659    -76.01376
1217329.694    -76.10159
1223434.729    -74.70511
1229539.765    -73.89639
1235644.8    -74.59859
1241749.835    -76.66373
1247854.871    -78.74424
1253959.906    -79.19052
1260064.941    -78.32686
1266169.976    -77.51318
1272275.012    -78.12467
1278380.047    -79.82227
1284485.082    -80.61315
1290590.118    -78.98833
1296695.153    -76.57561
1302800.188    -74.87634
1308905.224    -74.0142
1315010.259    -74.07826
1321115.294    -74.9467
1327220.329    -76.38938
1333325.365    -78.65419
1339430.4    -81.33749
1345535.435    -81.62935
1351640.471    -79.88248
1357745.506    -78.87818
1363850.541    -78.95197
1369955.576    -79.01007
1376060.612    -79.15986
1382165.647    -79.52294
1388270.682    -79.19724
1394375.718    -78.63544
1400480.753    -79.10273
1406585.788    -79.80846
1412690.824    -79.10901
1418795.859    -77.98669
1424900.894    -77.6556
1431005.929    -77.65796
1437110.965    -77.54456
1443216.0    -77.79989
1449321.035    -79.07052
1455426.071    -81.2644
1461531.106    -83.31116
1467636.141    -84.11302
1473741.176    -83.86401
1479846.212    -82.91904
1485951.247    -82.01755
1492056.282    -81.95959
1498161.318    -82.16742
1504266.353    -81.69209
1510371.388    -81.50727
1516476.424    -81.4057
1522581.459    -80.19287
1528686.494    -79.30559
1534791.529    -79.67482
1540896.565    -80.66881
1547001.6    -81.05775
1553106.635    -80.42472
1559211.671    -84.30037
1565316.706    -84.924
1571421.741    -82.95913
1577526.776    -81.4136
1583631.812    -81.27721
1589736.847    -81.53299
1595841.882    -81.72746
1601946.918    -82.34643
1608051.953    -83.28514
1614156.988    -83.61293
1620262.024    -83.12238
1626367.059    -83.13494
1632472.094    -84.67818
1638577.129    -86.43894
1644682.165    -85.83658
1650787.2    -84.43154
1656892.235    -82.6724
1662997.271    -81.65588
1669102.306    -81.61704
1675207.341    -81.9961
1681312.376    -83.29448
1687417.412    -85.66217
1693522.447    -86.8042
1699627.482    -87.20397
1705732.518    -86.20116
1711837.553    -84.21954
1717942.588    -82.6806
1724047.624    -81.18845
1730152.659    -80.10193
1736257.694    -80.25936
1742362.729    -81.31276
1748467.765    -82.32739
1754572.8    -82.94134
1760677.835    -82.74531
1766782.871    -82.62445
1772887.906    -83.51346
1778992.941    -84.47826
1785097.976    -84.87545
1791203.012    -84.8325
1797308.047    -83.81429
1803413.082    -82.25352
1809518.118    -80.86307
1815623.153    -79.74171
1821728.188    -78.90745
1827833.224    -78.66127
1833938.259    -79.33511
1840043.294    -80.79385
1846148.329    -82.60136
1852253.365    -83.35654
1858358.4    -82.58831
1864463.435    -82.12102
1870568.471    -82.18916
1876673.506    -82.65356
1882778.541    -82.29728
1888883.576    -80.71968
1894988.612    -79.64973
1901093.647    -79.42754
1907198.682    -79.87011
1913303.718    -81.28977
1919408.753    -83.38849
1925513.788    -84.71384
1931618.824    -84.74741
1937723.859    -82.74413
1943828.894    -79.91543
1949933.929    -78.48809
1956038.965    -78.43955
1962144.0    -78.72545
1968249.035    -78.93143
1974354.071    -79.53909
1980459.106    -81.126
1986564.141    -82.54173
1992669.176    -82.25959
1998774.212    -81.96098
2004879.247    -82.02482
2010984.282    -81.39832
2017089.318    -80.41338
2023194.353    -80.27877
2029299.388    -80.98842
2035404.424    -81.21826
2041509.459    -81.64043
2047614.494    -82.65076
2053719.529    -82.03084
2059824.565    -80.45996
2065929.6    -79.89405
2072034.635    -80.46667
2078139.671    -81.46541
2084244.706    -81.24709
2090349.741    -79.86423
2096454.776    -78.84701
2102559.812    -78.84279
2108664.847    -79.39515
2114769.882    -80.00215
2120874.918    -80.73206
2126979.953    -81.9763
2133084.988    -83.10106
2139190.024    -82.88796
2145295.059    -82.20606
2151400.094    -82.98296
2157505.129    -85.34892
2163610.165    -86.05868
2169715.2    -84.13744
2175820.235    -82.25208
2181925.271    -81.7096
2188030.306    -82.96935
2194135.341    -86.57571
2200240.376    -90.70103
2206345.412    -88.19979
2212450.447    -85.81731
2218555.482    -84.85207
2224660.518    -85.47256
2230765.553    -87.18501
2236870.588    -87.62017
2242975.624    -84.36984
2249080.659    -81.82235
2255185.694    -80.24119
2261290.729    -78.76763
2267395.765    -77.93983
2273500.8    -78.22279
2279605.835    -79.62987
2285710.871    -80.91164
2291815.906    -81.06931
2297920.941    -80.91458
2304025.976    -80.90224
2310131.012    -80.90379
2316236.047    -80.74667
2322341.082    -80.42069
2328446.118    -80.51973
2334551.153    -81.66898
2340656.188    -83.21873
2346761.224    -83.8384
2352866.259    -83.27563
2358971.294    -82.38681
2365076.329    -81.50188
2371181.365    -81.32713
2377286.4    -81.57625
2383391.435    -81.53773
2389496.471    -81.46092
2395601.506    -82.01341
2401706.541    -83.11892
2407811.576    -84.2568
2413916.612    -84.51521
2420021.647    -84.06651
2426126.682    -84.29546
2432231.718    -84.21052
2438336.753    -83.83576
2444441.788    -84.71585
2450546.824    -86.75352
2456651.859    -87.70392
2462756.894    -87.27795
2468861.929    -85.6367
2474966.965    -83.36263
2481072.0    -82.23539
2487177.035    -82.60453
2493282.071    -84.02497
2499387.106    -85.33348
2505492.141    -85.5752
2511597.176    -84.89297
2517702.212    -83.75118
2523807.247    -82.00361
2529912.282    -81.25759
2536017.318    -82.04899
2542122.353    -82.85439
2548227.388    -82.52985
2554332.424    -82.14052
2560437.459    -81.35913
2566542.494    -79.79991
2572647.529    -78.52631
2578752.565    -78.33624
2584857.6    -79.00863
2590962.635    -79.9459
2597067.671    -81.31925
2603172.706    -82.92287
2609277.741    -82.69369
2615382.776    -81.50623
2621487.812    -81.01542
2627592.847    -81.02466
2633697.882    -81.02324
2639802.918    -81.1472
2645907.953    -81.94352
2652012.988    -83.4231
2658118.024    -83.57234
2664223.059    -82.43816
2670328.094    -81.96349
2676433.129    -81.98104
2682538.165    -81.62585
2688643.2    -81.04469
2694748.235    -80.99321
2700853.271    -81.21615
2706958.306    -81.36913
2713063.341    -81.33269
2719168.376    -80.98346
2725273.412    -80.8569
2731378.447    -81.14153
2737483.482    -81.25036
2743588.518    -80.70621
2749693.553    -80.48243
2755798.588    -80.71955
2761903.624    -81.0935
2768008.659    -81.63271
2774113.694    -81.73679
2780218.729    -81.0409
2786323.765    -80.22115
2792428.8    -80.14978
2798533.835    -80.77649
2804638.871    -81.27784
2810743.906    -82.98573
2816848.941    -86.1541
2822953.976    -86.10136
2829059.012    -83.40608
2835164.047    -81.9224
2841269.082    -81.10374
2847374.118    -79.7904
2853479.153    -78.89838
2859584.188    -79.35034
2865689.224    -80.38451
2871794.259    -81.49232
2877899.294    -82.59401
2884004.329    -82.59695
2890109.365    -81.30804
2896214.4    -80.18776
2902319.435    -79.95422
2908424.471    -80.61841
2914529.506    -81.53462
2920634.541    -81.65883
2926739.576    -81.46105
2932844.612    -81.15867
2938949.647    -80.85528
2945054.682    -81.16381
2951159.718    -82.27422
2957264.753    -83.34002
2963369.788    -83.67989
2969474.824    -83.50124
2975579.859    -83.25563
2981684.894    -82.84418
2987789.929    -81.78192
2993894.965    -80.55396
3000000.0    -79.79406
