# AG4395A Measurement
# Timestamp: Dec 17 2014 - 17:28:46
# Parameter File: SPAG4395Atemplate.yml
1000.0    1.322469e-05
1008.001    2.561549e-05
1016.003    3.29065e-05
1024.004    3.48635e-05
1032.005    3.342688e-05
1040.006    2.5627e-05
1048.008    4.393622e-06
1056.009    1.751265e-06
1064.01    1.310521e-06
1072.011    1.252647e-06
1080.013    1.094345e-06
1088.014    9.930286e-07
1096.015    8.224946e-07
1104.016    8.007812e-07
1112.018    1.10278e-06
1120.019    1.353263e-05
1128.02    2.767765e-05
1136.021    3.666096e-05
1144.023    3.870872e-05
1152.024    3.747876e-05
1160.025    2.959162e-05
1168.026    4.544199e-06
1176.028    1.138509e-06
1184.029    8.759045e-07
1192.03    5.552083e-07
1200.031    5.838882e-07
1208.033    6.838948e-07
1216.034    8.203183e-07
1224.035    1.064099e-06
1232.036    1.340675e-06
1240.038    3.55571e-06
1248.039    6.75146e-06
1256.04    9.062047e-06
1264.041    9.689373e-06
1272.043    9.493732e-06
1280.044    7.85428e-06
1288.045    1.775681e-06
1296.046    7.140699e-07
1304.048    6.494218e-07
1312.049    1.010397e-06
1320.05    9.881842e-07
1328.051    8.659582e-07
1336.053    7.091673e-07
1344.054    9.942372e-07
1352.055    1.437375e-06
1360.056    3.25673e-06
1368.058    7.659925e-06
1376.059    1.252284e-05
1384.06    1.266686e-05
1392.061    1.250587e-05
1400.063    6.328339e-06
1408.064    2.27634e-06
1416.065    8.648402e-07
1424.066    6.403735e-07
1432.068    6.668488e-07
1440.069    6.840362e-07
1448.07    7.734452e-07
1456.071    7.691789e-07
1464.073    6.901285e-07
1472.074    5.664263e-07
1480.075    1.928201e-06
1488.076    5.344485e-06
1496.078    9.482709e-06
1504.079    9.625608e-06
1512.08    9.649149e-06
1520.081    5.450358e-06
1528.083    2.115422e-06
1536.084    5.874668e-07
1544.085    5.656292e-07
1552.086    5.930316e-07
1560.088    5.48807e-07
1568.089    4.883548e-07
1576.09    4.868517e-07
1584.091    4.103448e-07
1592.093    3.567332e-07
1600.094    1.247168e-06
1608.095    3.516597e-06
1616.096    6.696162e-06
1624.098    6.863183e-06
1632.099    6.911599e-06
1640.1    4.275063e-06
1648.101    1.920627e-06
1656.103    6.886702e-07
1664.104    4.252008e-07
1672.105    4.406563e-07
1680.106    4.639984e-07
1688.108    5.122525e-07
1696.109    4.984173e-07
1704.11    4.355522e-07
1712.111    3.869744e-07
1720.113    1.338889e-06
1728.114    6.886534e-06
1736.115    8.215949e-06
1744.116    8.381096e-06
1752.118    7.719559e-06
1760.119    5.361967e-06
1768.12    2.291185e-06
1776.121    3.773964e-07
1784.123    4.433167e-07
1792.124    5.536481e-07
1800.125    6.311654e-07
1808.126    6.417e-07
1816.128    6.161661e-07
1824.129    3.410979e-07
1832.13    3.559018e-07
1840.131    4.375546e-07
1848.133    1.020408e-06
1856.134    1.300934e-06
1864.135    1.368318e-06
1872.136    1.366888e-06
1880.138    1.061999e-06
1888.139    6.148596e-07
1896.14    3.064901e-07
1904.141    2.827468e-07
1912.143    3.085588e-07
1920.144    3.677922e-07
1928.145    4.424019e-07
1936.146    5.277981e-07
1944.148    6.000184e-07
1952.149    5.446499e-07
1960.15    5.871798e-07
1968.151    2.382713e-06
1976.153    3.057155e-06
1984.154    3.216777e-06
1992.155    3.012812e-06
2000.156    2.297252e-06
2008.158    1.237721e-06
2016.159    2.932451e-07
2024.16    2.316216e-07
2032.161    3.513767e-07
2040.163    4.421919e-07
2048.164    4.246654e-07
2056.165    4.13782e-07
2064.166    2.347819e-07
2072.168    2.106769e-07
2080.169    4.160848e-07
2088.17    2.588785e-06
2096.171    3.489025e-06
2104.173    3.829171e-06
2112.174    3.778319e-06
2120.175    3.085783e-06
2128.176    7.802256e-07
2136.178    4.652856e-07
2144.179    4.329579e-07
2152.18    4.800652e-07
2160.181    4.70647e-07
2168.183    4.569889e-07
2176.184    3.964052e-07
2184.185    3.967378e-07
2192.186    4.300448e-07
2200.188    1.375384e-06
2208.189    2.949298e-06
2216.19    4.117468e-06
2224.191    4.534332e-06
2232.193    4.421222e-06
2240.194    3.642125e-06
2248.195    8.275277e-07
2256.196    2.981456e-07
2264.198    1.661564e-07
2272.199    2.166383e-07
2280.2    2.755265e-07
2288.201    2.974107e-07
2296.203    3.396034e-07
2304.204    3.660105e-07
2312.205    3.87772e-07
2320.206    1.475766e-06
2328.208    3.0455e-06
2336.209    4.277045e-06
2344.21    4.473989e-06
2352.211    4.354368e-06
2360.213    3.679649e-06
2368.214    8.317067e-07
2376.215    4.923492e-07
2384.216    4.206372e-07
2392.218    3.691338e-07
2400.219    3.567975e-07
2408.22    3.451969e-07
2416.221    3.67336e-07
2424.223    3.809367e-07
2432.224    3.994295e-07
2440.225    5.842865e-07
2448.226    1.753468e-06
2456.228    3.339377e-06
2464.229    3.491193e-06
2472.23    3.515766e-06
2480.231    1.993008e-06
2488.233    8.677766e-07
2496.234    3.123132e-07
2504.235    3.235349e-07
2512.236    4.02475e-07
2520.238    4.365591e-07
2528.239    4.517049e-07
2536.24    4.567934e-07
2544.241    4.234423e-07
2552.243    3.562896e-07
2560.244    3.019586e-07
2568.245    4.423002e-07
2576.246    1.022843e-06
2584.248    1.120334e-06
2592.249    1.182381e-06
2600.25    7.99734e-07
2608.251    4.451655e-07
2616.253    3.131364e-07
2624.254    3.379691e-07
2632.255    3.156458e-07
2640.256    2.511514e-07
2648.258    1.527426e-07
2656.259    1.885891e-07
2664.26    2.104497e-07
2672.261    3.712453e-07
2680.263    3.618606e-07
2688.264    7.529307e-07
2696.265    1.833258e-06
2704.266    2.001923e-06
2712.268    2.109098e-06
2720.269    1.523659e-06
2728.27    8.717346e-07
2736.271    5.176414e-07
2744.273    2.72598e-07
2752.274    2.713296e-07
2760.275    3.064997e-07
2768.276    3.020962e-07
2776.278    3.084472e-07
2784.279    2.820391e-07
2792.28    2.201066e-07
2800.281    3.189376e-07
2808.283    1.409863e-06
2816.284    1.794142e-06
2824.285    1.884675e-06
2832.286    1.778348e-06
2840.288    1.282372e-06
2848.289    5.678712e-07
2856.29    2.716035e-07
2864.291    3.793032e-07
2872.293    4.691357e-07
2880.294    4.35932e-07
2888.295    4.025858e-07
2896.296    4.001762e-07
2904.298    2.55841e-07
2912.299    2.38005e-07
2920.3    3.823133e-07
2928.301    3.162008e-06
2936.303    4.145326e-06
2944.304    4.401712e-06
2952.305    4.447756e-06
2960.306    3.50306e-06
2968.308    1.907661e-06
2976.309    4.797705e-07
2984.31    3.4692e-07
2992.311    2.739364e-07
3000.313    2.377055e-07
3008.314    2.87997e-07
3016.315    3.651459e-07
3024.316    3.679562e-07
3032.318    3.69834e-07
3040.319    4.124833e-07
3048.32    1.66398e-06
3056.321    2.230504e-06
3064.323    2.378595e-06
3072.324    2.391076e-06
3080.325    1.936171e-06
3088.326    1.089259e-06
3096.328    2.201233e-07
3104.329    2.183263e-07
3112.33    2.986175e-07
3120.331    3.722516e-07
3128.333    3.780104e-07
3136.334    3.965079e-07
3144.335    2.855525e-07
3152.336    1.806946e-07
3160.338    2.475858e-07
3168.339    2.556918e-06
3176.34    3.621037e-06
3184.341    3.979121e-06
3192.343    3.978537e-06
3200.344    3.387088e-06
3208.345    8.688789e-07
3216.346    4.817634e-07
3224.348    4.352222e-07
3232.349    4.071772e-07
3240.35    3.645125e-07
3248.351    3.645229e-07
3256.353    4.174221e-07
3264.354    3.918835e-07
3272.355    3.835941e-07
3280.356    1.183839e-06
3288.358    3.130155e-06
3296.359    4.770029e-06
3304.36    5.497162e-06
3312.361    5.50336e-06
3320.363    4.777224e-06
3328.364    1.240243e-06
3336.365    4.491474e-07
3344.366    3.165314e-07
3352.368    2.628694e-07
3360.369    2.548877e-07
3368.37    2.808736e-07
3376.371    3.222535e-07
3384.373    2.389128e-07
3392.374    2.04762e-07
3400.375    9.103755e-07
3408.376    2.256124e-06
3416.378    3.455468e-06
3424.379    3.912037e-06
3432.38    3.901389e-06
3440.381    3.452004e-06
3448.383    9.637325e-07
3456.384    4.914587e-07
3464.385    4.927462e-07
3472.386    5.776951e-07
3480.388    5.25309e-07
3488.389    4.020494e-07
3496.39    1.909365e-07
3504.391    1.134822e-07
3512.393    2.356798e-07
3520.394    8.293102e-07
3528.395    2.424633e-06
3536.396    4.81414e-06
3544.398    4.965523e-06
3552.399    5.041869e-06
3560.4    3.1943e-06
3568.401    1.42428e-06
3576.403    4.404013e-07
3584.404    2.692895e-07
3592.405    3.050241e-07
3600.406    2.793562e-07
3608.408    1.697139e-07
3616.409    1.704094e-07
3624.41    2.567599e-07
3632.411    4.300219e-07
3640.413    4.056685e-07
3648.414    1.006361e-06
3656.415    2.360067e-06
3664.416    2.517097e-06
3672.418    2.632022e-06
3680.419    1.883285e-06
3688.42    9.683702e-07
3696.421    3.923638e-07
3704.423    2.613012e-07
3712.424    3.115836e-07
3720.425    2.98982e-07
3728.426    2.086562e-07
3736.428    2.82405e-07
3744.429    3.316292e-07
3752.43    4.321627e-07
3760.431    3.916619e-07
3768.433    1.025101e-06
3776.434    2.57655e-06
3784.435    2.7173e-06
3792.436    2.829169e-06
3800.438    2.156071e-06
3808.439    1.182658e-06
3816.44    5.831843e-07
3824.441    3.723487e-07
3832.443    3.580008e-07
3840.444    3.546344e-07
3848.445    3.850206e-07
3856.446    4.477588e-07
3864.448    5.014328e-07
3872.449    5.481239e-07
3880.45    4.680232e-07
3888.451    7.260068e-07
3896.453    2.048649e-06
3904.454    2.248612e-06
3912.455    2.416951e-06
3920.456    1.977726e-06
3928.458    1.208189e-06
3936.459    5.976424e-07
3944.46    5.538515e-07
3952.461    5.292367e-07
3960.463    4.215713e-07
3968.464    3.806645e-07
3976.465    4.009179e-07
3984.466    4.049473e-07
3992.468    3.917114e-07
4000.469    3.797352e-07
4008.47    2.106103e-06
4016.471    2.896381e-06
4024.473    3.138324e-06
4032.474    3.201854e-06
4040.475    2.665549e-06
4048.476    1.648193e-06
4056.478    6.292511e-07
4064.479    5.371704e-07
4072.48    5.460921e-07
4080.481    4.623633e-07
4088.483    3.367618e-07
4096.484    2.796125e-07
4104.485    2.422137e-07
4112.486    3.079138e-07
4120.488    3.071444e-07
4128.489    1.121493e-06
4136.49    1.696485e-06
4144.491    1.928247e-06
4152.493    2.141318e-06
4160.494    1.870538e-06
4168.495    1.185047e-06
4176.496    3.881191e-07
4184.498    3.077498e-07
4192.499    3.061572e-07
4200.5    2.279235e-07
4208.501    2.094895e-07
4216.503    3.513233e-07
4224.504    4.05702e-07
4232.505    3.585619e-07
4240.506    3.359487e-07
4248.508    1.750998e-06
4256.509    2.614927e-06
4264.51    3.059771e-06
4272.511    3.088639e-06
4280.513    2.705964e-06
4288.514    8.171124e-07
4296.515    4.718072e-07
4304.516    4.119584e-07
4312.518    3.402608e-07
4320.519    2.611784e-07
4328.52    1.897789e-07
4336.521    2.322835e-07
4344.523    2.458665e-07
4352.524    2.44434e-07
4360.525    6.530466e-07
4368.526    1.817446e-06
4376.528    2.892422e-06
4384.529    3.412513e-06
4392.53    3.451136e-06
4400.531    3.106758e-06
4408.533    9.78413e-07
4416.534    5.396481e-07
4424.535    4.562989e-07
4432.536    3.272075e-07
4440.538    2.97595e-07
4448.539    3.166553e-07
4456.54    4.536682e-07
4464.541    4.723593e-07
4472.543    5.058321e-07
4480.544    4.865287e-07
4488.545    1.661507e-06
4496.546    2.965544e-06
4504.548    3.76186e-06
4512.549    3.853775e-06
4520.55    3.571259e-06
4528.551    1.163593e-06
4536.553    4.574833e-07
4544.554    3.585431e-07
4552.555    4.075532e-07
4560.556    3.638853e-07
4568.558    2.684542e-07
4576.559    2.832354e-07
4584.56    2.606555e-07
4592.561    2.909967e-07
4600.563    6.108579e-07
4608.564    1.503291e-06
4616.565    3.029745e-06
4624.566    3.143955e-06
4632.568    3.20025e-06
4640.569    2.147871e-06
4648.57    1.02363e-06
4656.571    3.90208e-07
4664.573    3.676776e-07
4672.574    3.936873e-07
4680.575    3.485193e-07
4688.576    1.685416e-07
4696.578    2.18177e-07
4704.579    2.463817e-07
4712.58    4.624652e-07
4720.581    5.031242e-07
4728.583    1.009123e-06
4736.584    2.429933e-06
4744.585    2.603983e-06
4752.586    2.701624e-06
4760.588    2.00721e-06
4768.589    1.092165e-06
4776.59    5.329744e-07
4784.591    4.097204e-07
4792.593    4.000161e-07
4800.594    3.390266e-07
4808.595    1.761597e-07
4816.596    2.924965e-07
4824.598    3.655761e-07
4832.599    5.382649e-07
4840.6    5.100615e-07
4848.601    1.180541e-06
4856.603    3.384229e-06
4864.604    3.669298e-06
4872.605    3.781738e-06
4880.606    2.905358e-06
4888.608    1.575318e-06
4896.609    6.085962e-07
4904.61    4.908017e-07
4912.611    5.717448e-07
4920.613    5.772757e-07
4928.614    4.530612e-07
4936.615    4.549914e-07
4944.616    4.971936e-07
4952.618    6.817759e-07
4960.619    6.067687e-07
4968.62    8.615303e-07
4976.621    2.968786e-06
4984.623    3.318358e-06
4992.624    3.620626e-06
5000.625    3.06191e-06
5008.626    1.868451e-06
5016.628    6.628339e-07
5024.629    5.878942e-07
5032.63    5.566206e-07
5040.631    4.278619e-07
5048.633    2.722415e-07
5056.634    2.224405e-07
5064.635    4.858193e-07
5072.636    6.566771e-07
5080.638    6.667344e-07
5088.639    2.263759e-06
5096.64    3.334519e-06
5104.641    3.732623e-06
5112.643    3.932013e-06
5120.644    3.402241e-06
5128.645    2.178579e-06
5136.646    6.799292e-07
5144.648    5.786793e-07
5152.649    5.767807e-07
5160.65    5.512348e-07
5168.651    4.302571e-07
5176.653    3.375768e-07
5184.654    2.996707e-07
5192.655    3.642071e-07
5200.656    4.778562e-07
5208.658    1.805667e-06
5216.659    2.603367e-06
5224.66    2.895311e-06
5232.661    3.003701e-06
5240.663    2.636933e-06
5248.664    1.756754e-06
5256.665    7.975851e-07
5264.666    7.460951e-07
5272.668    6.993798e-07
5280.669    5.54758e-07
5288.67    4.197936e-07
5296.671    2.779749e-07
5304.673    3.890239e-07
5312.674    4.796546e-07
5320.675    5.034984e-07
5328.676    2.197148e-06
5336.678    3.481303e-06
5344.679    4.149954e-06
5352.68    4.249191e-06
5360.681    3.886593e-06
5368.683    1.331171e-06
5376.684    7.8228e-07
5384.685    6.71254e-07
5392.686    5.797073e-07
5400.688    4.778113e-07
5408.689    3.579667e-07
5416.69    4.591357e-07
5424.691    4.943497e-07
5432.693    5.165114e-07
5440.694    7.081634e-07
5448.695    2.019961e-06
5456.696    3.486222e-06
5464.698    4.392204e-06
5472.699    4.520673e-06
5480.7    4.244969e-06
5488.701    1.578026e-06
5496.703    8.628783e-07
5504.704    7.596032e-07
5512.705    6.42926e-07
5520.706    5.39531e-07
5528.708    3.970922e-07
5536.709    5.212416e-07
5544.71    5.56422e-07
5552.711    5.917597e-07
5560.713    5.691151e-07
5568.714    1.174862e-06
5576.715    2.18243e-06
5584.716    2.98146e-06
5592.718    3.103554e-06
5600.719    2.951428e-06
5608.72    1.221823e-06
5616.721    7.08468e-07
5624.723    6.263093e-07
5632.724    5.483568e-07
5640.725    4.710403e-07
5648.726    3.163897e-07
5656.728    3.97974e-07
5664.729    4.612516e-07
5672.73    5.27244e-07
5680.731    5.803838e-07
5688.733    1.288729e-06
5696.734    2.438739e-06
5704.735    3.293088e-06
5712.736    3.383068e-06
5720.738    2.457189e-06
5728.739    1.258383e-06
5736.74    5.412377e-07
5744.741    5.335257e-07
5752.743    6.191807e-07
5760.744    5.85921e-07
5768.745    2.882733e-07
5776.746    4.317746e-07
5784.748    4.950439e-07
5792.749    7.198853e-07
5800.75    7.245433e-07
5808.751    1.271853e-06
5816.753    3.405457e-06
5824.754    3.647012e-06
5832.755    3.7403e-06
5840.756    2.89841e-06
5848.758    1.584626e-06
5856.759    6.257555e-07
5864.76    4.597638e-07
5872.761    5.307872e-07
5880.763    5.011129e-07
5888.764    2.267996e-07
5896.765    3.134643e-07
5904.766    3.971105e-07
5912.768    7.118047e-07
5920.769    7.315994e-07
5928.77    1.296327e-06
5936.771    3.993588e-06
5944.773    4.38935e-06
5952.774    4.523725e-06
5960.775    3.745045e-06
5968.776    2.233767e-06
5976.778    1.070803e-06
5984.779    8.634065e-07
5992.78    8.86382e-07
6000.781    8.047612e-07
6008.783    4.271319e-07
6016.784    5.343184e-07
6024.785    6.475334e-07
6032.786    8.624814e-07
6040.788    8.557323e-07
6048.789    1.01815e-06
6056.79    3.224429e-06
6064.791    3.661923e-06
6072.793    3.903806e-06
6080.794    3.384632e-06
6088.795    2.176181e-06
6096.796    7.429935e-07
6104.798    6.623195e-07
6112.799    6.1923e-07
6120.8    3.52461e-07
6128.801    1.912945e-07
6136.803    3.952082e-07
6144.804    6.321329e-07
6152.805    7.512131e-07
6160.806    7.008662e-07
6168.808    2.133259e-06
6176.809    3.469121e-06
6184.81    4.019892e-06
6192.811    4.428058e-06
6200.813    4.043535e-06
6208.814    2.777101e-06
6216.815    1.069643e-06
6224.816    1.004649e-06
6232.818    9.999959e-07
6240.819    8.177717e-07
6248.82    6.344138e-07
6256.821    5.82436e-07
6264.823    6.795951e-07
6272.824    7.521524e-07
6280.825    7.008098e-07
6288.826    3.183054e-06
6296.828    5.179255e-06
6304.829    6.05561e-06
6312.83    6.379872e-06
6320.831    5.766838e-06
6328.833    3.918418e-06
6336.834    1.074187e-06
6344.835    1.019327e-06
6352.836    1.088464e-06
6360.838    1.054736e-06
6368.839    8.470309e-07
6376.84    6.404223e-07
6384.841    5.327524e-07
6392.843    6.624152e-07
6400.844    7.374688e-07
6408.845    2.434585e-06
6416.846    4.161975e-06
6424.848    5.244932e-06
6432.849    5.40556e-06
6440.85    5.050093e-06
6448.851    1.905791e-06
6456.853    1.154603e-06
6464.854    1.022e-06
6472.855    9.762136e-07
6480.856    8.861928e-07
6488.858    6.473207e-07
6496.859    5.264673e-07
6504.86    5.974861e-07
6512.861    7.078645e-07
6520.863    8.738832e-07
6528.864    2.253193e-06
6536.865    4.124376e-06
6544.866    5.441074e-06
6552.868    5.60021e-06
6560.869    5.318087e-06
6568.87    2.072549e-06
6576.871    1.111682e-06
6584.873    9.512224e-07
6592.874    8.013276e-07
6600.875    6.512191e-07
6608.876    3.727633e-07
6616.878    3.837964e-07
6624.879    5.205297e-07
6632.88    6.755377e-07
6640.881    7.576612e-07
6648.883    1.871135e-06
6656.884    3.716427e-06
6664.885    5.177052e-06
6672.886    5.360503e-06
6680.888    5.222015e-06
6688.889    2.280944e-06
6696.89    1.187494e-06
6704.891    9.933527e-07
6712.893    9.951137e-07
6720.894    9.136219e-07
6728.895    6.405825e-07
6736.896    5.399918e-07
6744.898    7.125948e-07
6752.899    8.782678e-07
6760.9    9.407621e-07
6768.901    1.561854e-06
6776.903    3.220442e-06
6784.904    4.803438e-06
6792.905    4.986753e-06
6800.906    4.009082e-06
6808.908    2.344432e-06
6816.909    1.131194e-06
6824.91    8.589268e-07
6832.911    9.07267e-07
6840.913    8.533601e-07
6848.914    4.26276e-07
6856.915    5.716001e-07
6864.916    7.090414e-07
6872.918    9.25087e-07
6880.919    8.267118e-07
6888.92    1.293488e-06
6896.921    3.998599e-06
6904.923    4.418748e-06
6912.924    4.60841e-06
6920.925    3.870449e-06
6928.926    2.399358e-06
6936.928    1.247036e-06
6944.929    8.816302e-07
6952.93    9.23535e-07
6960.931    9.01998e-07
6968.933    4.445197e-07
6976.934    5.800104e-07
6984.935    7.411957e-07
6992.936    1.007283e-06
7000.938    9.912903e-07
7008.939    1.113446e-06
7016.94    3.872539e-06
7024.941    4.395204e-06
7032.943    4.644726e-06
7040.944    4.230127e-06
7048.945    2.781497e-06
7056.946    1.537067e-06
7064.948    1.189389e-06
7072.949    1.231076e-06
7080.95    1.195866e-06
7088.951    4.401374e-07
7096.953    3.911674e-07
7104.954    6.060041e-07
7112.955    9.928254e-07
7120.956    1.025664e-06
7128.958    1.172293e-06
7136.959    4.853209e-06
7144.96    5.683871e-06
7152.961    6.247304e-06
7160.963    5.665869e-06
7168.964    3.855901e-06
7176.965    1.195166e-06
7184.966    1.081708e-06
7192.968    1.049555e-06
7200.969    8.046644e-07
7208.97    4.861557e-07
7216.971    4.940348e-07
7224.973    8.670301e-07
7232.974    1.087633e-06
7240.975    1.146234e-06
7248.976    2.477052e-06
7256.978    4.29198e-06
7264.979    5.17889e-06
7272.98    5.798337e-06
7280.981    5.401645e-06
7288.983    3.826289e-06
7296.984    1.322167e-06
7304.985    1.261423e-06
7312.986    1.272393e-06
7320.988    1.101048e-06
7328.989    7.212662e-07
7336.99    4.614577e-07
7344.991    7.345094e-07
7352.993    9.70213e-07
7360.994    1.159157e-06
7368.995    2.253273e-06
7376.996    4.211272e-06
7384.998    5.210848e-06
7392.999    5.71506e-06
7401.0    5.37765e-06
7401.0    1.072478e-06
7460.214    9.435382e-07
7519.428    9.988249e-07
7578.641    1.052866e-06
7637.855    1.118782e-06
7697.069    1.186884e-06
7756.283    1.310104e-06
7815.496    1.298234e-06
7874.71    1.238885e-06
7933.924    1.169173e-06
7993.138    1.238981e-06
8052.351    1.394445e-06
8111.565    1.548081e-06
8170.779    1.706444e-06
8229.993    1.968793e-06
8289.206    2.103966e-06
8348.42    2.000293e-06
8407.634    1.91133e-06
8466.848    1.773386e-06
8526.061    1.465871e-06
8585.275    9.463576e-07
8644.489    5.524558e-07
8703.703    6.696117e-07
8762.916    7.280614e-07
8822.13    6.947232e-07
8881.344    8.378723e-07
8940.558    8.847035e-07
8999.771    9.505629e-07
9058.985    1.017148e-06
9118.199    1.088691e-06
9177.413    7.140612e-07
9236.626    6.423158e-07
9295.84    4.636529e-07
9355.054    4.640186e-07
9414.268    5.860922e-07
9473.481    5.984173e-07
9532.695    4.832982e-07
9591.909    4.152628e-07
9651.123    5.703661e-07
9710.336    7.647268e-07
9769.55    8.188737e-07
9828.764    8.135595e-07
9887.978    5.449317e-07
9947.191    4.763122e-07
10006.405    4.811045e-07
10065.619    5.658048e-07
10124.833    4.507805e-07
10184.046    4.628729e-07
10243.26    4.933408e-07
10302.474    5.315111e-07
10361.688    5.747328e-07
10420.901    6.283688e-07
10480.115    6.442313e-07
10539.329    6.824407e-07
10598.543    6.669463e-07
10657.756    4.392978e-07
10716.97    3.536364e-07
10776.184    4.183173e-07
10835.398    4.839872e-07
10894.611    4.204916e-07
10953.825    3.577517e-07
11013.039    3.339532e-07
11072.253    3.380225e-07
11131.466    3.798175e-07
11190.68    3.954907e-07
11249.894    4.899698e-07
11309.108    5.496117e-07
11368.321    5.048562e-07
11427.535    4.3923e-07
11486.749    3.427516e-07
11545.963    2.554884e-07
11605.176    3.428069e-07
11664.39    4.038536e-07
11723.604    4.633088e-07
11782.818    4.848041e-07
11842.031    4.245953e-07
11901.245    3.921908e-07
11960.459    4.103665e-07
12019.673    4.343949e-07
12078.886    4.223401e-07
12138.1    3.498501e-07
12197.314    3.081663e-07
12256.528    3.214494e-07
12315.741    3.608423e-07
12374.955    4.256753e-07
12434.169    4.702495e-07
12493.383    4.735542e-07
12552.596    4.156761e-07
12611.81    2.673538e-07
12671.024    2.785045e-07
12730.238    3.288826e-07
12789.451    3.796851e-07
12848.665    4.460025e-07
12907.879    3.962583e-07
12967.093    3.513809e-07
13026.306    3.363966e-07
13085.52    3.831947e-07
13144.734    3.668951e-07
13203.948    2.957456e-07
13263.161    2.779043e-07
13322.375    4.064685e-07
13381.589    4.2851e-07
13440.803    4.621129e-07
13500.016    4.496445e-07
13559.23    3.676831e-07
13618.444    3.28735e-07
13677.658    3.737132e-07
13736.871    4.178389e-07
13796.085    4.510628e-07
13855.299    3.76342e-07
13914.513    4.02394e-07
13973.726    4.930435e-07
14032.94    5.604556e-07
14092.154    4.823983e-07
14151.368    4.185081e-07
14210.581    4.348566e-07
14269.795    4.842788e-07
14329.009    6.195968e-07
14388.223    8.089161e-07
14447.436    9.399951e-07
14506.65    9.449154e-07
14565.864    6.582176e-07
14625.078    4.639793e-07
14684.291    2.832478e-07
14743.505    2.864962e-07
14802.719    5.679357e-07
14861.933    6.290087e-07
14921.146    6.384488e-07
14980.36    6.084442e-07
15039.574    5.417818e-07
15098.788    4.396373e-07
15158.001    4.351877e-07
15217.215    5.253318e-07
15276.429    6.289661e-07
15335.643    6.835001e-07
15394.856    6.197063e-07
15454.07    5.498762e-07
15513.284    4.952693e-07
15572.498    1.335196e-06
15631.711    2.29578e-06
15690.925    2.70199e-06
15750.139    2.700671e-06
15809.353    2.735245e-06
15868.566    2.677945e-06
15927.78    2.120212e-06
15986.994    1.171433e-06
16046.208    6.077755e-07
16105.421    6.205589e-07
16164.635    6.26213e-07
16223.849    6.34074e-07
16283.063    6.691464e-07
16342.276    6.607636e-07
16401.49    6.205979e-07
16460.704    5.8727e-07
16519.918    5.656757e-07
16579.131    6.214405e-07
16638.345    7.11528e-07
16697.559    7.600703e-07
16756.773    7.574213e-07
16815.986    5.996077e-07
16875.2    5.383692e-07
16934.414    5.165997e-07
16993.628    4.848811e-07
17052.841    5.093678e-07
17112.055    4.955924e-07
17171.269    4.794939e-07
17230.483    5.66413e-07
17289.696    8.709831e-07
17348.91    8.277994e-07
17408.124    6.474668e-07
17467.338    4.216112e-07
17526.551    3.598571e-07
17585.765    5.011826e-07
17644.979    5.92836e-07
17704.193    6.521234e-07
17763.406    6.766548e-07
17822.62    6.878611e-07
17881.834    6.660801e-07
17941.048    6.309228e-07
18000.261    6.374472e-07
18059.475    6.891887e-07
18118.689    6.984178e-07
18177.903    6.833047e-07
18237.116    7.085755e-07
18296.33    8.999834e-07
18355.544    9.052255e-07
18414.758    9.023811e-07
18473.971    9.106432e-07
18533.185    7.356139e-07
18592.399    5.044712e-07
18651.613    3.316462e-07
18710.826    2.758727e-07
18770.04    4.578995e-07
18829.254    5.783559e-07
18888.468    6.529775e-07
18947.681    6.856124e-07
19006.895    7.31422e-07
19066.109    6.71003e-07
19125.323    5.583902e-07
19184.536    4.871444e-07
19243.75    6.532314e-07
19302.964    7.846151e-07
19362.178    9.808324e-07
19421.391    1.202508e-06
19480.605    1.378028e-06
19539.819    1.29003e-06
19599.033    1.096177e-06
19658.246    9.018904e-07
19717.46    8.200152e-07
19776.674    6.656751e-07
19835.888    6.024036e-07
19895.101    6.137011e-07
19954.315    6.049411e-07
20013.529    6.466706e-07
20072.743    6.508498e-07
20131.956    6.766441e-07
20191.17    7.098086e-07
20250.384    9.316213e-07
20309.598    9.996317e-07
20368.811    9.500664e-07
20428.025    8.929766e-07
20487.239    9.187514e-07
20546.453    9.999488e-07
20605.666    1.008027e-06
20664.88    9.505137e-07
20724.094    1.026937e-06
20783.308    1.058053e-06
20842.521    9.22534e-07
20901.735    7.14231e-07
20960.949    6.837851e-07
21020.163    7.871548e-07
21079.376    8.608989e-07
21138.59    9.202637e-07
21197.804    1.024254e-06
21257.018    1.04163e-06
21316.231    8.357549e-07
21375.445    6.583185e-07
21434.659    6.262582e-07
21493.873    4.781269e-07
21553.086    5.1348e-07
21612.3    5.87889e-07
21671.514    6.31291e-07
21730.728    5.672076e-07
21789.941    6.532068e-07
21849.155    8.803819e-07
21908.369    1.065518e-06
21967.583    1.048546e-06
22026.796    8.341032e-07
22086.01    6.028316e-07
22145.224    4.591773e-07
22204.438    4.853989e-07
22263.651    5.515934e-07
22322.865    7.001203e-07
22382.079    8.174044e-07
22441.293    7.579713e-07
22500.506    6.694576e-07
22559.72    6.669814e-07
22618.934    7.675609e-07
22678.148    8.581838e-07
22737.361    9.727737e-07
22796.575    1.031195e-06
22855.789    1.079742e-06
22915.003    1.064247e-06
22974.216    8.809656e-07
23033.43    6.743643e-07
23092.644    4.629875e-07
23151.858    4.422273e-07
23211.071    4.808313e-07
23270.285    4.669677e-07
23329.499    4.297737e-07
23388.713    3.716698e-07
23447.926    6.293891e-07
23507.14    7.2005e-07
23566.354    7.993434e-07
23625.568    8.939361e-07
23684.781    8.886814e-07
23743.995    8.946212e-07
23803.209    9.253337e-07
23862.423    9.10439e-07
23921.636    8.875489e-07
23980.85    9.67874e-07
24040.064    1.060654e-06
24099.278    1.093179e-06
24158.491    1.088877e-06
24217.705    9.217164e-07
24276.919    7.554358e-07
24336.133    6.039952e-07
24395.346    6.56611e-07
24454.56    1.018127e-06
24513.774    1.009439e-06
24572.988    9.258434e-07
24632.201    7.844835e-07
24691.415    6.661567e-07
24750.629    6.53089e-07
24809.843    7.734757e-07
24869.056    9.22427e-07
24928.27    9.415875e-07
24987.484    9.320437e-07
25046.698    8.119993e-07
25105.911    6.645465e-07
25165.125    1.010322e-06
25224.339    1.372433e-06
25283.553    1.509914e-06
25342.766    1.354562e-06
25401.98    7.444317e-07
25461.194    4.802919e-07
25520.408    3.082936e-07
25579.621    4.233409e-07
25638.835    7.445229e-07
25698.049    1.176042e-06
25757.263    1.198245e-06
25816.476    1.182811e-06
25875.69    1.170171e-06
25934.904    1.365817e-06
25994.118    1.475513e-06
26053.331    1.544191e-06
26112.545    1.572449e-06
26171.759    1.643077e-06
26230.973    1.671737e-06
26290.186    1.660288e-06
26349.4    1.612019e-06
26408.614    1.592778e-06
26467.828    1.615469e-06
26527.041    1.626449e-06
26586.255    1.625624e-06
26645.469    1.519097e-06
26704.683    1.529907e-06
26763.896    1.53884e-06
26823.11    1.476392e-06
26882.324    1.377921e-06
26941.538    1.404693e-06
27000.751    1.368905e-06
27059.965    1.175598e-06
27119.179    8.190502e-07
27178.393    7.464369e-07
27237.606    8.217046e-07
27296.82    9.047465e-07
27356.034    9.740903e-07
27415.248    1.067044e-06
27474.461    1.094363e-06
27533.675    1.128584e-06
27592.889    1.144981e-06
27652.103    1.494747e-06
27711.316    1.786706e-06
27770.53    2.02014e-06
27829.744    2.142184e-06
27888.958    1.928619e-06
27948.171    1.671138e-06
28007.385    1.521393e-06
28066.599    1.45407e-06
28125.813    1.290006e-06
28185.026    1.265432e-06
28244.24    1.353781e-06
28303.454    1.579993e-06
28362.668    1.879946e-06
28421.881    1.643554e-06
28481.095    1.25504e-06
28540.309    9.070405e-07
28599.523    7.41211e-07
28658.736    9.636381e-07
28717.95    1.364379e-06
28777.164    1.708658e-06
28836.378    1.850148e-06
28895.591    1.584405e-06
28954.805    1.373667e-06
29014.019    1.147034e-06
29073.233    1.049011e-06
29132.446    1.110821e-06
29191.66    1.165353e-06
29250.874    1.24231e-06
29310.088    1.301642e-06
29369.301    1.181803e-06
29428.515    1.135051e-06
29487.729    1.090308e-06
29546.943    1.016122e-06
29606.156    9.143899e-07
29665.37    1.070676e-06
29724.584    1.242533e-06
29783.798    1.26295e-06
29843.011    1.148076e-06
29902.225    1.149843e-06
29961.439    1.17705e-06
30020.653    1.170463e-06
30079.866    1.000532e-06
30139.08    9.678809e-07
30198.294    1.032864e-06
30257.508    1.191095e-06
30316.721    1.416971e-06
30375.935    1.893353e-06
30435.149    1.952931e-06
30494.363    1.976605e-06
30553.576    2.001143e-06
30612.79    1.80781e-06
30672.004    1.557231e-06
30731.218    1.376353e-06
30790.431    1.383401e-06
30849.645    1.252304e-06
30908.859    1.070622e-06
30968.073    8.772562e-07
31027.286    7.172827e-07
31086.5    1.058246e-06
31145.714    1.267597e-06
31204.928    1.423953e-06
31264.141    1.586284e-06
31323.355    1.522294e-06
31382.569    1.286202e-06
31441.783    1.148175e-06
31500.996    9.932581e-07
31560.21    6.969495e-07
31619.424    9.382729e-07
31678.638    1.100753e-06
31737.851    1.212121e-06
31797.065    1.420376e-06
31856.279    1.755338e-06
31915.493    1.71905e-06
31974.706    1.585942e-06
32033.92    1.571966e-06
32093.134    1.701062e-06
32152.348    1.600981e-06
32211.561    1.369614e-06
32270.775    1.105639e-06
32329.989    1.214425e-06
32389.203    1.389724e-06
32448.416    1.477295e-06
32507.63    1.60658e-06
32566.844    1.831886e-06
32626.058    1.904108e-06
32685.271    2.098429e-06
32744.485    2.193626e-06
32803.699    2.200981e-06
32862.913    2.182065e-06
32922.126    1.99841e-06
32981.34    1.475198e-06
33040.554    3.800969e-07
33099.768    4.997132e-07
33158.981    5.993685e-07
33218.195    6.786432e-07
33277.409    8.08703e-07
33336.623    1.462514e-06
33395.836    1.799842e-06
33455.05    1.860843e-06
33514.264    1.699353e-06
33573.478    1.140811e-06
33632.691    1.166651e-06
33691.905    1.208082e-06
33751.119    1.21239e-06
33810.333    1.494704e-06
33869.546    1.534193e-06
33928.76    1.494588e-06
33987.974    1.47463e-06
34047.188    1.772372e-06
34106.401    1.956437e-06
34165.615    1.983388e-06
34224.829    1.760854e-06
34284.043    1.151179e-06
34343.256    1.202736e-06
34402.47    1.289038e-06
34461.684    1.3028e-06
34520.898    1.740247e-06
34580.111    1.79913e-06
34639.325    1.515956e-06
34698.539    1.176319e-06
34757.753    1.110977e-06
34816.966    1.670011e-06
34876.18    1.92299e-06
34935.394    1.857973e-06
34994.608    1.599803e-06
35053.821    1.454156e-06
35113.035    1.643658e-06
35172.249    1.832504e-06
35231.463    2.018035e-06
35290.676    2.216866e-06
35349.89    2.210581e-06
35409.104    2.059687e-06
35468.318    1.88273e-06
35527.531    1.67515e-06
35586.745    1.807396e-06
35645.959    1.913293e-06
35705.173    1.8142e-06
35764.386    1.60335e-06
35823.6    1.43346e-06
35882.814    1.264706e-06
35942.028    1.211587e-06
36001.241    1.399197e-06
36060.455    1.584661e-06
36119.669    1.602628e-06
36178.883    1.451558e-06
36238.096    1.094069e-06
36297.31    1.07853e-06
36356.524    1.142129e-06
36415.738    1.227454e-06
36474.951    1.375618e-06
36534.165    1.427452e-06
36593.379    1.173293e-06
36652.593    1.026786e-06
36711.806    1.070468e-06
36771.02    1.434503e-06
36830.234    1.625501e-06
36889.448    1.809737e-06
36948.661    1.8793e-06
37007.875    1.786351e-06
37067.089    1.898846e-06
37126.303    4.720702e-06
37185.516    1.505083e-05
37244.73    3.498282e-05
37303.944    3.640843e-05
37363.158    3.665231e-05
37422.371    3.688458e-05
37481.585    2.892043e-05
37540.799    1.598941e-05
37600.013    5.175717e-06
37659.226    1.518907e-06
37718.44    1.610792e-06
37777.654    1.461407e-06
37836.868    1.326261e-06
37896.081    1.177752e-06
37955.295    1.039739e-06
38014.509    1.611969e-06
38073.723    1.911137e-06
38132.936    2.070329e-06
38192.15    2.062629e-06
38251.364    1.829714e-06
38310.578    1.554427e-06
38369.791    1.30478e-06
38429.005    1.157845e-06
38488.219    1.012756e-06
38547.433    1.099684e-06
38606.646    1.301665e-06
38665.86    1.438778e-06
38725.074    1.20734e-06
38784.288    1.236037e-06
38843.501    1.313562e-06
38902.715    1.285824e-06
38961.929    8.492521e-07
39021.143    1.059387e-06
39080.356    1.316895e-06
39139.57    1.559355e-06
39198.784    1.907008e-06
39257.998    1.836749e-06
39317.211    1.576624e-06
39376.425    1.381136e-06
39435.639    1.475616e-06
39494.853    1.463316e-06
39554.066    1.388312e-06
39613.28    1.211748e-06
39672.494    1.001503e-06
39731.708    1.142453e-06
39790.921    1.421481e-06
39850.135    1.579683e-06
39909.349    1.604837e-06
39968.563    1.432709e-06
40027.776    1.396103e-06
40086.99    1.29764e-06
40146.204    1.27042e-06
40205.418    1.459994e-06
40264.631    1.51953e-06
40323.845    1.597825e-06
40383.059    1.60221e-06
40442.273    1.461083e-06
40501.486    1.435986e-06
40560.7    1.430324e-06
40619.914    1.421199e-06
40679.128    1.660178e-06
40738.341    1.986231e-06
40797.555    2.029291e-06
40856.769    1.752287e-06
40915.983    1.513293e-06
40975.196    1.487103e-06
41034.41    1.276798e-06
41093.624    1.079219e-06
41152.838    1.123125e-06
41212.051    1.212765e-06
41271.265    1.176178e-06
41330.479    1.178166e-06
41389.693    1.012769e-06
41448.906    8.256831e-07
41508.12    1.204436e-06
41567.334    1.424247e-06
41626.548    1.611609e-06
41685.761    2.256035e-06
41744.975    2.402994e-06
41804.189    2.178561e-06
41863.403    1.710643e-06
41922.616    1.175761e-06
41981.83    1.130257e-06
42041.044    1.090649e-06
42100.258    1.066675e-06
42159.471    1.37199e-06
42218.685    1.374788e-06
42277.899    1.31481e-06
42337.113    1.261411e-06
42396.326    1.286367e-06
42455.54    1.195398e-06
42514.754    9.039994e-07
42573.968    7.290784e-07
42633.181    8.260625e-07
42692.395    1.269495e-06
42751.609    1.34275e-06
42810.823    1.306538e-06
42870.036    1.251467e-06
42929.25    1.03779e-06
42988.464    1.091142e-06
43047.678    1.187779e-06
43106.891    1.139319e-06
43166.105    9.312599e-07
43225.319    9.787148e-07
43284.533    8.640516e-07
43343.746    8.610666e-07
43402.96    1.633786e-06
43462.174    1.399348e-06
43521.388    1.058123e-06
43580.601    7.935379e-07
43639.815    6.745254e-07
43699.029    1.066015e-06
43758.243    1.497225e-06
43817.456    1.723967e-06
43876.67    1.724306e-06
43935.884    1.638181e-06
43995.098    1.624058e-06
44054.311    1.466105e-06
44113.525    1.182864e-06
44172.739    1.115008e-06
44231.953    1.138417e-06
44291.166    1.131264e-06
44350.38    1.139731e-06
44409.594    1.068507e-06
44468.808    1.16441e-06
44528.021    1.35374e-06
44587.235    1.569192e-06
44646.449    1.800988e-06
44705.663    1.773301e-06
44764.876    1.749457e-06
44824.09    1.789036e-06
44883.304    1.604408e-06
44942.518    1.417735e-06
45001.731    1.31047e-06
45060.945    1.19454e-06
45120.159    9.017101e-07
45179.373    8.044851e-07
45238.586    9.038769e-07
45297.8    1.025717e-06
45357.014    7.179256e-07
45416.228    9.151327e-07
45475.441    1.229822e-06
45534.655    1.470713e-06
45593.869    1.50943e-06
45653.083    1.199798e-06
45712.296    1.123106e-06
45771.51    1.153031e-06
45830.724    1.320032e-06
45889.938    1.621607e-06
45949.151    1.69958e-06
46008.365    1.745843e-06
46067.579    1.766196e-06
46126.793    1.780284e-06
46186.006    1.734891e-06
46245.22    1.55934e-06
46304.434    1.317726e-06
46363.648    1.458606e-06
46422.861    1.577096e-06
46482.075    1.575483e-06
46541.289    1.46308e-06
46600.503    1.367835e-06
46659.716    1.601743e-06
46718.93    1.915868e-06
46778.144    2.023805e-06
46837.358    1.726573e-06
46896.571    1.696238e-06
46955.785    1.690029e-06
47014.999    1.580032e-06
47074.213    1.350196e-06
47133.426    9.790042e-07
47192.64    7.886168e-07
47251.854    5.749509e-07
47311.068    6.135508e-07
47370.281    1.162419e-06
47429.495    1.378386e-06
47488.709    1.550943e-06
47547.923    1.578329e-06
47607.136    1.450666e-06
47666.35    1.590469e-06
47725.564    1.743929e-06
47784.778    1.81814e-06
47843.991    1.676837e-06
47903.205    1.582766e-06
47962.419    1.547592e-06
48021.633    1.496171e-06
48080.846    1.180395e-06
48140.06    1.21365e-06
48199.274    1.307312e-06
48258.488    1.493142e-06
48317.701    1.94447e-06
48376.915    2.061846e-06
48436.129    1.974529e-06
48495.343    1.640783e-06
48554.556    1.288416e-06
48613.77    1.329349e-06
48672.984    1.678665e-06
48732.198    1.908716e-06
48791.411    2.01369e-06
48850.625    1.928519e-06
48909.839    1.878475e-06
48969.053    1.739685e-06
49028.266    1.556298e-06
49087.48    1.703938e-06
49146.694    1.982471e-06
49205.908    2.10705e-06
49265.121    2.06716e-06
49324.335    1.847755e-06
49383.549    1.757625e-06
49442.763    1.731582e-06
49501.976    1.762645e-06
49561.19    1.740489e-06
49620.404    1.620763e-06
49679.618    1.337151e-06
49738.831    1.010975e-06
49798.045    1.88773e-06
49857.259    2.228373e-06
49916.473    2.304089e-06
49975.686    2.147648e-06
50034.9    1.959694e-06
50094.114    1.69361e-06
50153.328    1.451976e-06
50212.541    1.160436e-06
50271.755    7.918854e-07
50330.969    8.2748e-07
50390.183    1.047052e-06
50449.396    1.418812e-06
50508.61    1.901615e-06
50567.824    1.723671e-06
50627.038    1.217676e-06
50686.251    9.086962e-07
50745.465    7.840337e-07
50804.679    6.489748e-07
50863.893    5.622469e-07
50923.106    3.651909e-07
50982.32    3.506301e-07
51041.534    7.484966e-07
51100.748    8.482437e-07
51159.961    1.033992e-06
51219.175    1.244318e-06
51278.389    1.430498e-06
51337.603    1.550309e-06
51396.816    1.727622e-06
51456.03    1.888459e-06
51515.244    2.025656e-06
51574.458    2.179389e-06
51633.671    1.937332e-06
51692.885    1.539132e-06
51752.099    1.271505e-06
51811.313    1.719992e-06
51870.526    2.062475e-06
51929.74    2.295001e-06
51988.954    2.265947e-06
52048.168    1.857268e-06
52107.381    1.598602e-06
52166.595    1.321427e-06
52225.809    1.095542e-06
52285.023    9.393095e-07
52344.236    1.195248e-06
52403.45    1.54046e-06
52462.664    1.709509e-06
52521.878    1.630913e-06
52581.091    1.716549e-06
52640.305    1.856553e-06
52699.519    1.919492e-06
52758.733    1.813094e-06
52817.946    1.862098e-06
52877.16    1.886868e-06
52936.374    1.779204e-06
52995.588    1.557095e-06
53054.801    1.063359e-06
53114.015    1.072623e-06
53173.229    1.284286e-06
53232.443    1.469345e-06
53291.656    1.567725e-06
53350.87    1.570063e-06
53410.084    1.627248e-06
53469.298    1.578455e-06
53528.511    1.279407e-06
53587.725    1.134919e-06
53646.939    1.045315e-06
53706.153    1.008429e-06
53765.366    1.166702e-06
53824.58    1.270257e-06
53883.794    1.267034e-06
53943.008    1.258495e-06
54002.221    1.334963e-06
54061.435    1.481646e-06
54120.649    1.520065e-06
54179.863    1.358289e-06
54239.076    1.404957e-06
54298.29    1.671432e-06
54357.504    1.900707e-06
54416.718    1.993913e-06
54475.931    1.934838e-06
54535.145    1.588924e-06
54594.359    1.071373e-06
54653.573    9.659555e-07
54712.786    1.371808e-06
54772.0    2.053127e-06
54772.0    1.316902e-06
55535.808    1.218842e-06
56299.617    1.044845e-06
57063.425    9.167775e-07
57827.233    1.071679e-06
58591.041    1.42966e-06
59354.85    1.791223e-06
60118.658    1.922145e-06
60882.466    1.808065e-06
61646.275    1.614717e-06
62410.083    1.489063e-06
63173.891    1.444094e-06
63937.699    1.435894e-06
64701.508    1.304066e-06
65465.316    1.123744e-06
66229.124    1.090195e-06
66992.932    1.264072e-06
67756.741    1.445352e-06
68520.549    1.640076e-06
69284.357    1.816935e-06
70048.166    1.825716e-06
70811.974    1.631801e-06
71575.782    1.306782e-06
72339.59    1.021528e-06
73103.399    1.04938e-06
73867.207    1.038823e-06
74631.015    8.983577e-07
75394.824    7.284576e-07
76158.632    4.982531e-07
76922.44    4.998703e-07
77686.248    7.01529e-07
78450.057    9.503942e-07
79213.865    9.740606e-07
79977.673    9.296851e-07
80741.481    8.789327e-07
81505.29    9.15311e-07
82269.098    1.035655e-06
83032.906    1.063307e-06
83796.715    1.001081e-06
84560.523    1.064939e-06
85324.331    1.137911e-06
86088.139    9.613381e-07
86851.948    7.826583e-07
87615.756    7.669288e-07
88379.564    7.8138e-07
89143.373    7.557689e-07
89907.181    7.224559e-07
90670.989    7.524426e-07
91434.797    8.44905e-07
92198.606    9.069495e-07
92962.414    8.224737e-07
93726.222    6.718246e-07
94490.031    5.482034e-07
95253.839    4.254963e-07
96017.647    4.572703e-07
96781.455    6.544012e-07
97545.264    7.257786e-07
98309.072    6.61067e-07
99072.88    5.227788e-07
99836.688    4.204068e-07
100600.497    4.897984e-07
101364.305    5.644916e-07
102128.113    5.273498e-07
102891.922    4.950078e-07
103655.73    5.127516e-07
104419.538    5.020912e-07
105183.346    5.01672e-07
105947.155    5.036414e-07
106710.963    5.769143e-07
107474.771    7.024213e-07
108238.58    7.870526e-07
109002.388    7.714305e-07
109766.196    6.517697e-07
110530.004    4.79186e-07
111293.813    3.96642e-07
112057.621    4.76453e-07
112821.429    5.465092e-07
113585.237    5.063854e-07
114349.046    4.806514e-07
115112.854    6.049985e-07
115876.662    7.229083e-07
116640.471    7.472258e-07
117404.279    7.512772e-07
118168.087    7.971742e-07
118931.895    7.878006e-07
119695.704    7.209889e-07
120459.512    6.920808e-07
121223.32    6.763786e-07
121987.129    6.330126e-07
122750.937    6.474798e-07
123514.745    6.774154e-07
124278.553    6.053587e-07
125042.362    5.849673e-07
125806.17    5.517442e-07
126569.978    5.043395e-07
127333.786    5.240237e-07
128097.595    5.306967e-07
128861.403    5.190303e-07
129625.211    5.401504e-07
130389.02    6.287163e-07
131152.828    7.319928e-07
131916.636    7.155765e-07
132680.444    6.108007e-07
133444.253    5.295011e-07
134208.061    5.316285e-07
134971.869    9.30136e-07
135735.678    1.408062e-06
136499.486    1.466912e-06
137263.294    2.068551e-06
138027.102    3.231609e-06
138790.911    3.826427e-06
139554.719    3.800127e-06
140318.527    3.196503e-06
141082.336    2.191325e-06
141846.144    1.682169e-06
142609.952    1.817828e-06
143373.76    1.851683e-06
144137.569    1.339435e-06
144901.377    7.957566e-07
145665.185    5.731998e-07
146428.993    4.889491e-07
147192.802    4.871084e-07
147956.61    4.926653e-07
148720.418    5.569944e-07
149484.227    6.333992e-07
150248.035    6.401715e-07
151011.843    5.76555e-07
151775.651    5.7447e-07
152539.46    5.576995e-07
153303.268    4.746937e-07
154067.076    4.348681e-07
154830.885    4.220361e-07
155594.693    4.141046e-07
156358.501    4.489503e-07
157122.309    4.997303e-07
157886.118    5.128991e-07
158649.926    4.953907e-07
159413.734    4.402759e-07
160177.542    4.111074e-07
160941.351    4.281493e-07
161705.159    3.868854e-07
162468.967    3.987422e-07
163232.776    4.548659e-07
163996.584    4.753474e-07
164760.392    4.918675e-07
165524.2    4.542102e-07
166288.009    3.364649e-07
167051.817    2.892085e-07
167815.625    3.339644e-07
168579.434    4.298463e-07
169343.242    5.209971e-07
170107.05    5.485743e-07
170870.858    5.974023e-07
171634.667    6.843356e-07
172398.475    6.26008e-07
173162.283    4.539807e-07
173926.092    3.536276e-07
174689.9    3.458515e-07
175453.708    4.112929e-07
176217.516    4.208505e-07
176981.325    3.427325e-07
177745.133    3.449882e-07
178508.941    4.255007e-07
179272.749    4.943739e-07
180036.558    5.67198e-07
180800.366    5.827242e-07
181564.174    5.313122e-07
182327.983    4.67249e-07
183091.791    4.516451e-07
183855.599    3.915486e-07
184619.407    2.782068e-07
185383.216    3.506738e-07
186147.024    4.276613e-07
186910.832    4.337131e-07
187674.641    3.98428e-07
188438.449    3.458458e-07
189202.257    3.800282e-07
189966.065    4.085439e-07
190729.874    3.630874e-07
191493.682    3.481739e-07
192257.49    3.092871e-07
193021.298    2.23765e-07
193785.107    2.753635e-07
194548.915    3.635784e-07
195312.723    4.191641e-07
196076.532    4.316471e-07
196840.34    4.141997e-07
197604.148    3.863678e-07
198367.956    3.513304e-07
199131.765    3.375909e-07
199895.573    3.429988e-07
200659.381    3.424682e-07
201423.19    3.757918e-07
202186.998    3.652302e-07
202950.806    2.551946e-07
203714.614    2.730976e-07
204478.423    3.581495e-07
205242.231    3.894009e-07
206006.039    4.043692e-07
206769.847    3.749041e-07
207533.656    3.311677e-07
208297.464    3.043012e-07
209061.272    2.550128e-07
209825.081    2.429738e-07
210588.889    3.349366e-07
211352.697    3.820825e-07
212116.505    4.410557e-07
212880.314    4.723838e-07
213644.122    4.267693e-07
214407.93    3.738855e-07
215171.739    3.184039e-07
215935.547    2.548044e-07
216699.355    3.005119e-07
217463.163    4.071259e-07
218226.972    4.492252e-07
218990.78    4.471721e-07
219754.588    4.313501e-07
220518.397    3.862884e-07
221282.205    3.477747e-07
222046.013    3.348532e-07
222809.821    3.46607e-07
223573.63    3.340031e-07
224337.438    3.020266e-07
225101.246    2.686364e-07
225865.054    2.451319e-07
226628.863    2.615688e-07
227392.671    2.72601e-07
228156.479    2.744458e-07
228920.288    2.770447e-07
229684.096    2.546255e-07
230447.904    2.421261e-07
231211.712    2.283742e-07
231975.521    2.553611e-07
232739.329    2.790758e-07
233503.137    2.930028e-07
234266.946    3.142522e-07
235030.754    2.739166e-07
235794.562    1.923868e-07
236558.37    1.823716e-07
237322.179    2.278906e-07
238085.987    2.84958e-07
238849.795    2.931117e-07
239613.603    2.91325e-07
240377.412    3.092596e-07
241141.22    2.951767e-07
241905.028    2.591808e-07
242668.837    2.291664e-07
243432.645    1.705929e-07
244196.453    1.062681e-07
244960.261    9.874432e-08
245724.07    1.732743e-07
246487.878    2.687192e-07
247251.686    3.581174e-07
248015.495    4.045212e-07
248779.303    4.006585e-07
249543.111    4.065411e-07
250306.919    3.903991e-07
251070.728    3.641534e-07
251834.536    3.351918e-07
252598.344    3.12382e-07
253362.153    3.126761e-07
254125.961    3.317827e-07
254889.769    3.527301e-07
255653.577    3.241286e-07
256417.386    2.733232e-07
257181.194    2.472921e-07
257945.002    2.277078e-07
258708.81    2.209988e-07
259472.619    2.734469e-07
260236.427    3.381118e-07
261000.235    3.498461e-07
261764.044    3.116259e-07
262527.852    2.630049e-07
263291.66    2.423403e-07
264055.468    2.548611e-07
264819.277    2.686217e-07
265583.085    2.748068e-07
266346.893    2.430073e-07
267110.702    2.118262e-07
267874.51    2.324282e-07
268638.318    2.656334e-07
269402.126    3.141024e-07
270165.935    3.466701e-07
270929.743    3.608819e-07
271693.551    4.083581e-07
272457.359    5.063944e-07
273221.168    5.857145e-07
273984.976    5.980278e-07
274748.784    5.743578e-07
275512.593    4.78615e-07
276276.401    3.548019e-07
277040.209    3.11972e-07
277804.017    3.697376e-07
278567.826    4.166705e-07
279331.634    4.097599e-07
280095.442    4.004403e-07
280859.251    3.635926e-07
281623.059    3.099764e-07
282386.867    3.022446e-07
283150.675    3.37292e-07
283914.484    3.372495e-07
284678.292    3.325404e-07
285442.1    3.419561e-07
286205.908    3.127472e-07
286969.717    3.121205e-07
287733.525    3.081539e-07
288497.333    2.954688e-07
289261.142    3.606596e-07
290024.95    3.99382e-07
290788.758    3.889768e-07
291552.566    3.751825e-07
292316.375    3.456508e-07
293080.183    2.897056e-07
293843.991    2.510688e-07
294607.8    2.717674e-07
295371.608    2.833612e-07
296135.416    2.435326e-07
296899.224    2.123084e-07
297663.033    2.823156e-07
298426.841    3.511421e-07
299190.649    3.928192e-07
299954.458    3.729317e-07
300718.266    2.964953e-07
301482.074    2.338533e-07
302245.882    1.888852e-07
303009.691    1.278644e-07
303773.499    8.585381e-08
304537.307    1.349933e-07
305301.115    1.754213e-07
306064.924    2.027099e-07
306828.732    2.199165e-07
307592.54    2.643381e-07
308356.349    2.844888e-07
309120.157    2.781604e-07
309883.965    2.379238e-07
310647.773    1.774318e-07
311411.582    1.681268e-07
312175.39    1.665187e-07
312939.198    1.610536e-07
313703.007    1.812666e-07
314466.815    1.971078e-07
315230.623    2.191562e-07
315994.431    2.430507e-07
316758.24    2.135758e-07
317522.048    1.752604e-07
318285.856    1.745919e-07
319049.664    2.06839e-07
319813.473    2.625937e-07
320577.281    3.206721e-07
321341.089    3.430229e-07
322104.898    3.144654e-07
322868.706    2.965795e-07
323632.514    2.897838e-07
324396.322    2.680224e-07
325160.131    2.551279e-07
325923.939    2.421517e-07
326687.747    2.341422e-07
327451.556    2.393908e-07
328215.364    2.651517e-07
328979.172    2.940248e-07
329742.98    2.978851e-07
330506.789    2.629744e-07
331270.597    2.269204e-07
332034.405    1.806836e-07
332798.214    1.68981e-07
333562.022    1.934438e-07
334325.83    2.154623e-07
335089.638    2.318385e-07
335853.447    2.18484e-07
336617.255    1.708204e-07
337381.063    1.423445e-07
338144.871    2.260624e-07
338908.68    3.085213e-07
339672.488    3.486136e-07
340436.296    3.792677e-07
341200.105    4.022118e-07
341963.913    4.099155e-07
342727.721    3.998892e-07
343491.529    3.721149e-07
344255.338    3.278529e-07
345019.146    2.707493e-07
345782.954    2.437308e-07
346546.763    2.662563e-07
347310.571    2.965402e-07
348074.379    3.130113e-07
348838.187    2.861113e-07
349601.996    2.172459e-07
350365.804    1.994515e-07
351129.612    2.623167e-07
351893.42    3.157692e-07
352657.229    3.419578e-07
353421.037    3.396599e-07
354184.845    3.066134e-07
354948.654    3.004331e-07
355712.462    3.324607e-07
356476.27    3.610704e-07
357240.078    3.764031e-07
358003.887    3.429161e-07
358767.695    3.183899e-07
359531.503    3.244427e-07
360295.312    3.088421e-07
361059.12    2.583623e-07
361822.928    1.997398e-07
362586.736    1.998153e-07
363350.545    2.442989e-07
364114.353    2.889102e-07
364878.161    3.004e-07
365641.969    2.860139e-07
366405.778    2.805127e-07
367169.586    3.020228e-07
367933.394    3.43213e-07
368697.203    3.101678e-07
369461.011    1.923906e-07
370224.819    1.203226e-07
370988.627    1.164357e-07
371752.436    1.560979e-07
372516.244    1.876479e-07
373280.052    1.970135e-07
374043.861    2.066722e-07
374807.669    2.160527e-07
375571.477    2.172466e-07
376335.285    1.841914e-07
377099.094    1.690224e-07
377862.902    1.983452e-07
378626.71    2.338203e-07
379390.519    2.698456e-07
380154.327    2.77694e-07
380918.135    2.337259e-07
381681.943    1.768586e-07
382445.752    1.396017e-07
383209.56    1.258517e-07
383973.368    1.487522e-07
384737.176    1.822769e-07
385500.985    2.201727e-07
386264.793    2.553085e-07
387028.601    2.705688e-07
387792.41    2.770716e-07
388556.218    2.938273e-07
389320.026    2.707469e-07
390083.834    1.763044e-07
390847.643    9.147995e-08
391611.451    9.68717e-08
392375.259    1.88979e-07
393139.068    2.516589e-07
393902.876    2.869949e-07
394666.684    3.014754e-07
395430.492    2.771242e-07
396194.301    2.406117e-07
396958.109    2.136716e-07
397721.917    2.033546e-07
398485.725    2.242072e-07
399249.534    2.794504e-07
400013.342    3.057226e-07
400777.15    3.15385e-07
401540.959    3.012317e-07
402304.767    2.463045e-07
403068.575    2.250372e-07
403832.383    2.182297e-07
404596.192    1.941702e-07
405360.0    1.887066e-07
405360.0    1.911991e-07
411465.035    2.163731e-07
417570.071    2.598309e-07
423675.106    2.941463e-07
429780.141    2.878034e-07
435885.176    2.545111e-07
441990.212    2.174173e-07
448095.247    2.004755e-07
454200.282    2.054243e-07
460305.318    2.458184e-07
466410.353    3.127908e-07
472515.388    3.393331e-07
478620.424    3.095889e-07
484725.459    2.629133e-07
490830.494    2.323896e-07
496935.529    2.196626e-07
503040.565    2.178973e-07
509145.6    2.072099e-07
515250.635    1.820032e-07
521355.671    1.670365e-07
527460.706    1.798933e-07
533565.741    2.019737e-07
539670.776    2.107233e-07
545775.812    2.022982e-07
551880.847    1.945246e-07
557985.882    2.03267e-07
564090.918    2.025072e-07
570195.953    1.880888e-07
576300.988    1.83082e-07
582406.024    1.851075e-07
588511.059    1.698495e-07
594616.094    1.5725e-07
600721.129    1.707477e-07
606826.165    1.90185e-07
612931.2    2.010461e-07
619036.235    1.934693e-07
625141.271    1.672713e-07
631246.306    1.356326e-07
637351.341    1.170799e-07
643456.376    1.253144e-07
649561.412    1.540282e-07
655666.447    1.786599e-07
661771.482    1.858047e-07
667876.518    1.86525e-07
673981.553    1.888634e-07
680086.588    1.876138e-07
686191.624    1.851834e-07
692296.659    1.89188e-07
698401.694    1.943235e-07
704506.729    1.888791e-07
710611.765    1.779483e-07
716716.8    1.662462e-07
722821.835    1.570785e-07
728926.871    1.351164e-07
735031.906    1.198178e-07
741136.941    1.144453e-07
747241.976    1.065945e-07
753347.012    9.787476e-08
759452.047    9.273947e-08
765557.082    9.434953e-08
771662.118    1.006733e-07
777767.153    9.865864e-08
783872.188    8.990662e-08
789977.224    8.209559e-08
796082.259    7.543615e-08
802187.294    7.568317e-08
808292.329    8.614477e-08
814397.365    9.140417e-08
820502.4    9.525264e-08
826607.435    1.011154e-07
832712.471    1.031238e-07
838817.506    1.013474e-07
844922.541    9.828076e-08
851027.576    9.087123e-08
857132.612    8.115195e-08
863237.647    7.722809e-08
869342.682    7.795825e-08
875447.718    7.548611e-08
881552.753    6.862385e-08
887657.788    5.75868e-08
893762.824    5.410911e-08
899867.859    6.82408e-08
905972.894    8.54286e-08
912077.929    9.623585e-08
918182.965    9.581983e-08
924288.0    8.273618e-08
930393.035    6.899332e-08
936498.071    6.214837e-08
942603.106    6.447402e-08
948708.141    6.876123e-08
954813.176    6.872082e-08
960918.212    6.710028e-08
967023.247    6.880512e-08
973128.282    7.132586e-08
979233.318    7.569448e-08
985338.353    7.611526e-08
991443.388    7.14782e-08
997548.424    6.826482e-08
1003653.459    6.462543e-08
1009758.494    6.670306e-08
1015863.529    6.632209e-08
1021968.565    5.691626e-08
1028073.6    5.621348e-08
1034178.635    7.08993e-08
1040283.671    8.285069e-08
1046388.706    8.44158e-08
1052493.741    8.118207e-08
1058598.776    7.677578e-08
1064703.812    6.791612e-08
1070808.847    5.938278e-08
1076913.882    5.978568e-08
1083018.918    6.745162e-08
1089123.953    7.648252e-08
1095228.988    8.962705e-08
1101334.024    1.015641e-07
1107439.059    1.053874e-07
1113544.094    1.080412e-07
1119649.129    1.037831e-07
1125754.165    9.864925e-08
1131859.2    1.216723e-07
1137964.235    1.470268e-07
1144069.271    1.546685e-07
1150174.306    1.6244e-07
1156279.341    1.701822e-07
1162384.376    1.559726e-07
1168489.412    1.498922e-07
1174594.447    1.647055e-07
1180699.482    1.59789e-07
1186804.518    1.387674e-07
1192909.553    1.386104e-07
1199014.588    1.649862e-07
1205119.624    1.948984e-07
1211224.659    2.150171e-07
1217329.694    2.272476e-07
1223434.729    2.450496e-07
1229539.765    2.637974e-07
1235644.8    2.738942e-07
1241749.835    2.857551e-07
1247854.871    2.924523e-07
1253959.906    2.807441e-07
1260064.941    2.568678e-07
1266169.976    2.35938e-07
1272275.012    2.133612e-07
1278380.047    1.883078e-07
1284485.082    1.786446e-07
1290590.118    1.968819e-07
1296695.153    2.180868e-07
1302800.188    2.155279e-07
1308905.224    1.999987e-07
1315010.259    1.869048e-07
1321115.294    1.626083e-07
1327220.329    1.453934e-07
1333325.365    1.589211e-07
1339430.4    1.723052e-07
1345535.435    1.628338e-07
1351640.471    1.382014e-07
1357745.506    1.037429e-07
1363850.541    7.065373e-08
1369955.576    5.96046e-08
1376060.612    6.560456e-08
1382165.647    7.891997e-08
1388270.682    8.405522e-08
1394375.718    8.212872e-08
1400480.753    8.022599e-08
1406585.788    7.176111e-08
1412690.824    8.723283e-08
1418795.859    1.212046e-07
1424900.894    1.23774e-07
1431005.929    1.02534e-07
1437110.965    8.931686e-08
1443216.0    9.681008e-08
1449321.035    1.090917e-07
1455426.071    1.075696e-07
1461531.106    9.101192e-08
1467636.141    6.979483e-08
1473741.176    7.149029e-08
1479846.212    1.009115e-07
1485951.247    1.241036e-07
1492056.282    1.323071e-07
1498161.318    1.296229e-07
1504266.353    1.141909e-07
1510371.388    9.548564e-08
1516476.424    9.531567e-08
1522581.459    1.096478e-07
1528686.494    1.219102e-07
1534791.529    1.285282e-07
1540896.565    1.322826e-07
1547001.6    1.337733e-07
1553106.635    1.273016e-07
1559211.671    1.039007e-07
1565316.706    1.019085e-07
1571421.741    9.486433e-08
1577526.776    8.686219e-08
1583631.812    8.942674e-08
1589736.847    9.258542e-08
1595841.882    8.496212e-08
1601946.918    7.652815e-08
1608051.953    7.656259e-08
1614156.988    8.158364e-08
1620262.024    8.151693e-08
1626367.059    7.541603e-08
1632472.094    7.47436e-08
1638577.129    8.635049e-08
1644682.165    9.036694e-08
1650787.2    9.027827e-08
1656892.235    1.005819e-07
1662997.271    1.026224e-07
1669102.306    8.874498e-08
1675207.341    7.736182e-08
1681312.376    7.094518e-08
1687417.412    6.259999e-08
1693522.447    5.180281e-08
1699627.482    3.685866e-08
1705732.518    3.969109e-08
1711837.553    6.276061e-08
1717942.588    7.743754e-08
1724047.624    8.483057e-08
1730152.659    8.68183e-08
1736257.694    8.941277e-08
1742362.729    1.007071e-07
1748467.765    1.181486e-07
1754572.8    1.321635e-07
1760677.835    1.376202e-07
1766782.871    1.448521e-07
1772887.906    1.50855e-07
1778992.941    1.386469e-07
1785097.976    1.162225e-07
1791203.012    1.033611e-07
1797308.047    1.034063e-07
1803413.082    9.924387e-08
1809518.118    9.02377e-08
1815623.153    8.530287e-08
1821728.188    8.653235e-08
1827833.224    9.462316e-08
1833938.259    1.058214e-07
1840043.294    1.031042e-07
1846148.329    9.029133e-08
1852253.365    8.273194e-08
1858358.4    7.169059e-08
1864463.435    6.948896e-08
1870568.471    9.691691e-08
1876673.506    1.304331e-07
1882778.541    1.511602e-07
1888883.576    1.594437e-07
1894988.612    1.534738e-07
1901093.647    1.370503e-07
1907198.682    1.186379e-07
1913303.718    1.034862e-07
1919408.753    9.682793e-08
1925513.788    9.68646e-08
1931618.824    9.325569e-08
1937723.859    8.516004e-08
1943828.894    7.520536e-08
1949933.929    7.900162e-08
1956038.965    8.850169e-08
1962144.0    8.719959e-08
1968249.035    8.515625e-08
1974354.071    8.594614e-08
1980459.106    8.538734e-08
1986564.141    8.553931e-08
1992669.176    7.884309e-08
1998774.212    7.058125e-08
2004879.247    7.832775e-08
2010984.282    9.590917e-08
2017089.318    9.848431e-08
2023194.353    9.579272e-08
2029299.388    1.051646e-07
2035404.424    1.068193e-07
2041509.459    9.500503e-08
2047614.494    8.854328e-08
2053719.529    9.55812e-08
2059824.565    1.072644e-07
2065929.6    1.144676e-07
2072034.635    1.220344e-07
2078139.671    1.385452e-07
2084244.706    1.462748e-07
2090349.741    1.333771e-07
2096454.776    1.176909e-07
2102559.812    1.08508e-07
2108664.847    9.208426e-08
2114769.882    7.656983e-08
2120874.918    8.46203e-08
2126979.953    9.382216e-08
2133084.988    9.544064e-08
2139190.024    9.994826e-08
2145295.059    1.088307e-07
2151400.094    1.146642e-07
2157505.129    1.067461e-07
2163610.165    9.41922e-08
2169715.2    9.631636e-08
2175820.235    1.1521e-07
2181925.271    1.421236e-07
2188030.306    1.597499e-07
2194135.341    1.559288e-07
2200240.376    1.409959e-07
2206345.412    1.308849e-07
2212450.447    1.243301e-07
2218555.482    1.309506e-07
2224660.518    1.537111e-07
2230765.553    1.751026e-07
2236870.588    1.784029e-07
2242975.624    1.643039e-07
2249080.659    1.479774e-07
2255185.694    1.358309e-07
2261290.729    1.251619e-07
2267395.765    1.21908e-07
2273500.8    1.302837e-07
2279605.835    1.448253e-07
2285710.871    1.557653e-07
2291815.906    1.611549e-07
2297920.941    1.659282e-07
2304025.976    1.725352e-07
2310131.012    1.688094e-07
2316236.047    1.494542e-07
2322341.082    1.219951e-07
2328446.118    9.20889e-08
2334551.153    7.839439e-08
2340656.188    9.177036e-08
2346761.224    1.008188e-07
2352866.259    8.908651e-08
2358971.294    7.310965e-08
2365076.329    7.556876e-08
2371181.365    8.590305e-08
2377286.4    9.263823e-08
2383391.435    9.937677e-08
2389496.471    1.00204e-07
2395601.506    9.30567e-08
2401706.541    8.939853e-08
2407811.576    9.340943e-08
2413916.612    1.026545e-07
2420021.647    1.13077e-07
2426126.682    1.208843e-07
2432231.718    1.256464e-07
2438336.753    1.17629e-07
2444441.788    9.768553e-08
2450546.824    8.669767e-08
2456651.859    9.541307e-08
2462756.894    1.225431e-07
2468861.929    1.417182e-07
2474966.965    1.327307e-07
2481072.0    1.112284e-07
2487177.035    9.440775e-08
2493282.071    8.575358e-08
2499387.106    7.83636e-08
2505492.141    6.931494e-08
2511597.176    7.790045e-08
2517702.212    1.054431e-07
2523807.247    1.271998e-07
2529912.282    1.403012e-07
2536017.318    1.440482e-07
2542122.353    1.336895e-07
2548227.388    1.041068e-07
2554332.424    7.180953e-08
2560437.459    6.777234e-08
2566542.494    9.404013e-08
2572647.529    1.180325e-07
2578752.565    1.267549e-07
2584857.6    1.342705e-07
2590962.635    1.391363e-07
2597067.671    1.380648e-07
2603172.706    1.317752e-07
2609277.741    1.139582e-07
2615382.776    9.778421e-08
2621487.812    9.369946e-08
2627592.847    9.856723e-08
2633697.882    1.125595e-07
2639802.918    1.191922e-07
2645907.953    1.065344e-07
2652012.988    8.616127e-08
2658118.024    6.829756e-08
2664223.059    6.226982e-08
2670328.094    6.677141e-08
2676433.129    7.717642e-08
2682538.165    8.291155e-08
2688643.2    7.687217e-08
2694748.235    6.641712e-08
2700853.271    6.96466e-08
2706958.306    7.368291e-08
2713063.341    1.056216e-07
2719168.376    1.03931e-07
2725273.412    1.111245e-07
2731378.447    1.108752e-07
2737483.482    9.502968e-08
2743588.518    8.572076e-08
2749693.553    8.931723e-08
2755798.588    8.29484e-08
2761903.624    7.230741e-08
2768008.659    7.101149e-08
2774113.694    7.231108e-08
2780218.729    6.797917e-08
2786323.765    6.866905e-08
2792428.8    7.501469e-08
2798533.835    8.760075e-08
2804638.871    1.011129e-07
2810743.906    9.761052e-08
2816848.941    7.57287e-08
2822953.976    6.315915e-08
2829059.012    6.885374e-08
2835164.047    7.198449e-08
2841269.082    8.33808e-08
2847374.118    1.053891e-07
2853479.153    1.26302e-07
2859584.188    1.397671e-07
2865689.224    1.498712e-07
2871794.259    1.544768e-07
2877899.294    1.438357e-07
2884004.329    1.220501e-07
2890109.365    1.098657e-07
2896214.4    1.062523e-07
2902319.435    9.938966e-08
2908424.471    1.004566e-07
2914529.506    1.077334e-07
2920634.541    1.158367e-07
2926739.576    1.240552e-07
2932844.612    1.27973e-07
2938949.647    1.238729e-07
2945054.682    1.143429e-07
2951159.718    1.1025e-07
2957264.753    1.20902e-07
2963369.788    1.37514e-07
2969474.824    1.46973e-07
2975579.859    1.483438e-07
2981684.894    1.498696e-07
2987789.929    1.465451e-07
2993894.965    1.31845e-07
3000000.0    1.178358e-07
