# AG4395A Measurement
# Timestamp: Dec 18 2014 - 00:35:06
# Parameter File: SPAG4395Atemplate.yml
1000.0    1.345583e-05
1008.001    2.677277e-05
1016.003    3.483873e-05
1024.004    3.675119e-05
1032.005    3.507768e-05
1040.006    2.677003e-05
1048.008    3.204452e-06
1056.009    1.096387e-06
1064.01    1.089834e-06
1072.011    9.520064e-07
1080.013    9.137224e-07
1088.014    8.954572e-07
1096.015    1.135341e-06
1104.016    1.410623e-06
1112.018    1.889292e-06
1120.019    1.244228e-05
1128.02    2.521849e-05
1136.021    3.373776e-05
1144.023    3.525372e-05
1152.024    3.411487e-05
1160.025    2.734585e-05
1168.026    4.22236e-06
1176.028    7.667853e-07
1184.029    7.932578e-07
1192.03    8.283677e-07
1200.031    8.573749e-07
1208.033    8.779137e-07
1216.034    7.568335e-07
1224.035    8.40836e-07
1232.036    1.101012e-06
1240.038    3.453617e-06
1248.039    7.216218e-06
1256.04    1.004113e-05
1264.041    1.071169e-05
1272.043    1.039866e-05
1280.044    8.522905e-06
1288.045    1.425374e-06
1296.046    4.016699e-07
1304.048    3.739545e-07
1312.049    5.943053e-07
1320.05    6.632971e-07
1328.051    6.508874e-07
1336.053    5.684287e-07
1344.054    6.761808e-07
1352.055    8.78889e-07
1360.056    3.495924e-06
1368.058    7.895362e-06
1376.059    1.277872e-05
1384.06    1.28281e-05
1392.061    1.274821e-05
1400.063    6.870342e-06
1408.064    2.606047e-06
1416.065    6.948279e-07
1424.066    3.402891e-07
1432.068    3.176654e-07
1440.069    2.742554e-07
1448.07    2.717663e-07
1456.071    2.625691e-07
1464.073    3.007706e-07
1472.074    9.209626e-07
1480.075    2.689133e-06
1488.076    6.46816e-06
1496.078    1.132587e-05
1504.079    1.135539e-05
1512.08    1.125953e-05
1520.081    6.580987e-06
1528.083    2.627164e-06
1536.084    5.89609e-07
1544.085    2.794064e-07
1552.086    3.780526e-07
1560.088    4.498177e-07
1568.089    4.985524e-07
1576.09    4.868563e-07
1584.091    4.375591e-07
1592.093    2.925644e-07
1600.094    6.093435e-07
1608.095    1.881505e-06
1616.096    3.995181e-06
1624.098    4.207178e-06
1632.099    4.268009e-06
1640.1    2.692307e-06
1648.101    1.184512e-06
1656.103    3.596351e-07
1664.104    3.825247e-07
1672.105    4.727995e-07
1680.106    4.755198e-07
1688.108    4.872134e-07
1696.109    5.189096e-07
1704.11    4.90294e-07
1712.111    4.909976e-07
1720.113    1.078809e-06
1728.114    5.000751e-06
1736.115    6.044946e-06
1744.116    6.154004e-06
1752.118    5.70672e-06
1760.119    4.128595e-06
1768.12    1.916091e-06
1776.121    2.624039e-07
1784.123    3.953192e-07
1792.124    6.064437e-07
1800.125    7.558196e-07
1808.126    7.53943e-07
1816.128    7.15813e-07
1824.129    2.537068e-07
1832.13    1.980262e-07
1840.131    3.657142e-07
1848.133    1.421516e-06
1856.134    1.720036e-06
1864.135    1.725249e-06
1872.136    1.492974e-06
1880.138    1.075217e-06
1888.139    5.316813e-07
1896.14    3.101127e-07
1904.141    2.813461e-07
1912.143    2.983626e-07
1920.144    3.392276e-07
1928.145    3.648229e-07
1936.146    3.936923e-07
1944.148    3.910342e-07
1952.149    4.703897e-07
1960.15    6.230389e-07
1968.151    2.292386e-06
1976.153    3.011535e-06
1984.154    3.15026e-06
1992.155    3.093638e-06
2000.156    2.528787e-06
2008.158    1.448685e-06
2016.159    3.067996e-07
2024.16    2.747012e-07
2032.161    3.546055e-07
2040.163    3.985679e-07
2048.164    3.773131e-07
2056.165    3.383223e-07
2064.166    1.932105e-07
2072.168    1.292108e-07
2080.169    2.056284e-07
2088.17    1.740825e-06
2096.171    2.373442e-06
2104.173    2.615976e-06
2112.174    2.586032e-06
2120.175    2.163311e-06
2128.176    6.545967e-07
2136.178    4.479153e-07
2144.179    3.506658e-07
2152.18    1.846413e-07
2160.181    1.750865e-07
2168.183    2.399023e-07
2176.184    3.68107e-07
2184.185    3.717356e-07
2192.186    3.784894e-07
2200.188    1.149882e-06
2208.189    2.352304e-06
2216.19    3.312732e-06
2224.191    3.58875e-06
2232.193    3.527971e-06
2240.194    3.014888e-06
2248.195    6.751313e-07
2256.196    2.22543e-07
2264.198    1.702159e-07
2272.199    1.574462e-07
2280.2    1.789274e-07
2288.201    2.269998e-07
2296.203    3.566169e-07
2304.204    3.669589e-07
2312.205    3.70313e-07
2320.206    1.546504e-06
2328.208    3.454996e-06
2336.209    5.097501e-06
2344.21    5.684861e-06
2352.211    5.58056e-06
2360.213    4.812016e-06
2368.214    1.109307e-06
2376.215    2.583917e-07
2384.216    1.819593e-07
2392.218    2.026296e-07
2400.219    1.801613e-07
2408.22    1.551718e-07
2416.221    1.012069e-07
2424.223    5.694314e-08
2432.224    7.565768e-08
2440.225    3.254064e-07
2448.226    8.049794e-07
2456.228    1.624221e-06
2464.229    1.677397e-06
2472.23    1.721206e-06
2480.231    1.182713e-06
2488.233    5.893728e-07
2496.234    2.893245e-07
2504.235    1.848024e-07
2512.236    1.461847e-07
2520.238    1.347357e-07
2528.239    1.63838e-07
2536.24    1.922962e-07
2544.241    1.93644e-07
2552.243    2.639561e-07
2560.244    5.373414e-07
2568.245    1.32686e-06
2576.246    2.586063e-06
2584.248    2.634404e-06
2592.249    2.648074e-06
2600.25    1.762155e-06
2608.251    8.542621e-07
2616.253    3.447536e-07
2624.254    2.342166e-07
2632.255    2.550431e-07
2640.256    2.558045e-07
2648.258    1.785817e-07
2656.259    2.008837e-07
2664.26    2.340643e-07
2672.261    2.854298e-07
2680.263    3.88826e-07
2688.264    7.656319e-07
2696.265    1.572287e-06
2704.266    1.555356e-06
2712.268    1.517433e-06
2720.269    1.147938e-06
2728.27    6.0034e-07
2736.271    2.951299e-07
2744.273    2.269454e-07
2752.274    2.020431e-07
2760.275    1.942548e-07
2768.276    2.21609e-07
2776.278    2.234274e-07
2784.279    2.033184e-07
2792.28    2.442319e-07
2800.281    3.979354e-07
2808.283    1.976681e-06
2816.284    2.545021e-06
2824.285    2.646682e-06
2832.286    2.573687e-06
2840.288    1.999596e-06
2848.289    1.019591e-06
2856.29    1.455208e-07
2864.291    1.929844e-07
2872.293    2.601508e-07
2880.294    3.054386e-07
2888.295    2.708904e-07
2896.296    2.096917e-07
2904.298    1.122957e-07
2912.299    1.391312e-07
2920.3    2.300809e-07
2928.301    1.963476e-06
2936.303    2.757851e-06
2944.304    2.965293e-06
2952.305    2.887052e-06
2960.306    2.353545e-06
2968.308    1.318041e-06
2976.309    3.10853e-07
2984.31    2.51064e-07
2992.311    2.004213e-07
3000.313    1.618602e-07
3008.314    1.561818e-07
3016.315    1.753281e-07
3024.316    1.882491e-07
3032.318    1.83373e-07
3040.319    2.642784e-07
3048.32    1.788746e-06
3056.321    2.585979e-06
3064.323    2.852255e-06
3072.324    2.824274e-06
3080.325    2.376896e-06
3088.326    1.446981e-06
3096.328    3.832244e-07
3104.329    3.284846e-07
3112.33    2.890075e-07
3120.331    2.368152e-07
3128.333    2.114725e-07
3136.334    2.019501e-07
3144.335    1.560645e-07
3152.336    1.616344e-07
3160.338    2.739631e-07
3168.339    1.812375e-06
3176.34    2.694612e-06
3184.341    2.967758e-06
3192.343    2.899997e-06
3200.344    2.499058e-06
3208.345    6.155232e-07
3216.346    3.873342e-07
3224.348    3.495841e-07
3232.349    3.070148e-07
3240.35    3.231359e-07
3248.351    3.61846e-07
3256.353    4.201103e-07
3264.354    3.954399e-07
3272.355    3.976628e-07
3280.356    9.90842e-07
3288.358    2.252001e-06
3296.359    3.490085e-06
3304.36    3.955563e-06
3312.361    3.879285e-06
3320.363    3.435896e-06
3328.364    7.911977e-07
3336.365    2.421448e-07
3344.366    3.543257e-07
3352.368    3.74511e-07
3360.369    3.695375e-07
3368.37    3.239949e-07
3376.371    2.681486e-07
3384.373    3.168959e-07
3392.374    3.889998e-07
3400.375    9.285068e-07
3408.376    2.039585e-06
3416.378    3.218456e-06
3424.379    3.780072e-06
3432.38    3.766849e-06
3440.381    3.424538e-06
3448.383    9.439885e-07
3456.384    1.720452e-07
3464.385    2.079522e-07
3472.386    2.701064e-07
3480.388    2.758159e-07
3488.389    2.679216e-07
3496.39    3.258607e-07
3504.391    3.212841e-07
3512.393    3.316364e-07
3520.394    8.167632e-07
3528.395    2.185077e-06
3536.396    4.742769e-06
3544.398    4.917363e-06
3552.399    4.949225e-06
3560.4    3.401698e-06
3568.401    1.63146e-06
3576.403    4.695654e-07
3584.404    2.435257e-07
3592.405    2.944174e-07
3600.406    3.353199e-07
3608.408    3.923791e-07
3616.409    3.772526e-07
3624.41    3.313023e-07
3632.411    4.398461e-07
3640.413    7.88187e-07
3648.414    1.945564e-06
3656.415    4.358198e-06
3664.416    4.472047e-06
3672.418    4.440586e-06
3680.419    3.22394e-06
3688.42    1.615534e-06
3696.421    4.673902e-07
3704.423    2.175717e-07
3712.424    2.226885e-07
3720.425    2.239553e-07
3728.426    3.109957e-07
3736.428    3.20754e-07
3744.429    3.088612e-07
3752.43    4.115385e-07
3760.431    4.734177e-07
3768.433    1.067787e-06
3776.434    2.752522e-06
3784.435    2.866483e-06
3792.436    2.8267e-06
3800.438    2.089991e-06
3808.439    1.042514e-06
3816.44    3.2163e-07
3824.441    2.652198e-07
3832.443    2.503887e-07
3840.444    2.704505e-07
3848.445    3.571123e-07
3856.446    4.319717e-07
3864.448    4.616064e-07
3872.449    5.688275e-07
3880.45    7.123666e-07
3888.451    1.20285e-06
3896.453    2.762227e-06
3904.454    2.877968e-06
3912.455    2.67064e-06
3920.456    2.130374e-06
3928.458    1.095383e-06
3936.459    3.049948e-07
3944.46    3.663311e-07
3952.461    4.139849e-07
3960.463    4.077174e-07
3968.464    3.476082e-07
3976.465    3.062912e-07
3984.466    2.487569e-07
3992.468    2.888082e-07
4000.469    4.101897e-07
4008.47    1.688798e-06
4016.471    2.405421e-06
4024.473    2.615231e-06
4032.474    2.538109e-06
4040.475    2.133792e-06
4048.476    1.241627e-06
4056.478    1.994714e-07
4064.479    1.749833e-07
4072.48    1.213303e-07
4080.481    1.743901e-07
4088.483    2.416137e-07
4096.484    2.809655e-07
4104.485    2.872232e-07
4112.486    3.168935e-07
4120.488    3.828937e-07
4128.489    1.120014e-06
4136.49    1.714025e-06
4144.491    1.915307e-06
4152.493    1.829452e-06
4160.494    1.60001e-06
4168.495    9.776406e-07
4176.496    3.682365e-07
4184.498    3.701454e-07
4192.499    3.222854e-07
4200.5    3.271029e-07
4208.501    2.985699e-07
4216.503    2.622233e-07
4224.504    2.386722e-07
4232.505    2.843574e-07
4240.506    3.858597e-07
4248.508    1.637899e-06
4256.509    2.627891e-06
4264.51    3.015049e-06
4272.511    2.934086e-06
4280.513    2.588778e-06
4288.514    5.956391e-07
4296.515    4.824481e-07
4304.516    4.804619e-07
4312.518    2.49527e-07
4320.519    2.240918e-07
4328.52    2.306093e-07
4336.521    2.779502e-07
4344.523    3.14659e-07
4352.524    3.455724e-07
4360.525    4.914718e-07
4368.526    1.186161e-06
4376.528    2.002076e-06
4384.529    2.362608e-06
4392.53    2.293579e-06
4400.531    2.072564e-06
4408.533    5.552325e-07
4416.534    3.954056e-07
4424.535    4.568699e-07
4432.536    3.942498e-07
4440.538    4.03904e-07
4448.539    3.985272e-07
4456.54    3.601163e-07
4464.541    2.982971e-07
4472.543    2.548292e-07
4480.544    6.150923e-07
4488.545    1.547156e-06
4496.546    2.754334e-06
4504.548    3.571684e-06
4512.549    3.572836e-06
4520.55    3.388143e-06
4528.551    1.258706e-06
4536.553    3.988403e-07
4544.554    3.119063e-07
4552.555    3.380398e-07
4560.556    3.313371e-07
4568.558    3.166477e-07
4576.559    3.968148e-07
4584.56    4.374629e-07
4592.561    4.942494e-07
4600.563    7.524291e-07
4608.564    1.364055e-06
4616.565    2.933063e-06
4624.566    3.012576e-06
4632.568    2.960767e-06
4640.569    2.170088e-06
4648.57    1.065257e-06
4656.571    2.525705e-07
4664.573    3.006958e-07
4672.574    3.322111e-07
4680.575    3.639444e-07
4688.576    4.405198e-07
4696.578    4.860997e-07
4704.579    4.916113e-07
4712.58    5.802002e-07
4720.581    7.648128e-07
4728.583    1.46627e-06
4736.584    3.490102e-06
4744.585    3.665951e-06
4752.586    3.616675e-06
4760.588    2.839892e-06
4768.589    1.582542e-06
4776.59    5.277021e-07
4784.591    2.850755e-07
4792.593    2.42558e-07
4800.594    2.165913e-07
4808.595    1.775671e-07
4816.596    2.133093e-07
4824.598    2.639217e-07
4832.599    5.141532e-07
4840.6    7.395873e-07
4848.601    1.462222e-06
4856.603    3.784152e-06
4864.604    4.040541e-06
4872.605    3.993887e-06
4880.606    3.236244e-06
4888.608    1.869275e-06
4896.609    5.902527e-07
4904.61    2.265728e-07
4912.611    2.677195e-07
4920.613    2.880411e-07
4928.614    2.784936e-07
4936.615    3.114072e-07
4944.616    3.396886e-07
4952.618    4.906611e-07
4960.619    6.884966e-07
4968.62    1.322406e-06
4976.621    3.670149e-06
4984.623    3.987071e-06
4992.624    3.817383e-06
5000.625    3.278102e-06
5008.626    2.009266e-06
5016.628    3.715937e-07
5024.629    3.734669e-07
5032.63    3.678298e-07
5040.631    2.837898e-07
5048.633    2.127337e-07
5056.634    2.348553e-07
5064.635    3.329216e-07
5072.636    4.366601e-07
5080.638    5.896761e-07
5088.639    2.22476e-06
5096.64    3.327127e-06
5104.641    3.727118e-06
5112.643    3.696191e-06
5120.644    3.302396e-06
5128.645    2.172373e-06
5136.646    4.524021e-07
5144.648    3.709891e-07
5152.649    2.394985e-07
5160.65    1.247811e-07
5168.651    1.780799e-07
5176.653    2.98382e-07
5184.654    4.213296e-07
5192.655    4.524289e-07
5200.656    5.27011e-07
5208.658    1.628539e-06
5216.659    2.599422e-06
5224.66    3.021429e-06
5232.661    2.993804e-06
5240.663    2.719552e-06
5248.664    1.846421e-06
5256.665    3.016694e-07
5264.666    2.874955e-07
5272.668    3.036764e-07
5280.669    4.0298e-07
5288.67    3.755453e-07
5296.671    3.51114e-07
5304.673    2.579956e-07
5312.674    2.412874e-07
5320.675    3.001275e-07
5328.676    1.798915e-06
5336.678    3.24227e-06
5344.679    4.033438e-06
5352.68    3.953189e-06
5360.681    3.643917e-06
5368.683    1.086421e-06
5376.684    4.844164e-07
5384.685    5.476567e-07
5392.686    3.119124e-07
5400.688    3.025551e-07
5408.689    3.303732e-07
5416.69    3.953361e-07
5424.691    3.722116e-07
5432.693    3.670854e-07
5440.694    7.302634e-07
5448.695    1.711322e-06
5456.696    3.048593e-06
5464.698    3.912909e-06
5472.699    3.812287e-06
5480.7    3.529441e-06
5488.701    1.245504e-06
5496.703    6.474482e-07
5504.704    6.686484e-07
5512.705    4.815751e-07
5520.706    4.730115e-07
5528.708    4.315103e-07
5536.709    3.884992e-07
5544.71    3.752553e-07
5552.711    4.063274e-07
5560.713    6.668357e-07
5568.714    1.241387e-06
5576.715    2.105066e-06
5584.716    2.736891e-06
5592.718    2.63501e-06
5600.719    2.454108e-06
5608.72    9.16924e-07
5616.721    4.20174e-07
5624.723    5.565079e-07
5632.724    4.998346e-07
5640.725    4.183509e-07
5648.726    3.15699e-07
5656.728    2.38081e-07
5664.729    2.964151e-07
5672.73    4.380587e-07
5680.731    6.867934e-07
5688.733    1.220108e-06
5696.734    2.343427e-06
5704.735    3.419684e-06
5712.736    3.36528e-06
5720.738    2.692489e-06
5728.739    1.525979e-06
5736.74    5.583958e-07
5744.741    5.325052e-07
5752.743    4.971482e-07
5760.744    4.224981e-07
5768.745    2.342244e-07
5776.746    2.811023e-07
5784.748    3.874896e-07
5792.749    7.278135e-07
5800.75    9.771917e-07
5808.751    1.610723e-06
5816.753    3.89846e-06
5824.754    4.155369e-06
5832.755    4.025085e-06
5840.756    3.264303e-06
5848.758    1.929617e-06
5856.759    6.43219e-07
5864.76    4.492685e-07
5872.761    3.905645e-07
5880.763    3.608685e-07
5888.764    4.37051e-07
5896.765    5.174505e-07
5904.766    5.338726e-07
5912.768    6.665603e-07
5920.769    9.124159e-07
5928.77    1.520447e-06
5936.771    3.991168e-06
5944.773    4.335467e-06
5952.774    4.219752e-06
5960.775    3.617636e-06
5968.776    2.30396e-06
5976.778    8.861156e-07
5984.779    4.320914e-07
5992.78    3.601988e-07
6000.781    3.069337e-07
6008.783    2.317724e-07
6016.784    2.785565e-07
6024.785    3.716274e-07
6032.786    6.789609e-07
6040.788    8.622211e-07
6048.789    1.313236e-06
6056.79    3.685463e-06
6064.791    4.165713e-06
6072.793    3.961943e-06
6080.794    3.560066e-06
6088.795    2.423111e-06
6096.796    4.150652e-07
6104.798    3.957032e-07
6112.799    3.536402e-07
6120.8    3.479871e-07
6128.801    3.904591e-07
6136.803    4.833923e-07
6144.804    5.530989e-07
6152.805    5.941681e-07
6160.806    7.028291e-07
6168.808    2.572562e-06
6176.809    4.173304e-06
6184.81    4.916511e-06
6192.811    4.805847e-06
6200.813    4.415986e-06
6208.814    3.081016e-06
6216.815    5.202143e-07
6224.816    5.534658e-07
6232.818    4.806363e-07
6240.819    4.534995e-07
6248.82    3.742549e-07
6256.821    3.883987e-07
6264.823    4.680326e-07
6272.824    5.13767e-07
6280.825    5.917111e-07
6288.826    2.656321e-06
6296.828    4.728506e-06
6304.829    5.840353e-06
6312.83    5.922326e-06
6320.831    5.58334e-06
6328.833    4.130933e-06
6336.834    5.411149e-07
6344.835    4.932078e-07
6352.836    4.631178e-07
6360.838    5.199874e-07
6368.839    4.619301e-07
6376.84    4.929557e-07
6384.841    5.966942e-07
6392.843    5.443428e-07
6400.844    4.847549e-07
6408.845    2.078527e-06
6416.846    3.805126e-06
6424.848    4.900051e-06
6432.849    4.777121e-06
6440.85    4.508278e-06
6448.851    1.632295e-06
6456.853    6.748714e-07
6464.854    7.668501e-07
6472.855    4.884618e-07
6480.856    4.276604e-07
6488.858    3.744842e-07
6496.859    4.632857e-07
6504.86    4.596934e-07
6512.861    4.031556e-07
6520.863    7.005111e-07
6528.864    1.89114e-06
6536.865    3.774445e-06
6544.866    5.374356e-06
6552.868    5.320651e-06
6560.869    5.108492e-06
6568.87    2.143185e-06
6576.871    8.656623e-07
6584.873    9.047104e-07
6592.874    7.539913e-07
6600.875    6.862144e-07
6608.876    5.613485e-07
6616.878    4.820175e-07
6624.879    5.061213e-07
6632.88    5.480436e-07
6640.881    8.276725e-07
6648.883    1.715191e-06
6656.884    3.490269e-06
6664.885    5.281637e-06
6672.886    5.215893e-06
6680.888    5.039778e-06
6688.889    2.368771e-06
6696.89    1.001435e-06
6704.891    1.077919e-06
6712.893    8.144057e-07
6720.894    5.985292e-07
6728.895    4.498236e-07
6736.896    5.246667e-07
6744.898    5.792069e-07
6752.899    6.243798e-07
6760.9    9.041037e-07
6768.901    1.601103e-06
6776.903    3.122114e-06
6784.904    4.909878e-06
6792.905    4.843722e-06
6800.906    4.002892e-06
6808.908    2.443964e-06
6816.909    1.065963e-06
6824.91    1.048504e-06
6832.911    8.946673e-07
6840.913    7.105561e-07
6848.914    3.587337e-07
6856.915    3.756097e-07
6864.916    4.404965e-07
6872.918    7.369726e-07
6880.919    9.904154e-07
6888.92    1.512988e-06
6896.921    3.982057e-06
6904.923    4.42364e-06
6912.924    4.3128e-06
6920.925    3.681018e-06
6928.926    2.387675e-06
6936.928    9.963367e-07
6944.929    8.980355e-07
6952.93    7.519739e-07
6960.931    5.818546e-07
6968.933    3.197786e-07
6976.934    3.747498e-07
6984.935    4.952459e-07
6992.936    8.936588e-07
7000.938    1.190034e-06
7008.939    1.74434e-06
7016.94    4.637651e-06
7024.941    5.287382e-06
7032.943    5.173665e-06
7040.944    4.493744e-06
7048.945    3.077226e-06
7056.946    1.239596e-06
7064.948    6.669397e-07
7072.949    5.906965e-07
7080.95    4.780005e-07
7088.951    1.901601e-07
7096.953    3.278633e-07
7104.954    5.146902e-07
7112.955    9.246301e-07
7120.956    1.225954e-06
7128.958    1.808596e-06
7136.959    5.341937e-06
7144.96    6.309716e-06
7152.961    6.024523e-06
7160.963    5.579513e-06
7168.964    4.055408e-06
7176.965    8.888316e-07
7184.966    9.282267e-07
7192.968    7.595243e-07
7200.969    4.637181e-07
7208.97    4.245693e-07
7216.971    5.940217e-07
7224.973    9.063069e-07
7232.974    1.052947e-06
7240.975    1.233741e-06
7248.976    2.803628e-06
7256.978    4.625494e-06
7264.979    5.706771e-06
7272.98    5.635315e-06
7280.981    5.321771e-06
7288.983    4.088975e-06
7296.984    1.207494e-06
7304.985    1.169186e-06
7312.986    9.527562e-07
7320.988    6.43747e-07
7328.989    5.316242e-07
7336.99    6.033468e-07
7344.991    8.769908e-07
7352.993    9.838127e-07
7360.994    1.084714e-06
7368.995    2.531773e-06
7376.996    4.439902e-06
7384.998    5.665937e-06
7392.999    5.626845e-06
7401.0    5.373749e-06
7401.0    4.274017e-06
7460.214    4.417257e-06
7519.428    4.607562e-06
7578.641    4.552064e-06
7637.855    4.461614e-06
7697.069    4.241183e-06
7756.283    4.308833e-06
7815.496    4.317852e-06
7874.71    4.454e-06
7933.924    4.77837e-06
7993.138    4.892619e-06
8052.351    4.701356e-06
8111.565    4.362994e-06
8170.779    3.726255e-06
8229.993    3.8317e-06
8289.206    4.006547e-06
8348.42    4.162684e-06
8407.634    4.283448e-06
8466.848    4.228733e-06
8526.061    3.940281e-06
8585.275    3.495025e-06
8644.489    3.086252e-06
8703.703    3.190695e-06
8762.916    3.195138e-06
8822.13    3.209845e-06
8881.344    3.38929e-06
8940.558    3.503199e-06
8999.771    3.479683e-06
9058.985    3.37188e-06
9118.199    3.330041e-06
9177.413    3.134603e-06
9236.626    3.050532e-06
9295.84    2.881972e-06
9355.054    2.728772e-06
9414.268    2.333392e-06
9473.481    2.208767e-06
9532.695    2.050356e-06
9591.909    1.971614e-06
9651.123    1.979601e-06
9710.336    2.045598e-06
9769.55    2.059611e-06
9828.764    2.078442e-06
9887.978    1.990407e-06
9947.191    1.97799e-06
10006.405    2.002602e-06
10065.619    2.084638e-06
10124.833    2.034442e-06
10184.046    1.996066e-06
10243.26    1.932924e-06
10302.474    1.924358e-06
10361.688    1.827634e-06
10420.901    1.79142e-06
10480.115    1.743843e-06
10539.329    1.756003e-06
10598.543    1.694314e-06
10657.756    1.438145e-06
10716.97    1.309402e-06
10776.184    1.32398e-06
10835.398    1.33319e-06
10894.611    1.377578e-06
10953.825    1.304976e-06
11013.039    1.247231e-06
11072.253    1.189179e-06
11131.466    1.125565e-06
11190.68    1.027766e-06
11249.894    1.015087e-06
11309.108    1.035068e-06
11368.321    1.026104e-06
11427.535    9.37563e-07
11486.749    9.099084e-07
11545.963    9.225212e-07
11605.176    8.718031e-07
11664.39    7.86289e-07
11723.604    7.598036e-07
11782.818    7.379541e-07
11842.031    7.403081e-07
11901.245    7.577099e-07
11960.459    7.571438e-07
12019.673    7.382529e-07
12078.886    7.244423e-07
12138.1    6.564237e-07
12197.314    6.27108e-07
12256.528    6.520759e-07
12315.741    6.720919e-07
12374.955    6.470593e-07
12434.169    6.946482e-07
12493.383    7.325874e-07
12552.596    7.68544e-07
12611.81    9.580207e-07
12671.024    1.048325e-06
12730.238    1.120013e-06
12789.451    1.135519e-06
12848.665    9.228763e-07
12907.879    7.691688e-07
12967.093    7.279498e-07
13026.306    7.490519e-07
13085.52    1.011035e-06
13144.734    1.225766e-06
13203.948    1.326237e-06
13263.161    1.306726e-06
13322.375    1.165292e-06
13381.589    1.056619e-06
13440.803    8.890395e-07
13500.016    6.814494e-07
13559.23    5.499868e-07
13618.444    5.099298e-07
13677.658    5.146302e-07
13736.871    4.789051e-07
13796.085    3.767376e-07
13855.299    2.267841e-07
13914.513    3.027432e-07
13973.726    4.839359e-07
14032.94    6.96129e-07
14092.154    9.284882e-07
14151.368    8.721008e-07
14210.581    7.398491e-07
14269.795    6.761446e-07
14329.009    7.935096e-07
14388.223    7.915689e-07
14447.436    7.60051e-07
14506.65    7.439876e-07
14565.864    5.61198e-07
14625.078    4.951606e-07
14684.291    4.926615e-07
14743.505    5.229697e-07
14802.719    6.236759e-07
14861.933    6.721286e-07
14921.146    6.970124e-07
14980.36    7.256569e-07
15039.574    7.689108e-07
15098.788    8.162412e-07
15158.001    8.739603e-07
15217.215    9.301342e-07
15276.429    9.137563e-07
15335.643    7.712728e-07
15394.856    7.408408e-07
15454.07    7.558233e-07
15513.284    8.609497e-07
15572.498    1.674505e-06
15631.711    2.398954e-06
15690.925    2.794808e-06
15750.139    2.921553e-06
15809.353    3.021383e-06
15868.566    2.937994e-06
15927.78    2.522882e-06
15986.994    1.777579e-06
16046.208    8.372688e-07
16105.421    7.227559e-07
16164.635    7.803698e-07
16223.849    9.5874e-07
16283.063    1.189378e-06
16342.276    1.144328e-06
16401.49    1.024479e-06
16460.704    8.940146e-07
16519.918    7.685506e-07
16579.131    6.764413e-07
16638.345    7.003147e-07
16697.559    7.545364e-07
16756.773    8.337289e-07
16815.986    9.935296e-07
16875.2    1.046531e-06
16934.414    1.098806e-06
16993.628    1.144709e-06
17052.841    1.237479e-06
17112.055    1.189899e-06
17171.269    1.146855e-06
17230.483    1.085014e-06
17289.696    9.267216e-07
17348.91    9.927774e-07
17408.124    1.133055e-06
17467.338    1.222872e-06
17526.551    1.020661e-06
17585.765    9.877803e-07
17644.979    1.018409e-06
17704.193    9.370589e-07
17763.406    8.30931e-07
17822.62    9.59941e-07
17881.834    1.050121e-06
17941.048    1.100419e-06
18000.261    1.186744e-06
18059.475    1.193966e-06
18118.689    1.144351e-06
18177.903    1.050907e-06
18237.116    9.635905e-07
18296.33    8.08412e-07
18355.544    7.037681e-07
18414.758    6.187183e-07
18473.971    6.719847e-07
18533.185    1.08174e-06
18592.399    1.211999e-06
18651.613    1.248886e-06
18710.826    1.223374e-06
18770.04    1.047117e-06
18829.254    9.742654e-07
18888.468    1.077318e-06
18947.681    1.271214e-06
19006.895    1.259085e-06
19066.109    1.227001e-06
19125.323    1.2816e-06
19184.536    1.390291e-06
19243.75    1.463318e-06
19302.964    1.411875e-06
19362.178    1.19121e-06
19421.391    9.329229e-07
19480.605    6.653572e-07
19539.819    4.957209e-07
19599.033    5.261763e-07
19658.246    7.064743e-07
19717.46    7.458283e-07
19776.674    6.78876e-07
19835.888    8.730362e-07
19895.101    9.340437e-07
19954.315    8.873346e-07
20013.529    9.126389e-07
20072.743    9.657089e-07
20131.956    9.519533e-07
20191.17    8.618511e-07
20250.384    9.663072e-07
20309.598    1.124588e-06
20368.811    1.256842e-06
20428.025    1.33679e-06
20487.239    1.423253e-06
20546.453    1.380327e-06
20605.666    1.247418e-06
20664.88    1.126157e-06
20724.094    1.323219e-06
20783.308    1.401205e-06
20842.521    1.476052e-06
20901.735    1.601276e-06
20960.949    1.687064e-06
21020.163    1.610687e-06
21079.376    1.455448e-06
21138.59    1.340818e-06
21197.804    1.325752e-06
21257.018    1.734632e-06
21316.231    1.913123e-06
21375.445    1.96893e-06
21434.659    1.861051e-06
21493.873    1.165525e-06
21553.086    9.009549e-07
21612.3    9.275027e-07
21671.514    8.981341e-07
21730.728    1.148076e-06
21789.941    1.193798e-06
21849.155    1.115862e-06
21908.369    1.17026e-06
21967.583    1.69882e-06
22026.796    1.714065e-06
22086.01    1.530335e-06
22145.224    1.374328e-06
22204.438    1.113519e-06
22263.651    9.649035e-07
22322.865    1.035833e-06
22382.079    1.209677e-06
22441.293    1.4008e-06
22500.506    1.302137e-06
22559.72    1.221379e-06
22618.934    1.340749e-06
22678.148    1.604925e-06
22737.361    2.106042e-06
22796.575    2.210854e-06
22855.789    2.260004e-06
22915.003    2.255539e-06
22974.216    2.43467e-06
23033.43    2.394016e-06
23092.644    2.122564e-06
23151.858    1.753223e-06
23211.071    1.570478e-06
23270.285    1.671009e-06
23329.499    1.759051e-06
23388.713    1.836807e-06
23447.926    2.074032e-06
23507.14    2.152728e-06
23566.354    2.129222e-06
23625.568    2.015501e-06
23684.781    1.643965e-06
23743.995    1.374147e-06
23803.209    1.247491e-06
23862.423    1.163023e-06
23921.636    7.630905e-07
23980.85    9.961756e-07
24040.064    1.417117e-06
24099.278    1.750129e-06
24158.491    1.871848e-06
24217.705    1.551128e-06
24276.919    1.340831e-06
24336.133    1.138211e-06
24395.346    1.205927e-06
24454.56    1.889585e-06
24513.774    1.985127e-06
24572.988    2.056837e-06
24632.201    2.194434e-06
24691.415    2.489989e-06
24750.629    2.397682e-06
24809.843    2.267486e-06
24869.056    2.033752e-06
24928.27    1.200196e-06
24987.484    1.058876e-06
25046.698    1.268378e-06
25105.911    1.704615e-06
25165.125    2.362538e-06
25224.339    2.378663e-06
25283.553    2.305581e-06
25342.766    2.318415e-06
25401.98    2.512834e-06
25461.194    2.524311e-06
25520.408    2.472446e-06
25579.621    2.393487e-06
25638.835    2.250136e-06
25698.049    2.011418e-06
25757.263    2.131218e-06
25816.476    2.478446e-06
25875.69    2.832935e-06
25934.904    2.84087e-06
25994.118    2.688901e-06
26053.331    2.674157e-06
26112.545    2.629013e-06
26171.759    2.00782e-06
26230.973    1.799679e-06
26290.186    1.57736e-06
26349.4    1.376921e-06
26408.614    1.368035e-06
26467.828    1.398029e-06
26527.041    1.457231e-06
26586.255    1.633042e-06
26645.469    1.728183e-06
26704.683    1.63883e-06
26763.896    1.638714e-06
26823.11    1.70446e-06
26882.324    1.533658e-06
26941.538    1.399533e-06
27000.751    1.227694e-06
27059.965    1.032835e-06
27119.179    9.211711e-07
27178.393    1.033726e-06
27237.606    1.289388e-06
27296.82    1.702623e-06
27356.034    2.139814e-06
27415.248    2.408027e-06
27474.461    2.14434e-06
27533.675    1.853966e-06
27592.889    1.655621e-06
27652.103    1.514625e-06
27711.316    1.577194e-06
27770.53    1.713493e-06
27829.744    1.881494e-06
27888.958    2.028465e-06
27948.171    2.024506e-06
28007.385    1.908793e-06
28066.599    1.503506e-06
28125.813    7.225825e-07
28185.026    9.071656e-07
28244.24    1.194958e-06
28303.454    1.392369e-06
28362.668    1.633491e-06
28421.881    1.633712e-06
28481.095    1.586404e-06
28540.309    1.53977e-06
28599.523    1.860999e-06
28658.736    1.956328e-06
28717.95    1.974797e-06
28777.164    1.991844e-06
28836.378    1.9473e-06
28895.591    1.377924e-06
28954.805    1.088631e-06
29014.019    9.107277e-07
29073.233    9.504486e-07
29132.446    1.482217e-06
29191.66    1.486555e-06
29250.874    1.581729e-06
29310.088    1.823393e-06
29369.301    1.648651e-06
29428.515    1.395013e-06
29487.729    1.513282e-06
29546.943    1.68793e-06
29606.156    1.371903e-06
29665.37    1.401571e-06
29724.584    1.49513e-06
29783.798    1.261313e-06
29843.011    1.280786e-06
29902.225    1.534153e-06
29961.439    1.601468e-06
30020.653    1.666057e-06
30079.866    1.913073e-06
30139.08    1.853127e-06
30198.294    1.610155e-06
30257.508    1.387328e-06
30316.721    1.3916e-06
30375.935    2.356254e-06
30435.149    2.738461e-06
30494.363    2.836896e-06
30553.576    2.722779e-06
30612.79    2.383726e-06
30672.004    2.074074e-06
30731.218    1.668787e-06
30790.431    1.665111e-06
30849.645    2.289282e-06
30908.859    2.543244e-06
30968.073    2.746343e-06
31027.286    2.692463e-06
31086.5    2.255195e-06
31145.714    2.010643e-06
31204.928    1.698818e-06
31264.141    1.481225e-06
31323.355    1.575041e-06
31382.569    1.669657e-06
31441.783    1.925191e-06
31500.996    2.365322e-06
31560.21    3.181441e-06
31619.424    3.543785e-06
31678.638    3.870157e-06
31737.851    3.961118e-06
31797.065    3.747602e-06
31856.279    2.9971e-06
31915.493    2.627877e-06
31974.706    2.245504e-06
32033.92    1.903897e-06
32093.134    1.162806e-06
32152.348    9.383654e-07
32211.561    1.273179e-06
32270.775    1.827525e-06
32329.989    2.279835e-06
32389.203    2.32178e-06
32448.416    2.40345e-06
32507.63    2.391331e-06
32566.844    2.310573e-06
32626.058    2.814201e-06
32685.271    3.460259e-06
32744.485    3.650146e-06
32803.699    3.482258e-06
32862.913    3.72711e-06
32922.126    3.842971e-06
32981.34    3.454597e-06
33040.554    2.352005e-06
33099.768    2.107818e-06
33158.981    1.815615e-06
33218.195    1.659823e-06
33277.409    1.661258e-06
33336.623    2.149455e-06
33395.836    2.655351e-06
33455.05    2.906749e-06
33514.264    2.893075e-06
33573.478    2.255137e-06
33632.691    2.054185e-06
33691.905    1.898343e-06
33751.119    1.728332e-06
33810.333    2.063732e-06
33869.546    2.138888e-06
33928.76    2.119459e-06
33987.974    2.27133e-06
34047.188    2.565481e-06
34106.401    2.328753e-06
34165.615    1.923975e-06
34224.829    1.978687e-06
34284.043    2.722702e-06
34343.256    2.813068e-06
34402.47    2.640002e-06
34461.684    2.521159e-06
34520.898    2.435603e-06
34580.111    1.857539e-06
34639.325    1.146494e-06
34698.539    8.06545e-07
34757.753    1.224584e-06
34816.966    2.508645e-06
34876.18    2.808932e-06
34935.394    2.861814e-06
34994.608    2.747369e-06
35053.821    2.463505e-06
35113.035    2.181617e-06
35172.249    1.883679e-06
35231.463    1.725761e-06
35290.676    1.782657e-06
35349.89    1.754031e-06
35409.104    1.622846e-06
35468.318    1.536763e-06
35527.531    1.337083e-06
35586.745    1.2038e-06
35645.959    1.12486e-06
35705.173    1.14903e-06
35764.386    1.102788e-06
35823.6    1.20517e-06
35882.814    1.373978e-06
35942.028    1.546262e-06
36001.241    2.203401e-06
36060.455    2.405682e-06
36119.669    2.380425e-06
36178.883    2.335119e-06
36238.096    2.655115e-06
36297.31    2.570596e-06
36356.524    2.336267e-06
36415.738    2.228728e-06
36474.951    2.216419e-06
36534.165    2.56601e-06
36593.379    2.766112e-06
36652.593    2.807602e-06
36711.806    2.808493e-06
36771.02    2.836103e-06
36830.234    2.772268e-06
36889.448    2.699217e-06
36948.661    2.557987e-06
37007.875    3.626823e-06
37067.089    1.246127e-05
37126.303    2.505129e-05
37185.516    3.297412e-05
37244.73    3.434741e-05
37303.944    3.398495e-05
37363.158    3.326931e-05
37422.371    2.828157e-05
37481.585    6.398327e-06
37540.799    2.435198e-06
37600.013    2.424394e-06
37659.226    2.629176e-06
37718.44    2.81833e-06
37777.654    2.793068e-06
37836.868    2.641139e-06
37896.081    2.426621e-06
37955.295    2.359048e-06
38014.509    2.561739e-06
38073.723    2.522571e-06
38132.936    2.429855e-06
38192.15    2.385049e-06
38251.364    2.368726e-06
38310.578    2.397218e-06
38369.791    2.574624e-06
38429.005    2.950587e-06
38488.219    3.737962e-06
38547.433    3.655587e-06
38606.646    3.282439e-06
38665.86    2.796534e-06
38725.074    2.472605e-06
38784.288    2.617433e-06
38843.501    2.763534e-06
38902.715    2.956188e-06
38961.929    3.06022e-06
39021.143    2.812729e-06
39080.356    2.628192e-06
39139.57    2.624608e-06
39198.784    2.939952e-06
39257.998    2.959405e-06
39317.211    2.743446e-06
39376.425    2.483211e-06
39435.639    2.360035e-06
39494.853    2.575523e-06
39554.066    2.724411e-06
39613.28    2.943264e-06
39672.494    3.120657e-06
39731.708    2.540056e-06
39790.921    1.988689e-06
39850.135    1.808637e-06
39909.349    1.959273e-06
39968.563    2.235942e-06
40027.776    2.569284e-06
40086.99    2.75312e-06
40146.204    2.709052e-06
40205.418    2.449026e-06
40264.631    2.708505e-06
40323.845    2.996922e-06
40383.059    3.061883e-06
40442.273    2.57086e-06
40501.486    2.19816e-06
40560.7    1.903315e-06
40619.914    1.856123e-06
40679.128    2.512803e-06
40738.341    3.043746e-06
40797.555    3.308032e-06
40856.769    3.268414e-06
40915.983    3.034525e-06
40975.196    2.483019e-06
41034.41    2.306544e-06
41093.624    1.941052e-06
41152.838    1.669011e-06
41212.051    1.603504e-06
41271.265    1.731542e-06
41330.479    1.751731e-06
41389.693    1.548796e-06
41448.906    9.956558e-07
41508.12    1.172556e-06
41567.334    1.603669e-06
41626.548    2.020399e-06
41685.761    2.649238e-06
41744.975    3.009964e-06
41804.189    3.16619e-06
41863.403    3.038666e-06
41922.616    2.711692e-06
41981.83    2.54555e-06
42041.044    2.253657e-06
42100.258    1.821341e-06
42159.471    1.579963e-06
42218.685    1.768823e-06
42277.899    1.899281e-06
42337.113    2.148093e-06
42396.326    2.435258e-06
42455.54    2.351106e-06
42514.754    2.294928e-06
42573.968    2.453685e-06
42633.181    2.680815e-06
42692.395    2.445423e-06
42751.609    2.146073e-06
42810.823    1.932675e-06
42870.036    1.880793e-06
42929.25    2.165221e-06
42988.464    2.367274e-06
43047.678    2.319469e-06
43106.891    2.237967e-06
43166.105    2.256634e-06
43225.319    2.356242e-06
43284.533    2.353714e-06
43343.746    2.351393e-06
43402.96    1.730908e-06
43462.174    1.885709e-06
43521.388    2.133981e-06
43580.601    2.407486e-06
43639.815    2.883707e-06
43699.029    3.079157e-06
43758.243    3.16125e-06
43817.456    2.994138e-06
43876.67    2.557915e-06
43935.884    2.184245e-06
43995.098    1.94384e-06
44054.311    1.681829e-06
44113.525    1.70753e-06
44172.739    2.012139e-06
44231.953    2.195652e-06
44291.166    2.316322e-06
44350.38    2.302714e-06
44409.594    1.935033e-06
44468.808    1.875246e-06
44528.021    2.08429e-06
44587.235    2.350939e-06
44646.449    2.644869e-06
44705.663    2.592125e-06
44764.876    2.373387e-06
44824.09    2.017713e-06
44883.304    1.78331e-06
44942.518    1.86051e-06
45001.731    1.927889e-06
45060.945    1.934046e-06
45120.159    2.011416e-06
45179.373    2.15598e-06
45238.586    2.2078e-06
45297.8    2.121361e-06
45357.014    1.733813e-06
45416.228    1.755017e-06
45475.441    1.881426e-06
45534.655    1.805327e-06
45593.869    1.673719e-06
45653.083    1.428748e-06
45712.296    1.191671e-06
45771.51    1.317368e-06
45830.724    1.751015e-06
45889.938    1.770462e-06
45949.151    1.740725e-06
46008.365    1.619539e-06
46067.579    1.432061e-06
46126.793    1.221795e-06
46186.006    1.217134e-06
46245.22    1.415583e-06
46304.434    1.71356e-06
46363.648    1.836285e-06
46422.861    1.8518e-06
46482.075    1.684457e-06
46541.289    1.572745e-06
46600.503    2.293766e-06
46659.716    2.626671e-06
46718.93    2.704095e-06
46778.144    2.646403e-06
46837.358    2.342404e-06
46896.571    2.022284e-06
46955.785    1.719014e-06
47014.999    1.506697e-06
47074.213    1.275956e-06
47133.426    1.007968e-06
47192.64    1.239982e-06
47251.854    1.52471e-06
47311.068    1.846374e-06
47370.281    2.333517e-06
47429.495    2.175249e-06
47488.709    1.75657e-06
47547.923    1.49942e-06
47607.136    1.654496e-06
47666.35    1.7694e-06
47725.564    1.920944e-06
47784.778    2.211083e-06
47843.991    2.700316e-06
47903.205    2.609294e-06
47962.419    2.495876e-06
48021.633    2.374982e-06
48080.846    1.554244e-06
48140.06    1.261282e-06
48199.274    1.310004e-06
48258.488    1.407211e-06
48317.701    1.783382e-06
48376.915    1.971566e-06
48436.129    2.087568e-06
48495.343    2.038043e-06
48554.556    1.90679e-06
48613.77    1.680652e-06
48672.984    1.578848e-06
48732.198    1.24311e-06
48791.411    1.020854e-06
48850.625    1.134918e-06
48909.839    9.179362e-07
48969.053    9.897952e-07
49028.266    1.438236e-06
49087.48    1.701479e-06
49146.694    1.674551e-06
49205.908    1.710092e-06
49265.121    1.758129e-06
49324.335    1.895454e-06
49383.549    2.080937e-06
49442.763    2.13085e-06
49501.976    1.850171e-06
49561.19    1.462801e-06
49620.404    1.727226e-06
49679.618    1.90191e-06
49738.831    2.034554e-06
49798.045    1.88246e-06
49857.259    1.757257e-06
49916.473    1.766921e-06
49975.686    1.889599e-06
50034.9    2.185913e-06
50094.114    3.25271e-06
50153.328    3.475611e-06
50212.541    3.352736e-06
50271.755    2.984276e-06
50330.969    2.023012e-06
50390.183    1.748881e-06
50449.396    1.644718e-06
50508.61    1.632694e-06
50567.824    1.928603e-06
50627.038    2.1348e-06
50686.251    2.235127e-06
50745.465    2.220108e-06
50804.679    1.957131e-06
50863.893    1.650229e-06
50923.106    1.434156e-06
50982.32    1.150589e-06
51041.534    1.236923e-06
51100.748    1.791827e-06
51159.961    2.258372e-06
51219.175    2.595098e-06
51278.389    2.791707e-06
51337.603    2.435305e-06
51396.816    2.036859e-06
51456.03    1.923003e-06
51515.244    2.20475e-06
51574.458    3.393111e-06
51633.671    3.911062e-06
51692.885    4.204481e-06
51752.099    4.295175e-06
51811.313    3.687039e-06
51870.526    3.105373e-06
51929.74    2.555801e-06
51988.954    2.160957e-06
52048.168    1.796546e-06
52107.381    1.827663e-06
52166.595    1.885647e-06
52225.809    1.904054e-06
52285.023    1.835071e-06
52344.236    1.290144e-06
52403.45    6.116272e-07
52462.664    6.557574e-07
52521.878    1.377398e-06
52581.091    1.915366e-06
52640.305    2.653909e-06
52699.519    3.073704e-06
52758.733    2.714429e-06
52817.946    2.717882e-06
52877.16    2.782857e-06
52936.374    2.61796e-06
52995.588    2.335539e-06
53054.801    1.49125e-06
53114.015    1.308224e-06
53173.229    1.133526e-06
53232.443    7.779331e-07
53291.656    8.96633e-07
53350.87    1.034427e-06
53410.084    1.069707e-06
53469.298    1.169461e-06
53528.511    1.622589e-06
53587.725    1.918775e-06
53646.939    1.903468e-06
53706.153    1.765731e-06
53765.366    2.072983e-06
53824.58    2.338156e-06
53883.794    2.261259e-06
53943.008    1.989754e-06
54002.221    1.736691e-06
54061.435    1.783354e-06
54120.649    1.764982e-06
54179.863    1.718166e-06
54239.076    2.049468e-06
54298.29    2.224418e-06
54357.504    2.171717e-06
54416.718    1.943306e-06
54475.931    1.676768e-06
54535.145    1.518529e-06
54594.359    1.307381e-06
54653.573    1.246546e-06
54712.786    1.315201e-06
54772.0    1.094447e-06
54772.0    1.683541e-06
55535.808    1.705719e-06
56299.617    1.583138e-06
57063.425    1.44922e-06
57827.233    1.287807e-06
58591.041    1.103796e-06
59354.85    1.111612e-06
60118.658    1.132027e-06
60882.466    9.922192e-07
61646.275    9.595981e-07
62410.083    1.378853e-06
63173.891    2.129154e-06
63937.699    2.602157e-06
64701.508    2.424296e-06
65465.316    1.995846e-06
66229.124    1.532793e-06
66992.932    1.414854e-06
67756.741    1.892433e-06
68520.549    2.126118e-06
69284.357    1.894559e-06
70048.166    1.6663e-06
70811.974    1.384959e-06
71575.782    1.1934e-06
72339.59    1.210444e-06
73103.399    1.355805e-06
73867.207    1.453702e-06
74631.015    1.525433e-06
75394.824    1.609278e-06
76158.632    1.426359e-06
76922.44    1.195055e-06
77686.248    1.184578e-06
78450.057    1.269449e-06
79213.865    1.256865e-06
79977.673    1.139223e-06
80741.481    1.084731e-06
81505.29    1.084247e-06
82269.098    1.091613e-06
83032.906    1.107633e-06
83796.715    1.036256e-06
84560.523    9.296732e-07
85324.331    1.0343e-06
86088.139    1.147703e-06
86851.948    1.240514e-06
87615.756    1.389609e-06
88379.564    1.342062e-06
89143.373    1.193761e-06
89907.181    1.198396e-06
90670.989    1.132847e-06
91434.797    9.367508e-07
92198.606    8.84918e-07
92962.414    7.580184e-07
93726.222    5.875959e-07
94490.031    4.78063e-07
95253.839    4.833355e-07
96017.647    5.276286e-07
96781.455    5.530177e-07
97545.264    5.754768e-07
98309.072    6.6154e-07
99072.88    7.915071e-07
99836.688    8.452602e-07
100600.497    8.552337e-07
101364.305    8.277846e-07
102128.113    7.962213e-07
102891.922    8.123432e-07
103655.73    8.862202e-07
104419.538    1.009296e-06
105183.346    1.067951e-06
105947.155    1.066816e-06
106710.963    9.963298e-07
107474.771    8.583311e-07
108238.58    7.691957e-07
109002.388    7.181889e-07
109766.196    6.785127e-07
110530.004    6.547398e-07
111293.813    6.065599e-07
112057.621    5.578099e-07
112821.429    5.898776e-07
113585.237    7.511078e-07
114349.046    8.582535e-07
115112.854    7.792873e-07
115876.662    6.203063e-07
116640.471    5.26333e-07
117404.279    5.869178e-07
118168.087    7.701557e-07
118931.895    9.051244e-07
119695.704    8.60978e-07
120459.512    8.067291e-07
121223.32    8.07859e-07
121987.129    8.366229e-07
122750.937    1.014647e-06
123514.745    1.23051e-06
124278.553    1.303602e-06
125042.362    1.180693e-06
125806.17    9.736895e-07
126569.978    7.912627e-07
127333.786    7.796965e-07
128097.595    7.699015e-07
128861.403    7.729134e-07
129625.211    8.435209e-07
130389.02    7.567813e-07
131152.828    4.887057e-07
131916.636    3.625867e-07
132680.444    5.404776e-07
133444.253    7.297027e-07
134208.061    8.582792e-07
134971.869    1.33317e-06
135735.678    1.953555e-06
136499.486    2.38701e-06
137263.294    3.120336e-06
138027.102    3.796274e-06
138790.911    3.810471e-06
139554.719    3.542912e-06
140318.527    3.317296e-06
141082.336    2.832046e-06
141846.144    2.190847e-06
142609.952    2.02148e-06
143373.76    1.952028e-06
144137.569    1.338693e-06
144901.377    6.799699e-07
145665.185    5.238304e-07
146428.993    4.964859e-07
147192.802    5.48258e-07
147956.61    6.323656e-07
148720.418    6.349669e-07
149484.227    6.422201e-07
150248.035    5.915737e-07
151011.843    5.044403e-07
151775.651    4.295146e-07
152539.46    4.826756e-07
153303.268    5.982054e-07
154067.076    6.697613e-07
154830.885    6.578726e-07
155594.693    5.448006e-07
156358.501    4.564227e-07
157122.309    4.472478e-07
157886.118    4.383782e-07
158649.926    4.248111e-07
159413.734    4.559877e-07
160177.542    4.686333e-07
160941.351    5.403289e-07
161705.159    6.80718e-07
162468.967    7.388771e-07
163232.776    6.712858e-07
163996.584    6.119196e-07
164760.392    5.957214e-07
165524.2    5.59254e-07
166288.009    5.149285e-07
167051.817    4.660672e-07
167815.625    4.578409e-07
168579.434    4.262706e-07
169343.242    3.753265e-07
170107.05    3.791172e-07
170870.858    3.8986e-07
171634.667    3.575477e-07
172398.475    3.278146e-07
173162.283    3.719404e-07
173926.092    4.395492e-07
174689.9    5.494105e-07
175453.708    6.389647e-07
176217.516    6.54678e-07
176981.325    6.241572e-07
177745.133    5.710349e-07
178508.941    5.26997e-07
179272.749    5.594063e-07
180036.558    5.962605e-07
180800.366    6.63411e-07
181564.174    6.879804e-07
182327.983    6.130522e-07
183091.791    5.489958e-07
183855.599    5.31174e-07
184619.407    5.569369e-07
185383.216    5.760631e-07
186147.024    5.705123e-07
186910.832    5.259058e-07
187674.641    4.011362e-07
188438.449    3.21305e-07
189202.257    2.881483e-07
189966.065    2.856308e-07
190729.874    3.125278e-07
191493.682    3.239132e-07
192257.49    3.137461e-07
193021.298    3.473221e-07
193785.107    3.849045e-07
194548.915    3.357429e-07
195312.723    2.623137e-07
196076.532    2.899928e-07
196840.34    3.682591e-07
197604.148    3.848233e-07
198367.956    3.937253e-07
199131.765    4.171584e-07
199895.573    4.764662e-07
200659.381    5.321695e-07
201423.19    6.228445e-07
202186.998    7.048413e-07
202950.806    6.582309e-07
203714.614    5.91686e-07
204478.423    5.222298e-07
205242.231    4.195702e-07
206006.039    3.564617e-07
206769.847    3.600489e-07
207533.656    4.528906e-07
208297.464    5.084985e-07
209061.272    5.176703e-07
209825.081    4.860997e-07
210588.889    4.227202e-07
211352.697    3.893252e-07
212116.505    4.757528e-07
212880.314    4.984244e-07
213644.122    4.32129e-07
214407.93    4.031995e-07
215171.739    3.287471e-07
215935.547    2.958746e-07
216699.355    3.488685e-07
217463.163    3.90141e-07
218226.972    3.695249e-07
218990.78    3.334117e-07
219754.588    3.245988e-07
220518.397    2.859948e-07
221282.205    2.831718e-07
222046.013    3.090616e-07
222809.821    3.455322e-07
223573.63    4.185815e-07
224337.438    4.888314e-07
225101.246    4.773534e-07
225865.054    4.007148e-07
226628.863    3.374586e-07
227392.671    2.757324e-07
228156.479    2.325822e-07
228920.288    2.034743e-07
229684.096    2.635454e-07
230447.904    4.039483e-07
231211.712    4.903319e-07
231975.521    4.727138e-07
232739.329    3.368599e-07
233503.137    1.932796e-07
234266.946    1.725588e-07
235030.754    2.812207e-07
235794.562    3.690349e-07
236558.37    3.504437e-07
237322.179    2.830779e-07
238085.987    2.467616e-07
238849.795    2.536427e-07
239613.603    2.647813e-07
240377.412    2.586591e-07
241141.22    2.661717e-07
241905.028    3.05421e-07
242668.837    3.344926e-07
243432.645    3.322025e-07
244196.453    3.141678e-07
244960.261    3.026451e-07
245724.07    3.162333e-07
246487.878    3.151294e-07
247251.686    3.496325e-07
248015.495    4.124276e-07
248779.303    4.177675e-07
249543.111    3.826529e-07
250306.919    3.337353e-07
251070.728    2.603537e-07
251834.536    1.809074e-07
252598.344    2.322339e-07
253362.153    3.56424e-07
254125.961    4.895603e-07
254889.769    5.767311e-07
255653.577    5.507628e-07
256417.386    4.697047e-07
257181.194    3.942759e-07
257945.002    3.157627e-07
258708.81    2.646179e-07
259472.619    2.839703e-07
260236.427    3.163345e-07
261000.235    3.030895e-07
261764.044    2.619451e-07
262527.852    2.718883e-07
263291.66    2.970563e-07
264055.468    2.621017e-07
264819.277    1.910207e-07
265583.085    1.395252e-07
266346.893    1.498713e-07
267110.702    2.221241e-07
267874.51    2.782521e-07
268638.318    2.856254e-07
269402.126    2.79432e-07
270165.935    2.81578e-07
270929.743    2.911744e-07
271693.551    3.448389e-07
272457.359    4.259148e-07
273221.168    4.215292e-07
273984.976    3.564883e-07
274748.784    3.173501e-07
275512.593    3.219556e-07
276276.401    3.894149e-07
277040.209    4.11612e-07
277804.017    3.864247e-07
278567.826    3.541382e-07
279331.634    3.204611e-07
280095.442    3.187438e-07
280859.251    3.315769e-07
281623.059    3.659972e-07
282386.867    4.233304e-07
283150.675    4.576399e-07
283914.484    4.890671e-07
284678.292    4.777126e-07
285442.1    4.145244e-07
286205.908    3.141689e-07
286969.717    2.484494e-07
287733.525    2.319962e-07
288497.333    2.129649e-07
289261.142    2.472512e-07
290024.95    2.998213e-07
290788.758    3.08911e-07
291552.566    2.766305e-07
292316.375    2.365225e-07
293080.183    2.208564e-07
293843.991    2.200926e-07
294607.8    2.300888e-07
295371.608    2.610603e-07
296135.416    3.099211e-07
296899.224    3.521638e-07
297663.033    4.120294e-07
298426.841    4.687071e-07
299190.649    4.416541e-07
299954.458    3.731511e-07
300718.266    3.533874e-07
301482.074    3.222803e-07
302245.882    2.850941e-07
303009.691    3.121831e-07
303773.499    3.328256e-07
304537.307    3.040649e-07
305301.115    2.445088e-07
306064.924    1.889393e-07
306828.732    1.588692e-07
307592.54    1.887455e-07
308356.349    2.314988e-07
309120.157    2.827955e-07
309883.965    3.391303e-07
310647.773    3.697717e-07
311411.582    3.574273e-07
312175.39    2.918341e-07
312939.198    2.295248e-07
313703.007    2.086271e-07
314466.815    2.45408e-07
315230.623    3.076213e-07
315994.431    3.373273e-07
316758.24    3.625504e-07
317522.048    3.595783e-07
318285.856    3.299172e-07
319049.664    3.000487e-07
319813.473    2.650627e-07
320577.281    2.462554e-07
321341.089    2.510946e-07
322104.898    2.238665e-07
322868.706    1.828884e-07
323632.514    1.75976e-07
324396.322    1.680604e-07
325160.131    1.439444e-07
325923.939    1.33139e-07
326687.747    1.492259e-07
327451.556    1.720572e-07
328215.364    2.149488e-07
328979.172    2.239562e-07
329742.98    2.143553e-07
330506.789    2.285585e-07
331270.597    2.589044e-07
332034.405    2.932208e-07
332798.214    3.204786e-07
333562.022    3.309703e-07
334325.83    3.063057e-07
335089.638    2.766476e-07
335853.447    2.701527e-07
336617.255    2.709944e-07
337381.063    2.725157e-07
338144.871    2.661684e-07
338908.68    2.533941e-07
339672.488    2.276972e-07
340436.296    2.132557e-07
341200.105    2.200648e-07
341963.913    2.542644e-07
342727.721    2.90031e-07
343491.529    2.951808e-07
344255.338    2.738531e-07
345019.146    2.479146e-07
345782.954    2.262208e-07
346546.763    2.028196e-07
347310.571    1.693964e-07
348074.379    1.44592e-07
348838.187    1.225582e-07
349601.996    1.114153e-07
350365.804    1.483244e-07
351129.612    1.960739e-07
351893.42    1.973798e-07
352657.229    1.789904e-07
353421.037    1.614702e-07
354184.845    1.849762e-07
354948.654    2.651691e-07
355712.462    3.500513e-07
356476.27    3.981213e-07
357240.078    3.854073e-07
358003.887    3.234921e-07
358767.695    2.464511e-07
359531.503    2.045442e-07
360295.312    2.16773e-07
361059.12    2.458522e-07
361822.928    2.364286e-07
362586.736    2.041157e-07
363350.545    1.954598e-07
364114.353    2.346368e-07
364878.161    2.709891e-07
365641.969    3.073452e-07
366405.778    3.291692e-07
367169.586    3.033158e-07
367933.394    2.848228e-07
368697.203    2.608268e-07
369461.011    2.482464e-07
370224.819    2.851136e-07
370988.627    3.239529e-07
371752.436    3.282648e-07
372516.244    3.357667e-07
373280.052    3.539199e-07
374043.861    3.602972e-07
374807.669    3.760039e-07
375571.477    3.522617e-07
376335.285    2.721663e-07
377099.094    1.843157e-07
377862.902    1.461636e-07
378626.71    1.688378e-07
379390.519    1.733582e-07
380154.327    1.590986e-07
380918.135    1.2648e-07
381681.943    1.177206e-07
382445.752    1.507248e-07
383209.56    1.699597e-07
383973.368    1.856303e-07
384737.176    2.357155e-07
385500.985    3.056605e-07
386264.793    3.159939e-07
387028.601    2.624178e-07
387792.41    1.927748e-07
388556.218    1.381402e-07
389320.026    1.490885e-07
390083.834    1.767972e-07
390847.643    2.086573e-07
391611.451    2.044069e-07
392375.259    1.895742e-07
393139.068    1.737185e-07
393902.876    1.695667e-07
394666.684    1.641405e-07
395430.492    1.643359e-07
396194.301    1.640921e-07
396958.109    1.555956e-07
397721.917    1.529726e-07
398485.725    1.471236e-07
399249.534    1.603165e-07
400013.342    1.577656e-07
400777.15    1.178984e-07
401540.959    1.232333e-07
402304.767    1.635109e-07
403068.575    2.240985e-07
403832.383    2.690485e-07
404596.192    2.805283e-07
405360.0    2.725514e-07
405360.0    2.00551e-07
411465.035    2.377273e-07
417570.071    2.588632e-07
423675.106    2.658513e-07
429780.141    2.581958e-07
435885.176    2.112099e-07
441990.212    1.359084e-07
448095.247    1.245403e-07
454200.282    1.783246e-07
460305.318    2.240365e-07
466410.353    2.674917e-07
472515.388    2.880652e-07
478620.424    2.764624e-07
484725.459    2.572513e-07
490830.494    2.218882e-07
496935.529    1.842398e-07
503040.565    1.727396e-07
509145.6    1.692258e-07
515250.635    1.851802e-07
521355.671    2.099606e-07
527460.706    1.783987e-07
533565.741    1.230667e-07
539670.776    1.148482e-07
545775.812    1.264216e-07
551880.847    1.713632e-07
557985.882    2.258253e-07
564090.918    2.232258e-07
570195.953    1.768112e-07
576300.988    1.516576e-07
582406.024    1.48342e-07
588511.059    1.390489e-07
594616.094    1.491582e-07
600721.129    1.749608e-07
606826.165    1.975546e-07
612931.2    2.101806e-07
619036.235    2.140131e-07
625141.271    2.211716e-07
631246.306    2.243352e-07
637351.341    2.09655e-07
643456.376    1.927525e-07
649561.412    1.794867e-07
655666.447    1.617663e-07
661771.482    1.525075e-07
667876.518    1.502851e-07
673981.553    1.459874e-07
680086.588    1.480744e-07
686191.624    1.486833e-07
692296.659    1.38443e-07
698401.694    1.302107e-07
704506.729    1.283123e-07
710611.765    1.362586e-07
716716.8    1.442124e-07
722821.835    1.450327e-07
728926.871    1.299727e-07
735031.906    1.119504e-07
741136.941    9.437385e-08
747241.976    8.505157e-08
753347.012    8.771672e-08
759452.047    9.007855e-08
765557.082    8.8988e-08
771662.118    8.355211e-08
777767.153    6.759601e-08
783872.188    4.87159e-08
789977.224    4.341317e-08
796082.259    4.602983e-08
802187.294    5.359264e-08
808292.329    6.127136e-08
814397.365    7.138559e-08
820502.4    8.024549e-08
826607.435    7.875489e-08
832712.471    7.077466e-08
838817.506    6.307833e-08
844922.541    6.056671e-08
851027.576    6.476847e-08
857132.612    7.321462e-08
863237.647    8.554653e-08
869342.682    9.514407e-08
875447.718    9.571699e-08
881552.753    8.944817e-08
887657.788    8.338289e-08
893762.824    7.950572e-08
899867.859    7.370055e-08
905972.894    7.352431e-08
912077.929    8.600046e-08
918182.965    1.012825e-07
924288.0    1.065931e-07
930393.035    1.032607e-07
936498.071    9.572329e-08
942603.106    8.329587e-08
948708.141    7.467693e-08
954813.176    7.495972e-08
960918.212    7.109129e-08
967023.247    6.056595e-08
973128.282    5.005642e-08
979233.318    4.486872e-08
985338.353    4.355505e-08
991443.388    5.768547e-08
997548.424    7.133771e-08
1003653.459    7.111125e-08
1009758.494    6.432406e-08
1015863.529    6.081297e-08
1021968.565    6.036336e-08
1028073.6    6.721323e-08
1034178.635    7.613001e-08
1040283.671    7.601678e-08
1046388.706    7.156966e-08
1052493.741    7.797138e-08
1058598.776    9.046617e-08
1064703.812    9.183505e-08
1070808.847    8.755158e-08
1076913.882    9.213257e-08
1083018.918    1.024434e-07
1089123.953    1.123928e-07
1095228.988    1.28467e-07
1101334.024    1.418015e-07
1107439.059    1.413659e-07
1113544.094    1.38027e-07
1119649.129    1.303301e-07
1125754.165    1.114571e-07
1131859.2    1.09842e-07
1137964.235    1.319397e-07
1144069.271    1.540507e-07
1150174.306    1.676683e-07
1156279.341    1.687107e-07
1162384.376    1.545367e-07
1168489.412    1.352678e-07
1174594.447    1.258558e-07
1180699.482    1.402568e-07
1186804.518    1.758751e-07
1192909.553    1.95118e-07
1199014.588    1.94032e-07
1205119.624    2.071759e-07
1211224.659    2.263669e-07
1217329.694    2.183702e-07
1223434.729    1.960902e-07
1229539.765    1.702801e-07
1235644.8    1.190719e-07
1241749.835    1.029222e-07
1247854.871    1.533664e-07
1253959.906    1.877703e-07
1260064.941    1.754588e-07
1266169.976    1.454631e-07
1272275.012    1.389979e-07
1278380.047    1.647959e-07
1284485.082    1.903431e-07
1290590.118    2.033807e-07
1296695.153    2.331165e-07
1302800.188    2.815683e-07
1308905.224    3.08944e-07
1315010.259    2.883149e-07
1321115.294    2.339618e-07
1327220.329    1.771206e-07
1333325.365    1.351121e-07
1339430.4    1.235841e-07
1345535.435    1.449419e-07
1351640.471    1.720383e-07
1357745.506    1.937431e-07
1363850.541    2.007507e-07
1369955.576    1.756004e-07
1376060.612    1.335668e-07
1382165.647    1.055457e-07
1388270.682    8.545924e-08
1394375.718    7.300711e-08
1400480.753    8.842903e-08
1406585.788    1.134142e-07
1412690.824    1.456024e-07
1418795.859    1.752085e-07
1424900.894    1.850217e-07
1431005.929    1.754481e-07
1437110.965    1.505059e-07
1443216.0    1.085254e-07
1449321.035    8.187158e-08
1455426.071    1.165586e-07
1461531.106    1.611091e-07
1467636.141    1.780154e-07
1473741.176    1.643642e-07
1479846.212    1.336638e-07
1485951.247    1.051716e-07
1492056.282    9.011072e-08
1498161.318    8.47235e-08
1504266.353    8.715809e-08
1510371.388    9.338581e-08
1516476.424    1.003813e-07
1522581.459    1.063544e-07
1528686.494    1.194037e-07
1534791.529    1.282975e-07
1540896.565    1.222157e-07
1547001.6    1.112016e-07
1553106.635    1.100135e-07
1559211.671    1.009669e-07
1565316.706    8.845896e-08
1571421.741    8.745796e-08
1577526.776    8.827763e-08
1583631.812    7.936301e-08
1589736.847    7.613217e-08
1595841.882    8.869294e-08
1601946.918    1.069467e-07
1608051.953    1.218734e-07
1614156.988    1.270917e-07
1620262.024    1.098535e-07
1626367.059    6.754669e-08
1632472.094    4.754276e-08
1638577.129    6.473007e-08
1644682.165    7.314432e-08
1650787.2    6.91167e-08
1656892.235    6.07274e-08
1662997.271    6.572585e-08
1669102.306    8.031953e-08
1675207.341    8.888756e-08
1681312.376    9.425066e-08
1687417.412    9.159815e-08
1693522.447    8.886855e-08
1699627.482    9.39969e-08
1705732.518    9.686934e-08
1711837.553    9.538174e-08
1717942.588    9.739311e-08
1724047.624    9.656679e-08
1730152.659    8.477173e-08
1736257.694    7.674475e-08
1742362.729    8.986103e-08
1748467.765    1.132548e-07
1754572.8    1.256887e-07
1760677.835    1.246341e-07
1766782.871    1.267981e-07
1772887.906    1.319586e-07
1778992.941    1.23575e-07
1785097.976    1.06948e-07
1791203.012    1.000887e-07
1797308.047    1.055671e-07
1803413.082    1.065825e-07
1809518.118    1.067312e-07
1815623.153    1.093241e-07
1821728.188    1.040501e-07
1827833.224    9.26048e-08
1833938.259    8.519524e-08
1840043.294    8.807105e-08
1846148.329    1.081194e-07
1852253.365    1.416243e-07
1858358.4    1.605311e-07
1864463.435    1.591855e-07
1870568.471    1.568788e-07
1876673.506    1.55556e-07
1882778.541    1.541793e-07
1888883.576    1.654181e-07
1894988.612    1.86624e-07
1901093.647    2.032954e-07
1907198.682    2.113944e-07
1913303.718    2.121509e-07
1919408.753    2.003881e-07
1925513.788    1.72329e-07
1931618.824    1.418736e-07
1937723.859    1.281877e-07
1943828.894    1.341774e-07
1949933.929    1.482074e-07
1956038.965    1.584796e-07
1962144.0    1.62103e-07
1968249.035    1.62148e-07
1974354.071    1.561677e-07
1980459.106    1.452386e-07
1986564.141    1.396668e-07
1992669.176    1.394978e-07
1998774.212    1.299658e-07
2004879.247    1.110777e-07
2010984.282    9.463675e-08
2017089.318    8.767314e-08
2023194.353    9.21668e-08
2029299.388    9.785645e-08
2035404.424    9.04953e-08
2041509.459    7.284945e-08
2047614.494    6.32939e-08
2053719.529    6.778367e-08
2059824.565    7.580255e-08
2065929.6    8.309442e-08
2072034.635    8.570694e-08
2078139.671    8.912269e-08
2084244.706    9.76957e-08
2090349.741    1.12897e-07
2096454.776    1.254822e-07
2102559.812    1.280089e-07
2108664.847    1.271071e-07
2114769.882    1.189161e-07
2120874.918    1.003253e-07
2126979.953    8.80969e-08
2133084.988    8.744406e-08
2139190.024    9.730459e-08
2145295.059    1.11116e-07
2151400.094    1.185465e-07
2157505.129    1.129223e-07
2163610.165    1.070022e-07
2169715.2    1.073545e-07
2175820.235    1.112704e-07
2181925.271    1.173226e-07
2188030.306    1.253668e-07
2194135.341    1.317524e-07
2200240.376    1.323876e-07
2206345.412    1.223001e-07
2212450.447    1.11187e-07
2218555.482    1.048081e-07
2224660.518    9.458866e-08
2230765.553    9.059029e-08
2236870.588    8.891583e-08
2242975.624    7.027793e-08
2249080.659    5.372779e-08
2255185.694    6.073208e-08
2261290.729    6.538541e-08
2267395.765    7.081039e-08
2273500.8    8.927537e-08
2279605.835    1.126665e-07
2285710.871    1.284345e-07
2291815.906    1.322099e-07
2297920.941    1.24351e-07
2304025.976    1.020253e-07
2310131.012    8.091678e-08
2316236.047    9.193206e-08
2322341.082    1.041528e-07
2328446.118    9.658174e-08
2334551.153    9.055895e-08
2340656.188    1.010812e-07
2346761.224    1.089444e-07
2352866.259    1.095237e-07
2358971.294    1.130116e-07
2365076.329    1.155808e-07
2371181.365    1.111162e-07
2377286.4    9.943786e-08
2383391.435    8.24656e-08
2389496.471    7.15925e-08
2395601.506    7.816264e-08
2401706.541    8.268181e-08
2407811.576    8.746736e-08
2413916.612    9.625152e-08
2420021.647    9.89837e-08
2426126.682    9.309237e-08
2432231.718    8.760998e-08
2438336.753    8.551033e-08
2444441.788    8.665239e-08
2450546.824    8.875846e-08
2456651.859    8.286072e-08
2462756.894    6.952096e-08
2468861.929    5.903491e-08
2474966.965    6.155049e-08
2481072.0    7.10103e-08
2487177.035    8.046565e-08
2493282.071    8.455578e-08
2499387.106    8.635052e-08
2505492.141    9.323914e-08
2511597.176    1.068551e-07
2517702.212    1.207307e-07
2523807.247    1.224936e-07
2529912.282    1.144006e-07
2536017.318    1.073637e-07
2542122.353    1.043028e-07
2548227.388    9.837975e-08
2554332.424    7.924952e-08
2560437.459    7.207477e-08
2566542.494    9.244074e-08
2572647.529    1.105628e-07
2578752.565    1.214803e-07
2584857.6    1.255292e-07
2590962.635    1.228836e-07
2597067.671    1.145777e-07
2603172.706    1.037728e-07
2609277.741    1.039812e-07
2615382.776    1.187699e-07
2621487.812    1.312304e-07
2627592.847    1.305626e-07
2633697.882    1.15981e-07
2639802.918    9.755634e-08
2645907.953    8.746073e-08
2652012.988    8.348383e-08
2658118.024    8.361311e-08
2664223.059    8.987411e-08
2670328.094    9.868649e-08
2676433.129    9.983998e-08
2682538.165    9.909996e-08
2688643.2    1.05984e-07
2694748.235    1.188489e-07
2700853.271    1.300324e-07
2706958.306    1.319656e-07
2713063.341    7.294209e-08
2719168.376    9.314001e-08
2725273.412    1.00009e-07
2731378.447    8.801949e-08
2737483.482    6.563566e-08
2743588.518    4.536602e-08
2749693.553    4.249364e-08
2755798.588    5.195272e-08
2761903.624    6.80814e-08
2768008.659    9.415704e-08
2774113.694    1.241669e-07
2780218.729    1.429733e-07
2786323.765    1.406452e-07
2792428.8    1.245179e-07
2798533.835    1.027039e-07
2804638.871    7.393665e-08
2810743.906    5.621573e-08
2816848.941    6.942012e-08
2822953.976    7.704678e-08
2829059.012    7.481073e-08
2835164.047    7.309566e-08
2841269.082    7.128473e-08
2847374.118    7.568141e-08
2853479.153    8.212916e-08
2859584.188    7.784429e-08
2865689.224    7.423604e-08
2871794.259    8.687041e-08
2877899.294    9.672574e-08
2884004.329    9.704202e-08
2890109.365    1.010193e-07
2896214.4    1.077197e-07
2902319.435    1.039996e-07
2908424.471    9.622662e-08
2914529.506    1.019636e-07
2920634.541    1.107948e-07
2926739.576    1.071638e-07
2932844.612    9.656488e-08
2938949.647    9.411453e-08
2945054.682    9.311842e-08
2951159.718    9.252621e-08
2957264.753    1.074648e-07
2963369.788    1.352233e-07
2969474.824    1.662894e-07
2975579.859    1.872893e-07
2981684.894    1.844691e-07
2987789.929    1.651697e-07
2993894.965    1.384993e-07
3000000.0    1.074116e-07
