# AG4395A Measurement
# Timestamp: Dec 17 2014 - 17:51:47
# Parameter File: SPAG4395Atemplate.yml
1000.0    1.412676e-05
1008.001    2.721412e-05
1016.003    3.488396e-05
1024.004    3.568973e-05
1032.005    3.419827e-05
1040.006    2.654355e-05
1048.008    4.003005e-06
1056.009    1.510699e-06
1064.01    1.250282e-06
1072.011    1.321528e-06
1080.013    1.125687e-06
1088.014    9.098334e-07
1096.015    1.006866e-06
1104.016    1.27245e-06
1112.018    1.48625e-06
1120.019    1.248866e-05
1128.02    2.64594e-05
1136.021    3.600335e-05
1144.023    3.812357e-05
1152.024    3.696702e-05
1160.025    2.98241e-05
1168.026    5.069992e-06
1176.028    1.53971e-06
1184.029    1.19433e-06
1192.03    9.30818e-07
1200.031    8.235967e-07
1208.033    6.388466e-07
1216.034    7.06095e-07
1224.035    1.13897e-06
1232.036    1.64103e-06
1240.038    3.250177e-06
1248.039    6.076192e-06
1256.04    8.385681e-06
1264.041    9.104063e-06
1272.043    9.105269e-06
1280.044    7.791887e-06
1288.045    1.846502e-06
1296.046    8.758627e-07
1304.048    7.176287e-07
1312.049    9.748936e-07
1320.05    9.878196e-07
1328.051    8.782461e-07
1336.053    8.06898e-07
1344.054    7.198456e-07
1352.055    7.762648e-07
1360.056    4.003487e-06
1368.058    9.166083e-06
1376.059    1.515185e-05
1384.06    1.511681e-05
1392.061    1.479843e-05
1400.063    8.100229e-06
1408.064    3.272413e-06
1416.065    1.064375e-06
1424.066    6.414634e-07
1432.068    6.777151e-07
1440.069    6.233487e-07
1448.07    6.099914e-07
1456.071    6.146723e-07
1464.073    4.881925e-07
1472.074    9.089663e-07
1480.075    2.468856e-06
1488.076    5.906169e-06
1496.078    1.042511e-05
1504.079    1.038987e-05
1512.08    1.017094e-05
1520.081    5.927862e-06
1528.083    2.485628e-06
1536.084    8.311158e-07
1544.085    3.6337e-07
1552.086    5.858921e-07
1560.088    6.374118e-07
1568.089    6.331914e-07
1576.09    7.240171e-07
1584.091    6.627678e-07
1592.093    5.038696e-07
1600.094    7.346482e-07
1608.095    2.434111e-06
1616.096    5.222462e-06
1624.098    5.317946e-06
1632.099    5.35164e-06
1640.1    3.623737e-06
1648.101    1.798189e-06
1656.103    9.216398e-07
1664.104    7.272782e-07
1672.105    7.500528e-07
1680.106    7.572555e-07
1688.108    6.244915e-07
1696.109    5.553708e-07
1704.11    3.63115e-07
1712.111    3.503373e-07
1720.113    1.122872e-06
1728.114    6.143794e-06
1736.115    7.613498e-06
1744.116    7.885825e-06
1752.118    7.364397e-06
1760.119    5.33346e-06
1768.12    2.465477e-06
1776.121    5.880971e-07
1784.123    6.273322e-07
1792.124    7.767957e-07
1800.125    7.973604e-07
1808.126    7.473822e-07
1816.128    7.414367e-07
1824.129    4.674933e-07
1832.13    3.833962e-07
1840.131    4.301684e-07
1848.133    1.317021e-06
1856.134    1.665728e-06
1864.135    1.737833e-06
1872.136    1.762922e-06
1880.138    1.454764e-06
1888.139    9.439456e-07
1896.14    5.107562e-07
1904.141    4.281723e-07
1912.143    3.608648e-07
1920.144    2.25352e-07
1928.145    2.514458e-07
1936.146    3.10857e-07
1944.148    3.733447e-07
1952.149    4.335031e-07
1960.15    5.073199e-07
1968.151    2.314253e-06
1976.153    3.055565e-06
1984.154    3.230389e-06
1992.155    3.061861e-06
2000.156    2.383661e-06
2008.158    1.292333e-06
2016.159    5.297916e-07
2024.16    4.691628e-07
2032.161    4.374606e-07
2040.163    5.571839e-07
2048.164    6.21275e-07
2056.165    6.599175e-07
2064.166    5.574957e-07
2072.168    4.765878e-07
2080.169    3.775808e-07
2088.17    2.139338e-06
2096.171    3.114047e-06
2104.173    3.454949e-06
2112.174    3.45159e-06
2120.175    2.953428e-06
2128.176    9.074111e-07
2136.178    5.810985e-07
2144.179    5.299233e-07
2152.18    5.072428e-07
2160.181    4.59441e-07
2168.183    4.138772e-07
2176.184    3.828942e-07
2184.185    3.070124e-07
2192.186    2.93382e-07
2200.188    8.022291e-07
2208.189    1.831282e-06
2216.19    2.749174e-06
2224.191    3.139998e-06
2232.193    3.130425e-06
2240.194    2.759262e-06
2248.195    8.5293e-07
2256.196    4.06595e-07
2264.198    3.487051e-07
2272.199    4.23738e-07
2280.2    3.649523e-07
2288.201    3.059765e-07
2296.203    3.336013e-07
2304.204    3.629181e-07
2312.205    4.167476e-07
2320.206    7.833501e-07
2328.208    2.156719e-06
2336.209    3.498968e-06
2344.21    4.070814e-06
2352.211    4.044145e-06
2360.213    3.581175e-06
2368.214    8.42956e-07
2376.215    3.134043e-07
2384.216    3.446557e-07
2392.218    2.83666e-07
2400.219    2.86098e-07
2408.22    3.212229e-07
2416.221    3.746306e-07
2424.223    3.401402e-07
2432.224    3.306934e-07
2440.225    6.303228e-07
2448.226    1.512906e-06
2456.228    2.944919e-06
2464.229    3.020123e-06
2472.23    3.050488e-06
2480.231    2.05279e-06
2488.233    1.054167e-06
2496.234    5.082691e-07
2504.235    3.479773e-07
2512.236    3.776773e-07
2520.238    3.860341e-07
2528.239    3.894953e-07
2536.24    3.707724e-07
2544.241    3.126863e-07
2552.243    3.603291e-07
2560.244    4.935108e-07
2568.245    8.574716e-07
2576.246    1.48678e-06
2584.248    1.476119e-06
2592.249    1.435015e-06
2600.25    9.21412e-07
2608.251    5.318316e-07
2616.253    3.819126e-07
2624.254    2.706149e-07
2632.255    3.247676e-07
2640.256    3.724275e-07
2648.258    3.573113e-07
2656.259    3.495484e-07
2664.26    3.661467e-07
2672.261    4.176608e-07
2680.263    3.840242e-07
2688.264    4.756641e-07
2696.265    1.421185e-06
2704.266    1.612324e-06
2712.268    1.715643e-06
2720.269    1.431826e-06
2728.27    9.410266e-07
2736.271    5.628698e-07
2744.273    3.704574e-07
2752.274    4.203231e-07
2760.275    4.504582e-07
2768.276    4.757211e-07
2776.278    4.983139e-07
2784.279    4.997088e-07
2792.28    4.941725e-07
2800.281    5.280068e-07
2808.283    1.737116e-06
2816.284    2.252541e-06
2824.285    2.342186e-06
2832.286    2.195922e-06
2840.288    1.728314e-06
2848.289    9.410073e-07
2856.29    3.596555e-07
2864.291    3.022673e-07
2872.293    2.705915e-07
2880.294    2.378617e-07
2888.295    2.559308e-07
2896.296    3.368745e-07
2904.298    3.723803e-07
2912.299    3.903261e-07
2920.3    2.424344e-07
2928.301    2.623079e-06
2936.303    3.801056e-06
2944.304    4.133147e-06
2952.305    4.095559e-06
2960.306    3.425335e-06
2968.308    2.038264e-06
2976.309    4.407212e-07
2984.31    3.102182e-07
2992.311    2.486487e-07
3000.313    1.541651e-07
3008.314    1.573582e-07
3016.315    1.869348e-07
3024.316    3.069869e-07
3032.318    4.564758e-07
3040.319    6.396789e-07
3048.32    1.67177e-06
3056.321    2.242807e-06
3064.323    2.375688e-06
3072.324    2.264817e-06
3080.325    1.942272e-06
3088.326    1.231458e-06
3096.328    4.471422e-07
3104.329    3.428696e-07
3112.33    3.355985e-07
3120.331    4.334103e-07
3128.333    4.198367e-07
3136.334    3.899556e-07
3144.335    2.048783e-07
3152.336    1.363786e-07
3160.338    2.28787e-07
3168.339    1.92027e-06
3176.34    2.892656e-06
3184.341    3.115422e-06
3192.343    3.017046e-06
3200.344    2.586213e-06
3208.345    5.349014e-07
3216.346    2.080435e-07
3224.348    1.850167e-07
3232.349    3.561948e-07
3240.35    3.339672e-07
3248.351    2.987871e-07
3256.353    3.402517e-07
3264.354    3.242366e-07
3272.355    2.979944e-07
3280.356    7.847839e-07
3288.358    2.167552e-06
3296.359    3.566765e-06
3304.36    4.241601e-06
3312.361    4.262627e-06
3320.363    3.930439e-06
3328.364    1.412962e-06
3336.365    7.076116e-07
3344.366    5.066294e-07
3352.368    3.324593e-07
3360.369    2.772913e-07
3368.37    2.51387e-07
3376.371    2.588648e-07
3384.373    2.619503e-07
3392.374    4.082841e-07
3400.375    9.151045e-07
3408.376    1.775595e-06
3416.378    2.803972e-06
3424.379    3.199618e-06
3432.38    3.06889e-06
3440.381    2.78539e-06
3448.383    9.400046e-07
3456.384    3.982684e-07
3464.385    2.583108e-07
3472.386    2.13182e-07
3480.388    2.312824e-07
3488.389    2.359436e-07
3496.39    3.979633e-07
3504.391    3.870218e-07
3512.393    3.984554e-07
3520.394    7.554093e-07
3528.395    2.30787e-06
3536.396    5.289062e-06
3544.398    5.451814e-06
3552.399    5.460822e-06
3560.4    3.91174e-06
3568.401    2.002527e-06
3576.403    7.265866e-07
3584.404    3.231163e-07
3592.405    3.789802e-07
3600.406    4.03176e-07
3608.408    4.493592e-07
3616.409    4.79923e-07
3624.41    4.573858e-07
3632.411    5.634375e-07
3640.413    8.151956e-07
3648.414    1.740461e-06
3656.415    3.913115e-06
3664.416    4.012234e-06
3672.418    3.92957e-06
3680.419    2.955509e-06
3688.42    1.659299e-06
3696.421    7.183924e-07
3704.423    2.919519e-07
3712.424    2.731484e-07
3720.425    2.719417e-07
3728.426    2.262076e-07
3736.428    2.871858e-07
3744.429    3.234218e-07
3752.43    3.776783e-07
3760.431    4.284117e-07
3768.433    1.116591e-06
3776.434    3.221907e-06
3784.435    3.402691e-06
3792.436    3.374576e-06
3800.438    2.69357e-06
3808.439    1.555007e-06
3816.44    6.058546e-07
3824.441    1.257882e-07
3832.443    1.566763e-07
3840.444    1.470386e-07
3848.445    1.961678e-07
3856.446    3.118434e-07
3864.448    3.110973e-07
3872.449    2.207296e-07
3880.45    2.856692e-07
3888.451    8.572163e-07
3896.453    2.958214e-06
3904.454    3.202378e-06
3912.455    3.085225e-06
3920.456    2.580696e-06
3928.458    1.488963e-06
3936.459    2.502427e-07
3944.46    1.99196e-07
3952.461    2.088797e-07
3960.463    2.728331e-07
3968.464    2.604087e-07
3976.465    2.450577e-07
3984.466    1.617591e-07
3992.468    2.467146e-07
4000.469    4.009225e-07
4008.47    2.123407e-06
4016.471    3.089763e-06
4024.473    3.332038e-06
4032.474    3.085486e-06
4040.475    2.651467e-06
4048.476    1.626224e-06
4056.478    5.132783e-07
4064.479    4.133298e-07
4072.48    2.995747e-07
4080.481    3.035856e-07
4088.483    3.106636e-07
4096.484    3.262213e-07
4104.485    2.738615e-07
4112.486    2.025913e-07
4120.488    1.528084e-07
4128.489    1.305178e-06
4136.49    2.140642e-06
4144.491    2.459162e-06
4152.493    2.422327e-06
4160.494    2.232289e-06
4168.495    1.574138e-06
4176.496    5.038573e-07
4184.498    4.355833e-07
4192.499    4.703674e-07
4200.5    4.659824e-07
4208.501    4.05155e-07
4216.503    3.982751e-07
4224.504    3.358824e-07
4232.505    2.632905e-07
4240.506    2.402327e-07
4248.508    1.411602e-06
4256.509    2.425486e-06
4264.51    2.949537e-06
4272.511    2.902513e-06
4280.513    2.628454e-06
4288.514    9.15239e-07
4296.515    5.82173e-07
4304.516    5.104783e-07
4312.518    3.597914e-07
4320.519    3.479515e-07
4328.52    2.92533e-07
4336.521    2.583344e-07
4344.523    2.579796e-07
4352.524    2.472704e-07
4360.525    3.89183e-07
4368.526    1.132083e-06
4376.528    2.062189e-06
4384.529    2.581327e-06
4392.53    2.522126e-06
4400.531    2.324856e-06
4408.533    8.17557e-07
4416.534    4.02037e-07
4424.535    3.297251e-07
4432.536    2.537988e-07
4440.538    2.771517e-07
4448.539    3.353441e-07
4456.54    4.148872e-07
4464.541    3.269435e-07
4472.543    2.384812e-07
4480.544    5.297428e-07
4488.545    1.33231e-06
4496.546    2.485508e-06
4504.548    3.309592e-06
4512.549    3.274509e-06
4520.55    3.124759e-06
4528.551    1.368026e-06
4536.553    6.248932e-07
4544.554    3.804171e-07
4552.555    2.910508e-07
4560.556    3.959043e-07
4568.558    5.026301e-07
4576.559    6.285558e-07
4584.56    5.732715e-07
4592.561    5.122082e-07
4600.563    7.177394e-07
4608.564    1.309397e-06
4616.565    2.99694e-06
4624.566    3.063778e-06
4632.568    2.951936e-06
4640.569    2.286152e-06
4648.57    1.316791e-06
4656.571    5.813064e-07
4664.573    3.800605e-07
4672.574    4.354205e-07
4680.575    4.782186e-07
4688.576    4.626978e-07
4696.578    4.974143e-07
4704.579    4.739069e-07
4712.58    4.926975e-07
4720.581    6.377757e-07
4728.583    1.165606e-06
4736.584    2.856765e-06
4744.585    2.967164e-06
4752.586    2.878051e-06
4760.588    2.400509e-06
4768.589    1.547399e-06
4776.59    8.121981e-07
4784.591    4.906952e-07
4792.593    4.82955e-07
4800.594    4.7341e-07
4808.595    4.066538e-07
4816.596    4.858873e-07
4824.598    5.268678e-07
4832.599    6.85009e-07
4840.6    7.918618e-07
4848.601    1.259021e-06
4856.603    3.480101e-06
4864.604    3.78455e-06
4872.605    3.712398e-06
4880.606    3.136244e-06
4888.608    2.055697e-06
4896.609    9.896022e-07
4904.61    4.069247e-07
4912.611    3.799684e-07
4920.613    3.556691e-07
4928.614    2.519489e-07
4936.615    3.900622e-07
4944.616    4.656736e-07
4952.618    5.429694e-07
4960.619    6.380175e-07
4968.62    1.065263e-06
4976.621    3.385687e-06
4984.623    3.753073e-06
4992.624    3.546862e-06
5000.625    3.12683e-06
5008.626    2.080997e-06
5016.628    4.547981e-07
5024.629    3.667252e-07
5032.63    4.205743e-07
5040.631    4.82324e-07
5048.633    4.354827e-07
5056.634    3.765728e-07
5064.635    2.955271e-07
5072.636    4.011057e-07
5080.638    5.754446e-07
5088.639    2.088204e-06
5096.64    3.190015e-06
5104.641    3.648424e-06
5112.643    3.600089e-06
5120.644    3.276691e-06
5128.645    2.307436e-06
5136.646    6.499754e-07
5144.648    4.513632e-07
5152.649    3.358456e-07
5160.65    3.512664e-07
5168.651    3.610274e-07
5176.653    4.036629e-07
5184.654    4.067875e-07
5192.655    4.303188e-07
5200.656    4.720698e-07
5208.658    1.595175e-06
5216.659    2.72794e-06
5224.66    3.249896e-06
5232.661    3.0958e-06
5240.663    2.82832e-06
5248.664    2.006818e-06
5256.665    6.162927e-07
5264.666    5.129472e-07
5272.668    3.561826e-07
5280.669    4.320716e-07
5288.67    3.807137e-07
5296.671    3.263486e-07
5304.673    2.725822e-07
5312.674    2.730982e-07
5320.675    2.868569e-07
5328.676    1.802049e-06
5336.678    3.418264e-06
5344.679    4.443284e-06
5352.68    4.412931e-06
5360.681    4.192926e-06
5368.683    1.688364e-06
5376.684    7.500374e-07
5384.685    4.982379e-07
5392.686    1.962711e-07
5400.688    2.399203e-07
5408.689    3.088238e-07
5416.69    5.088559e-07
5424.691    5.055625e-07
5432.693    4.559517e-07
5440.694    6.311424e-07
5448.695    1.6417e-06
5456.696    3.161988e-06
5464.698    4.244226e-06
5472.699    4.111645e-06
5480.7    3.865719e-06
5488.701    1.646602e-06
5496.703    6.918086e-07
5504.704    4.868241e-07
5512.705    4.355321e-07
5520.706    4.437055e-07
5528.708    4.732848e-07
5536.709    6.729393e-07
5544.71    6.652394e-07
5552.711    5.924181e-07
5560.713    5.647266e-07
5568.714    9.692862e-07
5576.715    1.967532e-06
5584.716    2.8593e-06
5592.718    2.80437e-06
5600.719    2.737439e-06
5608.72    1.43751e-06
5616.721    7.820913e-07
5624.723    5.917972e-07
5632.724    4.661147e-07
5640.725    4.476017e-07
5648.726    3.615606e-07
5656.728    4.804159e-07
5664.729    5.699926e-07
5672.73    6.174714e-07
5680.731    7.172837e-07
5688.733    9.546401e-07
5696.734    2.18271e-06
5704.735    3.585836e-06
5712.736    3.571428e-06
5720.738    3.012756e-06
5728.739    1.861834e-06
5736.74    8.271321e-07
5744.741    5.145345e-07
5752.743    5.766695e-07
5760.744    6.491526e-07
5768.745    5.570242e-07
5776.746    5.644443e-07
5784.748    5.468963e-07
5792.749    5.49056e-07
5800.75    6.043734e-07
5808.751    9.581593e-07
5816.753    3.51507e-06
5824.754    3.98225e-06
5832.755    4.035827e-06
5840.756    3.704084e-06
5848.758    2.59078e-06
5856.759    1.396046e-06
5864.76    6.593081e-07
5872.761    5.474025e-07
5880.763    5.028265e-07
5888.764    4.678356e-07
5896.765    5.97347e-07
5904.766    6.477257e-07
5912.768    6.491554e-07
5920.769    7.804489e-07
5928.77    1.106346e-06
5936.771    3.06411e-06
5944.773    3.419167e-06
5952.774    3.363484e-06
5960.775    3.147301e-06
5968.776    2.336006e-06
5976.778    1.360251e-06
5984.779    7.747491e-07
5992.78    8.043731e-07
6000.781    8.236142e-07
6008.783    5.957879e-07
6016.784    6.300442e-07
6024.785    7.046161e-07
6032.786    7.461321e-07
6040.788    9.883921e-07
6048.789    1.269355e-06
6056.79    3.144151e-06
6064.791    3.577655e-06
6072.793    3.258659e-06
6080.794    2.997141e-06
6088.795    2.215406e-06
6096.796    6.980039e-07
6104.798    5.534163e-07
6112.799    5.555021e-07
6120.8    6.768715e-07
6128.801    6.061226e-07
6136.803    6.509576e-07
6144.804    7.174825e-07
6152.805    7.027078e-07
6160.806    8.487242e-07
6168.808    2.142174e-06
6176.809    3.733932e-06
6184.81    4.59685e-06
6192.811    4.504958e-06
6200.813    4.22523e-06
6208.814    3.199801e-06
6216.815    8.269354e-07
6224.816    6.32751e-07
6232.818    6.585257e-07
6240.819    8.178819e-07
6248.82    7.228219e-07
6256.821    6.565835e-07
6264.823    6.207556e-07
6272.824    5.695748e-07
6280.825    6.619357e-07
6288.826    2.49661e-06
6296.828    4.579046e-06
6304.829    5.802601e-06
6312.83    5.803818e-06
6320.831    5.520056e-06
6328.833    4.315787e-06
6336.834    1.017313e-06
6344.835    6.737155e-07
6352.836    5.854059e-07
6360.838    6.80493e-07
6368.839    6.501781e-07
6376.84    6.768694e-07
6384.841    6.53348e-07
6392.843    5.852119e-07
6400.844    6.716771e-07
6408.845    1.976463e-06
6416.846    3.765066e-06
6424.848    5.137434e-06
6432.849    4.974997e-06
6440.85    4.764789e-06
6448.851    2.281609e-06
6456.853    1.121297e-06
6464.854    8.406874e-07
6472.855    6.983171e-07
6480.856    7.266828e-07
6488.858    7.042823e-07
6496.859    7.783157e-07
6504.86    7.552484e-07
6512.861    6.528571e-07
6520.863    8.300884e-07
6528.864    1.886598e-06
6536.865    3.973715e-06
6544.866    5.938038e-06
6552.868    5.796241e-06
6560.869    5.598215e-06
6568.87    2.878498e-06
6576.871    1.304681e-06
6584.873    8.567008e-07
6592.874    6.929177e-07
6600.875    7.01658e-07
6608.876    6.492553e-07
6616.878    7.803012e-07
6624.879    8.175021e-07
6632.88    7.23982e-07
6640.881    8.681821e-07
6648.883    1.5625e-06
6656.884    3.526372e-06
6664.885    5.836329e-06
6672.886    5.74012e-06
6680.888    5.577354e-06
6688.889    3.09492e-06
6696.89    1.327839e-06
6704.891    6.11992e-07
6712.893    4.7592e-07
6720.894    6.298968e-07
6728.895    6.717397e-07
6736.896    8.671401e-07
6744.898    9.172159e-07
6752.899    8.68135e-07
6760.9    9.072128e-07
6768.901    1.122404e-06
6776.903    2.562023e-06
6784.904    4.729757e-06
6792.905    4.708535e-06
6800.906    4.230592e-06
6808.908    2.966531e-06
6816.909    1.571572e-06
6824.91    9.139583e-07
6832.911    9.474382e-07
6840.913    1.013409e-06
6848.914    9.294505e-07
6856.915    1.017032e-06
6864.916    1.066606e-06
6872.918    9.494565e-07
6880.919    1.022525e-06
6888.92    1.164403e-06
6896.921    3.943929e-06
6904.923    4.633749e-06
6912.924    4.581404e-06
6920.925    3.962163e-06
6928.926    2.835918e-06
6936.928    1.503951e-06
6944.929    7.42092e-07
6952.93    6.688508e-07
6960.931    7.269183e-07
6968.933    6.008564e-07
6976.934    7.843781e-07
6984.935    9.369411e-07
6992.936    9.482784e-07
7000.938    1.099056e-06
7008.939    1.076641e-06
7016.94    3.840305e-06
7024.941    4.776182e-06
7032.943    4.847885e-06
7040.944    4.56387e-06
7048.945    3.460681e-06
7056.946    1.903895e-06
7064.948    9.176912e-07
7072.949    9.174755e-07
7080.95    1.031029e-06
7088.951    8.683469e-07
7096.953    8.856356e-07
7104.954    9.582501e-07
7112.955    8.699972e-07
7120.956    1.079706e-06
7128.958    1.281196e-06
7136.959    4.347213e-06
7144.96    5.517014e-06
7152.961    5.518894e-06
7160.963    5.249564e-06
7168.964    4.130485e-06
7176.965    1.205962e-06
7184.966    9.563001e-07
7192.968    9.828483e-07
7200.969    1.176437e-06
7208.97    1.039142e-06
7216.971    9.527564e-07
7224.973    1.066275e-06
7232.974    1.078165e-06
7240.975    1.233387e-06
7248.976    1.931947e-06
7256.978    3.588847e-06
7264.979    4.755664e-06
7272.98    4.764435e-06
7280.981    4.613146e-06
7288.983    3.838978e-06
7296.984    1.33701e-06
7304.985    1.00663e-06
7312.986    8.926945e-07
7320.988    1.069954e-06
7328.989    1.101486e-06
7336.99    1.209496e-06
7344.991    1.243492e-06
7352.993    1.107625e-06
7360.994    8.641411e-07
7368.995    2.21176e-06
7376.996    4.389053e-06
7384.998    5.922697e-06
7392.999    5.323433e-06
7401.0    4.743928e-06
7401.0    2.623639e-06
7460.214    2.602343e-06
7519.428    2.724215e-06
7578.641    2.797067e-06
7637.855    2.906982e-06
7697.069    3.043316e-06
7756.283    3.257471e-06
7815.496    3.291213e-06
7874.71    3.254199e-06
7933.924    3.306711e-06
7993.138    3.318202e-06
8052.351    3.274838e-06
8111.565    3.276974e-06
8170.779    3.363352e-06
8229.993    3.513354e-06
8289.206    3.461264e-06
8348.42    3.118269e-06
8407.634    2.614818e-06
8466.848    2.381103e-06
8526.061    1.989416e-06
8585.275    1.551915e-06
8644.489    1.452286e-06
8703.703    1.700961e-06
8762.916    1.844687e-06
8822.13    1.94179e-06
8881.344    2.2034e-06
8940.558    2.336872e-06
8999.771    2.358549e-06
9058.985    2.279028e-06
9118.199    2.29324e-06
9177.413    2.137072e-06
9236.626    2.067109e-06
9295.84    1.914334e-06
9355.054    1.781772e-06
9414.268    1.491822e-06
9473.481    1.439733e-06
9532.695    1.330921e-06
9591.909    1.234024e-06
9651.123    9.906922e-07
9710.336    9.438769e-07
9769.55    9.621663e-07
9828.764    1.0461e-06
9887.978    1.05585e-06
9947.191    1.070752e-06
10006.405    1.056958e-06
10065.619    1.091264e-06
10124.833    1.004396e-06
10184.046    9.934073e-07
10243.26    1.002909e-06
10302.474    1.026508e-06
10361.688    9.743142e-07
10420.901    1.024345e-06
10480.115    1.03395e-06
10539.329    1.001682e-06
10598.543    9.383645e-07
10657.756    9.996523e-07
10716.97    1.079032e-06
10776.184    1.193893e-06
10835.398    1.242958e-06
10894.611    1.161126e-06
10953.825    1.024422e-06
11013.039    8.75211e-07
11072.253    8.020655e-07
11131.466    8.598836e-07
11190.68    8.062235e-07
11249.894    7.403171e-07
11309.108    7.002893e-07
11368.321    5.874012e-07
11427.535    5.618394e-07
11486.749    5.824703e-07
11545.963    5.758818e-07
11605.176    5.375309e-07
11664.39    5.690808e-07
11723.604    6.081884e-07
11782.818    6.05841e-07
11842.031    6.463372e-07
11901.245    6.446136e-07
11960.459    6.080348e-07
12019.673    6.09054e-07
12078.886    6.523847e-07
12138.1    5.824208e-07
12197.314    4.826989e-07
12256.528    4.295194e-07
12315.741    4.119371e-07
12374.955    4.141422e-07
12434.169    4.262592e-07
12493.383    4.043569e-07
12552.596    3.474313e-07
12611.81    2.33864e-07
12671.024    2.283819e-07
12730.238    2.894183e-07
12789.451    3.710329e-07
12848.665    3.87695e-07
12907.879    3.537751e-07
12967.093    3.441012e-07
13026.306    3.29809e-07
13085.52    2.741598e-07
13144.734    2.84492e-07
13203.948    3.563525e-07
13263.161    4.221935e-07
13322.375    4.09416e-07
13381.589    3.832788e-07
13440.803    3.75693e-07
13500.016    3.679976e-07
13559.23    3.492056e-07
13618.444    3.87936e-07
13677.658    4.056764e-07
13736.871    4.310683e-07
13796.085    5.281897e-07
13855.299    7.064714e-07
13914.513    7.331303e-07
13973.726    7.088067e-07
14032.94    6.947985e-07
14092.154    8.269792e-07
14151.368    8.464103e-07
14210.581    8.616444e-07
14269.795    9.311074e-07
14329.009    1.045791e-06
14388.223    1.076548e-06
14447.436    1.104767e-06
14506.65    1.108039e-06
14565.864    9.094799e-07
14625.078    8.607536e-07
14684.291    9.1551e-07
14743.505    9.751656e-07
14802.719    8.733385e-07
14861.933    8.185005e-07
14921.146    7.555172e-07
14980.36    6.606929e-07
15039.574    5.366204e-07
15098.788    5.425771e-07
15158.001    6.448204e-07
15217.215    7.112557e-07
15276.429    7.426946e-07
15335.643    8.492536e-07
15394.856    9.091676e-07
15454.07    8.481226e-07
15513.284    6.66246e-07
15572.498    9.98542e-07
15631.711    1.598206e-06
15690.925    1.96335e-06
15750.139    2.118448e-06
15809.353    2.110909e-06
15868.566    1.909543e-06
15927.78    1.449927e-06
15986.994    8.210696e-07
16046.208    3.238152e-07
16105.421    3.460609e-07
16164.635    3.917852e-07
16223.849    4.288639e-07
16283.063    5.016884e-07
16342.276    5.862575e-07
16401.49    6.605027e-07
16460.704    7.815315e-07
16519.918    8.507944e-07
16579.131    8.446547e-07
16638.345    8.915051e-07
16697.559    9.448685e-07
16756.773    9.483025e-07
16815.986    7.098841e-07
16875.2    6.170282e-07
16934.414    6.411497e-07
16993.628    6.973701e-07
17052.841    6.467453e-07
17112.055    5.520397e-07
17171.269    5.484873e-07
17230.483    5.380224e-07
17289.696    3.533165e-07
17348.91    4.311212e-07
17408.124    6.599365e-07
17467.338    8.079054e-07
17526.551    9.241287e-07
17585.765    9.675998e-07
17644.979    9.367581e-07
17704.193    8.275767e-07
17763.406    5.780403e-07
17822.62    5.33083e-07
17881.834    6.408652e-07
17941.048    7.582536e-07
18000.261    8.593758e-07
18059.475    9.30812e-07
18118.689    9.684857e-07
18177.903    1.002817e-06
18237.116    1.068996e-06
18296.33    1.222986e-06
18355.544    1.160969e-06
18414.758    1.018115e-06
18473.971    8.876684e-07
18533.185    7.106887e-07
18592.399    6.453189e-07
18651.613    5.596626e-07
18710.826    4.839526e-07
18770.04    3.96419e-07
18829.254    3.64123e-07
18888.468    4.216874e-07
18947.681    5.877148e-07
19006.895    9.621698e-07
19066.109    1.113366e-06
19125.323    1.178748e-06
19184.536    1.153826e-06
19243.75    1.001098e-06
19302.964    9.297442e-07
19362.178    9.386042e-07
19421.391    1.039519e-06
19480.605    1.305237e-06
19539.819    1.367447e-06
19599.033    1.267887e-06
19658.246    1.076104e-06
19717.46    9.356665e-07
19776.674    9.87755e-07
19835.888    9.205208e-07
19895.101    7.735213e-07
19954.315    7.098118e-07
20013.529    1.002728e-06
20072.743    8.718339e-07
20131.956    6.419283e-07
20191.17    5.162952e-07
20250.384    5.632161e-07
20309.598    6.093414e-07
20368.811    7.269619e-07
20428.025    8.682468e-07
20487.239    9.024067e-07
20546.453    7.37423e-07
20605.666    6.08983e-07
20664.88    5.419677e-07
20724.094    3.249098e-07
20783.308    2.728494e-07
20842.521    4.996533e-07
20901.735    7.206379e-07
20960.949    9.281276e-07
21020.163    1.082541e-06
21079.376    1.282765e-06
21138.59    1.378902e-06
21197.804    1.385854e-06
21257.018    1.435867e-06
21316.231    1.445008e-06
21375.445    1.351829e-06
21434.659    1.162839e-06
21493.873    8.236244e-07
21553.086    5.797917e-07
21612.3    4.217615e-07
21671.514    4.95969e-07
21730.728    9.956301e-07
21789.941    1.356622e-06
21849.155    1.619614e-06
21908.369    1.791883e-06
21967.583    2.17501e-06
22026.796    2.199679e-06
22086.01    1.973341e-06
22145.224    1.599176e-06
22204.438    1.084828e-06
22263.651    9.930023e-07
22322.865    8.866384e-07
22382.079    8.599234e-07
22441.293    8.386554e-07
22500.506    8.504391e-07
22559.72    8.679343e-07
22618.934    7.844234e-07
22678.148    7.019958e-07
22737.361    1.010224e-06
22796.575    1.277542e-06
22855.789    1.485686e-06
22915.003    1.539669e-06
22974.216    1.126923e-06
23033.43    8.902961e-07
23092.644    7.421913e-07
23151.858    7.407004e-07
23211.071    7.205744e-07
23270.285    7.297831e-07
23329.499    6.97942e-07
23388.713    5.620004e-07
23447.926    5.413169e-07
23507.14    7.945412e-07
23566.354    1.08652e-06
23625.568    1.334384e-06
23684.781    1.33468e-06
23743.995    1.121566e-06
23803.209    8.551458e-07
23862.423    6.048287e-07
23921.636    3.043875e-07
23980.85    3.384924e-07
24040.064    6.595996e-07
24099.278    8.623069e-07
24158.491    8.642477e-07
24217.705    9.209996e-07
24276.919    9.332181e-07
24336.133    9.363157e-07
24395.346    9.296559e-07
24454.56    7.507754e-07
24513.774    6.586253e-07
24572.988    7.128855e-07
24632.201    7.97622e-07
24691.415    7.532946e-07
24750.629    7.190751e-07
24809.843    7.839625e-07
24869.056    8.975367e-07
24928.27    1.217623e-06
24987.484    1.325597e-06
25046.698    1.316886e-06
25105.911    1.328548e-06
25165.125    1.227085e-06
25224.339    1.056499e-06
25283.553    9.548856e-07
25342.766    8.527703e-07
25401.98    7.942176e-07
25461.194    1.05478e-06
25520.408    1.360026e-06
25579.621    1.582384e-06
25638.835    1.746546e-06
25698.049    1.734351e-06
25757.263    1.764284e-06
25816.476    1.906268e-06
25875.69    2.007746e-06
25934.904    1.794806e-06
25994.118    1.580511e-06
26053.331    1.524385e-06
26112.545    1.534325e-06
26171.759    1.203389e-06
26230.973    1.04234e-06
26290.186    9.421088e-07
26349.4    9.666002e-07
26408.614    1.488076e-06
26467.828    1.688809e-06
26527.041    1.684797e-06
26586.255    1.572733e-06
26645.469    1.323536e-06
26704.683    1.349468e-06
26763.896    1.355564e-06
26823.11    1.25791e-06
26882.324    1.192591e-06
26941.538    1.228872e-06
27000.751    1.238567e-06
27059.965    1.103093e-06
27119.179    3.375467e-07
27178.393    3.583075e-07
27237.606    5.389823e-07
27296.82    6.953529e-07
27356.034    8.414449e-07
27415.248    1.45551e-06
27474.461    1.65009e-06
27533.675    1.775154e-06
27592.889    1.826635e-06
27652.103    1.642269e-06
27711.316    1.397024e-06
27770.53    1.214608e-06
27829.744    1.099481e-06
27888.958    4.325072e-07
27948.171    4.051213e-07
28007.385    6.748015e-07
28066.599    9.421126e-07
28125.813    1.078883e-06
28185.026    1.034832e-06
28244.24    1.076208e-06
28303.454    1.260944e-06
28362.668    1.458861e-06
28421.881    1.422682e-06
28481.095    1.328324e-06
28540.309    1.318197e-06
28599.523    1.659758e-06
28658.736    1.819518e-06
28717.95    1.775236e-06
28777.164    1.555968e-06
28836.378    1.35578e-06
28895.591    1.236248e-06
28954.805    1.357526e-06
29014.019    1.612582e-06
29073.233    1.793218e-06
29132.446    1.516728e-06
29191.66    1.38513e-06
29250.874    1.344058e-06
29310.088    1.219965e-06
29369.301    7.501495e-07
29428.515    9.044282e-07
29487.729    1.131727e-06
29546.943    1.362898e-06
29606.156    1.999717e-06
29665.37    2.285507e-06
29724.584    2.27924e-06
29783.798    2.216004e-06
29843.011    2.414143e-06
29902.225    2.236049e-06
29961.439    1.771529e-06
30020.653    1.456812e-06
30079.866    1.561632e-06
30139.08    1.620839e-06
30198.294    1.83173e-06
30257.508    2.152047e-06
30316.721    2.367582e-06
30375.935    1.862255e-06
30435.149    1.510347e-06
30494.363    1.418705e-06
30553.576    1.492313e-06
30612.79    1.535639e-06
30672.004    1.493591e-06
30731.218    1.551334e-06
30790.431    1.637896e-06
30849.645    1.754663e-06
30908.859    1.669038e-06
30968.073    1.546317e-06
31027.286    1.678717e-06
31086.5    1.90308e-06
31145.714    1.611729e-06
31204.928    1.296984e-06
31264.141    1.063417e-06
31323.355    1.022062e-06
31382.569    1.306198e-06
31441.783    1.628945e-06
31500.996    1.881508e-06
31560.21    2.018445e-06
31619.424    1.884809e-06
31678.638    1.577847e-06
31737.851    1.265495e-06
31797.065    1.142132e-06
31856.279    1.225915e-06
31915.493    1.39108e-06
31974.706    1.541206e-06
32033.92    1.820365e-06
32093.134    2.4518e-06
32152.348    2.401687e-06
32211.561    2.200985e-06
32270.775    1.961218e-06
32329.989    1.316174e-06
32389.203    7.217474e-07
32448.416    5.217653e-07
32507.63    1.211867e-06
32566.844    2.140921e-06
32626.058    2.401615e-06
32685.271    2.682693e-06
32744.485    2.811355e-06
32803.699    2.05114e-06
32862.913    1.807648e-06
32922.126    1.8749e-06
32981.34    1.833531e-06
33040.554    1.155203e-06
33099.768    1.106407e-06
33158.981    1.240233e-06
33218.195    1.514827e-06
33277.409    1.739993e-06
33336.623    1.501016e-06
33395.836    1.387069e-06
33455.05    1.40752e-06
33514.264    1.163909e-06
33573.478    1.067967e-06
33632.691    1.620775e-06
33691.905    1.869954e-06
33751.119    2.043499e-06
33810.333    2.589845e-06
33869.546    2.47966e-06
33928.76    1.934918e-06
33987.974    1.214706e-06
34047.188    1.057306e-06
34106.401    1.445392e-06
34165.615    1.675471e-06
34224.829    1.775715e-06
34284.043    1.616574e-06
34343.256    1.731729e-06
34402.47    1.874398e-06
34461.684    1.977365e-06
34520.898    2.113676e-06
34580.111    2.114349e-06
34639.325    1.971517e-06
34698.539    1.806602e-06
34757.753    1.723777e-06
34816.966    1.210634e-06
34876.18    1.212074e-06
34935.394    1.552499e-06
34994.608    2.019283e-06
35053.821    2.52091e-06
35113.035    2.484621e-06
35172.249    2.352965e-06
35231.463    2.05555e-06
35290.676    7.454437e-07
35349.89    4.560974e-07
35409.104    8.499364e-07
35468.318    1.340821e-06
35527.531    1.979054e-06
35586.745    1.958789e-06
35645.959    1.654198e-06
35705.173    1.335245e-06
35764.386    1.164776e-06
35823.6    1.044519e-06
35882.814    1.036146e-06
35942.028    1.129093e-06
36001.241    1.236107e-06
36060.455    1.486243e-06
36119.669    1.765037e-06
36178.883    1.871906e-06
36238.096    1.741542e-06
36297.31    1.747451e-06
36356.524    1.664632e-06
36415.738    1.431718e-06
36474.951    1.588567e-06
36534.165    2.444925e-06
36593.379    2.591131e-06
36652.593    2.62058e-06
36711.806    2.857207e-06
36771.02    3.101294e-06
36830.234    2.968739e-06
36889.448    2.691058e-06
36948.661    2.430832e-06
37007.875    2.082443e-06
37067.089    2.15506e-06
37126.303    6.389898e-06
37185.516    1.763997e-05
37244.73    3.609604e-05
37303.944    3.701292e-05
37363.158    3.718341e-05
37422.371    3.726246e-05
37481.585    2.79343e-05
37540.799    1.503633e-05
37600.013    5.212988e-06
37659.226    1.871916e-06
37718.44    1.557298e-06
37777.654    2.043346e-06
37836.868    2.277226e-06
37896.081    2.138882e-06
37955.295    1.771241e-06
38014.509    1.020323e-06
38073.723    9.082729e-07
38132.936    1.099107e-06
38192.15    1.528501e-06
38251.364    2.01963e-06
38310.578    2.030918e-06
38369.791    1.945616e-06
38429.005    1.817935e-06
38488.219    1.722568e-06
38547.433    1.753741e-06
38606.646    1.757168e-06
38665.86    1.793243e-06
38725.074    2.605414e-06
38784.288    3.052358e-06
38843.501    3.294226e-06
38902.715    3.275245e-06
38961.929    2.696074e-06
39021.143    2.329293e-06
39080.356    1.955305e-06
39139.57    1.689396e-06
39198.784    2.054302e-06
39257.998    2.16268e-06
39317.211    2.19296e-06
39376.425    2.331501e-06
39435.639    2.548581e-06
39494.853    2.454498e-06
39554.066    2.218719e-06
39613.28    2.141831e-06
39672.494    2.341362e-06
39731.708    3.01577e-06
39790.921    3.041394e-06
39850.135    2.905704e-06
39909.349    2.722143e-06
39968.563    2.114939e-06
40027.776    1.592047e-06
40086.99    1.217785e-06
40146.204    1.212318e-06
40205.418    1.195686e-06
40264.631    1.077649e-06
40323.845    1.180383e-06
40383.059    1.387925e-06
40442.273    1.536571e-06
40501.486    1.532817e-06
40560.7    1.444786e-06
40619.914    1.446294e-06
40679.128    1.359774e-06
40738.341    1.176444e-06
40797.555    1.156983e-06
40856.769    1.367069e-06
40915.983    1.681822e-06
40975.196    1.425641e-06
41034.41    1.0084e-06
41093.624    7.845946e-07
41152.838    8.85414e-07
41212.051    1.254334e-06
41271.265    1.355123e-06
41330.479    1.286533e-06
41389.693    1.206539e-06
41448.906    1.408582e-06
41508.12    1.680821e-06
41567.334    1.647088e-06
41626.548    1.298951e-06
41685.761    1.234532e-06
41744.975    1.370135e-06
41804.189    1.336022e-06
41863.403    1.17849e-06
41922.616    1.005641e-06
41981.83    1.118397e-06
42041.044    1.311591e-06
42100.258    1.567735e-06
42159.471    1.757886e-06
42218.685    1.902328e-06
42277.899    2.126944e-06
42337.113    2.262804e-06
42396.326    2.308262e-06
42455.54    1.974741e-06
42514.754    1.601415e-06
42573.968    1.366595e-06
42633.181    1.218052e-06
42692.395    9.599063e-07
42751.609    1.057674e-06
42810.823    1.291816e-06
42870.036    1.600743e-06
42929.25    2.010426e-06
42988.464    1.981338e-06
43047.678    1.9008e-06
43106.891    1.838468e-06
43166.105    1.692054e-06
43225.319    1.675716e-06
43284.533    1.674979e-06
43343.746    1.575357e-06
43402.96    1.641745e-06
43462.174    1.721512e-06
43521.388    1.725588e-06
43580.601    1.596612e-06
43639.815    1.600072e-06
43699.029    1.667148e-06
43758.243    1.954791e-06
43817.456    2.571939e-06
43876.67    3.096475e-06
43935.884    3.060587e-06
43995.098    2.790908e-06
44054.311    2.572054e-06
44113.525    2.374241e-06
44172.739    1.676537e-06
44231.953    1.355411e-06
44291.166    1.299216e-06
44350.38    1.364948e-06
44409.594    1.309237e-06
44468.808    1.335505e-06
44528.021    1.358016e-06
44587.235    1.220141e-06
44646.449    8.909811e-07
44705.663    1.001253e-06
44764.876    1.083604e-06
44824.09    1.289462e-06
44883.304    1.867237e-06
44942.518    1.925933e-06
45001.731    1.87803e-06
45060.945    1.904799e-06
45120.159    1.753762e-06
45179.373    1.722498e-06
45238.586    1.746432e-06
45297.8    1.64026e-06
45357.014    1.391067e-06
45416.228    1.534318e-06
45475.441    1.619158e-06
45534.655    1.558235e-06
45593.869    1.501177e-06
45653.083    1.658944e-06
45712.296    1.892078e-06
45771.51    2.022957e-06
45830.724    2.018052e-06
45889.938    1.777881e-06
45949.151    1.577147e-06
46008.365    1.43962e-06
46067.579    1.583503e-06
46126.793    2.42284e-06
46186.006    2.583097e-06
46245.22    2.509268e-06
46304.434    2.280583e-06
46363.648    1.931572e-06
46422.861    1.881677e-06
46482.075    1.788324e-06
46541.289    1.699968e-06
46600.503    1.559852e-06
46659.716    1.496174e-06
46718.93    1.363291e-06
46778.144    1.290753e-06
46837.358    1.457077e-06
46896.571    1.611094e-06
46955.785    1.875099e-06
47014.999    2.197411e-06
47074.213    2.444825e-06
47133.426    2.653701e-06
47192.64    2.76319e-06
47251.854    2.925995e-06
47311.068    2.980281e-06
47370.281    2.484152e-06
47429.495    1.987283e-06
47488.709    1.576612e-06
47547.923    1.42622e-06
47607.136    1.29034e-06
47666.35    1.22977e-06
47725.564    1.113625e-06
47784.778    9.404779e-07
47843.991    8.564689e-07
47903.205    9.928551e-07
47962.419    1.086128e-06
48021.633    1.187841e-06
48080.846    1.84807e-06
48140.06    2.083134e-06
48199.274    2.072421e-06
48258.488    1.884802e-06
48317.701    1.418636e-06
48376.915    1.314209e-06
48436.129    1.390207e-06
48495.343    1.499974e-06
48554.556    1.507065e-06
48613.77    1.327812e-06
48672.984    1.262336e-06
48732.198    1.313632e-06
48791.411    1.282487e-06
48850.625    1.295606e-06
48909.839    1.710725e-06
48969.053    2.035116e-06
49028.266    1.936627e-06
49087.48    1.121651e-06
49146.694    7.505704e-07
49205.908    7.230112e-07
49265.121    1.11849e-06
49324.335    2.101935e-06
49383.549    2.125952e-06
49442.763    1.890813e-06
49501.976    1.602022e-06
49561.19    1.415217e-06
49620.404    1.389053e-06
49679.618    1.485617e-06
49738.831    1.646261e-06
49798.045    1.795911e-06
49857.259    1.785884e-06
49916.473    1.610078e-06
49975.686    1.388267e-06
50034.9    1.482561e-06
50094.114    1.622991e-06
50153.328    1.556389e-06
50212.541    1.394269e-06
50271.755    1.443003e-06
50330.969    1.600956e-06
50390.183    1.547877e-06
50449.396    1.527532e-06
50508.61    1.584809e-06
50567.824    1.394961e-06
50627.038    1.127493e-06
50686.251    9.30018e-07
50745.465    8.431969e-07
50804.679    1.407939e-06
50863.893    1.796946e-06
50923.106    1.989751e-06
50982.32    2.014209e-06
51041.534    2.416534e-06
51100.748    2.661804e-06
51159.961    2.832286e-06
51219.175    2.832403e-06
51278.389    2.398435e-06
51337.603    2.152681e-06
51396.816    2.001339e-06
51456.03    1.927281e-06
51515.244    1.928548e-06
51574.458    2.267171e-06
51633.671    2.307103e-06
51692.885    2.446628e-06
51752.099    2.549844e-06
51811.313    2.16923e-06
51870.526    1.74558e-06
51929.74    1.333465e-06
51988.954    1.202669e-06
52048.168    1.728048e-06
52107.381    1.988578e-06
52166.595    2.187072e-06
52225.809    2.182546e-06
52285.023    1.380884e-06
52344.236    7.985776e-07
52403.45    5.879631e-07
52462.664    8.746572e-07
52521.878    1.489815e-06
52581.091    1.773749e-06
52640.305    2.006982e-06
52699.519    2.035822e-06
52758.733    1.949865e-06
52817.946    1.828863e-06
52877.16    1.836615e-06
52936.374    1.940873e-06
52995.588    1.81148e-06
53054.801    1.709469e-06
53114.015    1.911285e-06
53173.229    1.855038e-06
53232.443    1.473542e-06
53291.656    8.77576e-07
53350.87    7.467368e-07
53410.084    6.787458e-07
53469.298    8.226095e-07
53528.511    7.587305e-07
53587.725    5.631263e-07
53646.939    6.290115e-07
53706.153    7.577667e-07
53765.366    8.658689e-07
53824.58    9.935062e-07
53883.794    1.214413e-06
53943.008    1.404391e-06
54002.221    1.597918e-06
54061.435    1.637283e-06
54120.649    1.578101e-06
54179.863    1.481902e-06
54239.076    1.348453e-06
54298.29    1.236257e-06
54357.504    1.232456e-06
54416.718    1.322531e-06
54475.931    1.383381e-06
54535.145    1.52407e-06
54594.359    1.713649e-06
54653.573    1.748148e-06
54712.786    1.590494e-06
54772.0    1.952346e-06
54772.0    1.578705e-06
55535.808    1.578976e-06
56299.617    1.551556e-06
57063.425    1.341379e-06
57827.233    1.163313e-06
58591.041    1.04758e-06
59354.85    9.851507e-07
60118.658    1.165874e-06
60882.466    1.392415e-06
61646.275    1.600305e-06
62410.083    1.607023e-06
63173.891    1.26051e-06
63937.699    9.74312e-07
64701.508    1.179917e-06
65465.316    1.364256e-06
66229.124    1.335355e-06
66992.932    1.079268e-06
67756.741    8.693579e-07
68520.549    9.694783e-07
69284.357    1.120727e-06
70048.166    1.361371e-06
70811.974    1.404189e-06
71575.782    1.17032e-06
72339.59    1.271702e-06
73103.399    1.8391e-06
73867.207    2.240726e-06
74631.015    2.318769e-06
75394.824    2.228156e-06
76158.632    1.799616e-06
76922.44    1.293146e-06
77686.248    1.107306e-06
78450.057    9.849929e-07
79213.865    9.275114e-07
79977.673    8.972398e-07
80741.481    9.181317e-07
81505.29    9.744604e-07
82269.098    1.07225e-06
83032.906    1.058809e-06
83796.715    1.05016e-06
84560.523    1.129881e-06
85324.331    1.102667e-06
86088.139    1.012211e-06
86851.948    9.976161e-07
87615.756    9.386905e-07
88379.564    8.730962e-07
89143.373    8.858717e-07
89907.181    9.360805e-07
90670.989    9.061616e-07
91434.797    7.804458e-07
92198.606    8.344527e-07
92962.414    1.029171e-06
93726.222    1.048151e-06
94490.031    9.353367e-07
95253.839    8.184078e-07
96017.647    7.728564e-07
96781.455    7.397112e-07
97545.264    6.05738e-07
98309.072    4.614124e-07
99072.88    3.993219e-07
99836.688    3.95868e-07
100600.497    3.971066e-07
101364.305    4.002154e-07
102128.113    4.258059e-07
102891.922    4.359061e-07
103655.73    3.708846e-07
104419.538    4.277537e-07
105183.346    5.750035e-07
105947.155    7.162174e-07
106710.963    8.767282e-07
107474.771    9.655345e-07
108238.58    9.044986e-07
109002.388    8.151185e-07
109766.196    7.644773e-07
110530.004    7.672741e-07
111293.813    7.361946e-07
112057.621    6.499352e-07
112821.429    5.180532e-07
113585.237    4.235698e-07
114349.046    4.728394e-07
115112.854    5.036396e-07
115876.662    6.100452e-07
116640.471    7.231858e-07
117404.279    8.989409e-07
118168.087    1.027869e-06
118931.895    1.032448e-06
119695.704    9.174157e-07
120459.512    7.168293e-07
121223.32    5.168475e-07
121987.129    4.913466e-07
122750.937    5.72919e-07
123514.745    6.291905e-07
124278.553    6.036439e-07
125042.362    5.914623e-07
125806.17    6.198794e-07
126569.978    5.847785e-07
127333.786    5.32558e-07
128097.595    4.884055e-07
128861.403    4.315986e-07
129625.211    3.697641e-07
130389.02    4.145751e-07
131152.828    5.137506e-07
131916.636    6.038323e-07
132680.444    6.472179e-07
133444.253    5.718946e-07
134208.061    6.332419e-07
134971.869    1.309697e-06
135735.678    1.986955e-06
136499.486    2.208009e-06
137263.294    2.456923e-06
138027.102    2.670057e-06
138790.911    2.82857e-06
139554.719    2.896631e-06
140318.527    2.714819e-06
141082.336    2.222067e-06
141846.144    1.829568e-06
142609.952    1.819077e-06
143373.76    1.680659e-06
144137.569    1.073035e-06
144901.377    6.131199e-07
145665.185    5.271536e-07
146428.993    5.08813e-07
147192.802    5.232883e-07
147956.61    5.136272e-07
148720.418    5.240193e-07
149484.227    5.791213e-07
150248.035    5.980246e-07
151011.843    4.816432e-07
151775.651    4.097189e-07
152539.46    4.503092e-07
153303.268    4.944552e-07
154067.076    4.98619e-07
154830.885    4.27917e-07
155594.693    4.197544e-07
156358.501    5.900574e-07
157122.309    6.556538e-07
157886.118    5.465549e-07
158649.926    4.513167e-07
159413.734    4.249926e-07
160177.542    4.86275e-07
160941.351    5.742271e-07
161705.159    5.978375e-07
162468.967    5.814575e-07
163232.776    5.237287e-07
163996.584    4.66518e-07
164760.392    5.0436e-07
165524.2    5.373418e-07
166288.009    5.291286e-07
167051.817    5.281367e-07
167815.625    5.186217e-07
168579.434    5.03412e-07
169343.242    4.890237e-07
170107.05    4.38364e-07
170870.858    3.99461e-07
171634.667    3.540177e-07
172398.475    3.215852e-07
173162.283    3.409792e-07
173926.092    3.981722e-07
174689.9    4.655508e-07
175453.708    4.473406e-07
176217.516    3.900985e-07
176981.325    3.791749e-07
177745.133    3.752753e-07
178508.941    4.150454e-07
179272.749    4.357206e-07
180036.558    4.11448e-07
180800.366    4.307112e-07
181564.174    4.885737e-07
182327.983    5.92827e-07
183091.791    6.997903e-07
183855.599    7.061764e-07
184619.407    6.971424e-07
185383.216    6.963373e-07
186147.024    6.388794e-07
186910.832    6.748613e-07
187674.641    8.01163e-07
188438.449    8.351213e-07
189202.257    7.970204e-07
189966.065    7.277498e-07
190729.874    6.098817e-07
191493.682    4.982076e-07
192257.49    4.00573e-07
193021.298    3.671246e-07
193785.107    4.246602e-07
194548.915    4.719842e-07
195312.723    4.154923e-07
196076.532    3.397963e-07
196840.34    3.544925e-07
197604.148    4.257747e-07
198367.956    4.191493e-07
199131.765    3.315366e-07
199895.573    2.789652e-07
200659.381    2.816775e-07
201423.19    3.259457e-07
202186.998    3.658252e-07
202950.806    3.454211e-07
203714.614    3.05304e-07
204478.423    3.430136e-07
205242.231    3.83708e-07
206006.039    4.134938e-07
206769.847    4.613988e-07
207533.656    4.629763e-07
208297.464    4.718457e-07
209061.272    4.428399e-07
209825.081    3.601115e-07
210588.889    3.542276e-07
211352.697    4.684469e-07
212116.505    6.187456e-07
212880.314    6.968382e-07
213644.122    7.128334e-07
214407.93    6.328911e-07
215171.739    4.653047e-07
215935.547    3.816539e-07
216699.355    3.900743e-07
217463.163    3.426079e-07
218226.972    2.193206e-07
218990.78    2.078263e-07
219754.588    3.115557e-07
220518.397    4.20431e-07
221282.205    5.122876e-07
222046.013    6.202667e-07
222809.821    7.304698e-07
223573.63    7.30175e-07
224337.438    6.63801e-07
225101.246    5.725155e-07
225865.054    4.524596e-07
226628.863    4.11622e-07
227392.671    3.669122e-07
228156.479    2.919706e-07
228920.288    2.491032e-07
229684.096    2.698156e-07
230447.904    3.106715e-07
231211.712    3.12012e-07
231975.521    3.143478e-07
232739.329    2.940252e-07
233503.137    2.486721e-07
234266.946    2.790118e-07
235030.754    3.282617e-07
235794.562    3.268345e-07
236558.37    3.114276e-07
237322.179    2.699088e-07
238085.987    2.698774e-07
238849.795    3.802679e-07
239613.603    4.884927e-07
240377.412    5.653459e-07
241141.22    5.807726e-07
241905.028    4.866906e-07
242668.837    3.27326e-07
243432.645    2.07778e-07
244196.453    2.433931e-07
244960.261    3.02092e-07
245724.07    2.839218e-07
246487.878    2.26215e-07
247251.686    1.926314e-07
248015.495    1.973537e-07
248779.303    2.146555e-07
249543.111    2.098946e-07
250306.919    1.98519e-07
251070.728    2.042156e-07
251834.536    2.43042e-07
252598.344    2.765559e-07
253362.153    2.736859e-07
254125.961    2.603743e-07
254889.769    2.610998e-07
255653.577    3.077587e-07
256417.386    3.531075e-07
257181.194    3.54614e-07
257945.002    3.472902e-07
258708.81    3.340746e-07
259472.619    3.289305e-07
260236.427    3.254476e-07
261000.235    2.955982e-07
261764.044    2.940186e-07
262527.852    3.005999e-07
263291.66    3.384374e-07
264055.468    4.001274e-07
264819.277    4.386915e-07
265583.085    4.293767e-07
266346.893    3.888146e-07
267110.702    3.728795e-07
267874.51    3.598525e-07
268638.318    3.439691e-07
269402.126    3.132344e-07
270165.935    2.759924e-07
270929.743    2.485765e-07
271693.551    2.1468e-07
272457.359    2.410887e-07
273221.168    2.992866e-07
273984.976    3.46207e-07
274748.784    3.886464e-07
275512.593    4.077129e-07
276276.401    3.88952e-07
277040.209    2.809962e-07
277804.017    1.82962e-07
278567.826    1.764834e-07
279331.634    2.234494e-07
280095.442    2.498031e-07
280859.251    2.19262e-07
281623.059    2.096716e-07
282386.867    2.265895e-07
283150.675    2.821517e-07
283914.484    3.018158e-07
284678.292    2.774452e-07
285442.1    2.687264e-07
286205.908    2.991435e-07
286969.717    3.614724e-07
287733.525    3.448042e-07
288497.333    2.870611e-07
289261.142    2.404062e-07
290024.95    1.690961e-07
290788.758    1.474677e-07
291552.566    1.540485e-07
292316.375    1.594645e-07
293080.183    1.792671e-07
293843.991    1.948672e-07
294607.8    2.322592e-07
295371.608    2.886116e-07
296135.416    3.216522e-07
296899.224    3.84128e-07
297663.033    4.356751e-07
298426.841    4.11569e-07
299190.649    3.523184e-07
299954.458    2.784272e-07
300718.266    2.238236e-07
301482.074    2.237691e-07
302245.882    2.295819e-07
303009.691    2.643132e-07
303773.499    2.743795e-07
304537.307    2.175918e-07
305301.115    2.051481e-07
306064.924    2.105283e-07
306828.732    1.922067e-07
307592.54    1.874023e-07
308356.349    1.632396e-07
309120.157    1.727233e-07
309883.965    1.99388e-07
310647.773    2.11388e-07
311411.582    2.724601e-07
312175.39    3.519529e-07
312939.198    3.846903e-07
313703.007    3.511991e-07
314466.815    2.827832e-07
315230.623    2.393163e-07
315994.431    2.548296e-07
316758.24    2.918713e-07
317522.048    2.787037e-07
318285.856    2.383982e-07
319049.664    2.205832e-07
319813.473    2.636303e-07
320577.281    2.904939e-07
321341.089    2.545463e-07
322104.898    2.032699e-07
322868.706    1.545824e-07
323632.514    1.431064e-07
324396.322    1.553889e-07
325160.131    1.835408e-07
325923.939    2.452638e-07
326687.747    2.747311e-07
327451.556    2.664358e-07
328215.364    2.375231e-07
328979.172    1.972007e-07
329742.98    1.99614e-07
330506.789    2.397249e-07
331270.597    2.740597e-07
332034.405    2.885834e-07
332798.214    3.074392e-07
333562.022    3.348869e-07
334325.83    3.575171e-07
335089.638    3.699705e-07
335853.447    3.588218e-07
336617.255    3.656914e-07
337381.063    3.616063e-07
338144.871    3.196803e-07
338908.68    2.857933e-07
339672.488    2.379011e-07
340436.296    2.047809e-07
341200.105    2.448573e-07
341963.913    2.907182e-07
342727.721    3.056718e-07
343491.529    2.891987e-07
344255.338    2.919375e-07
345019.146    3.355942e-07
345782.954    3.486729e-07
346546.763    3.519182e-07
347310.571    3.792543e-07
348074.379    3.874118e-07
348838.187    3.718866e-07
349601.996    3.520069e-07
350365.804    3.125096e-07
351129.612    2.577735e-07
351893.42    2.482753e-07
352657.229    2.99888e-07
353421.037    3.705966e-07
354184.845    4.097967e-07
354948.654    3.843801e-07
355712.462    2.962445e-07
356476.27    2.139968e-07
357240.078    1.897689e-07
358003.887    1.81734e-07
358767.695    1.890307e-07
359531.503    2.02526e-07
360295.312    2.491411e-07
361059.12    2.754302e-07
361822.928    2.866268e-07
362586.736    3.119449e-07
363350.545    3.133825e-07
364114.353    2.872544e-07
364878.161    2.628611e-07
365641.969    2.480593e-07
366405.778    2.221499e-07
367169.586    2.384857e-07
367933.394    2.694564e-07
368697.203    2.78929e-07
369461.011    2.63713e-07
370224.819    2.299703e-07
370988.627    1.909039e-07
371752.436    1.644971e-07
372516.244    1.962992e-07
373280.052    2.621234e-07
374043.861    3.370731e-07
374807.669    3.623904e-07
375571.477    3.423151e-07
376335.285    2.792608e-07
377099.094    1.840013e-07
377862.902    1.498022e-07
378626.71    2.129681e-07
379390.519    2.406506e-07
380154.327    2.484509e-07
380918.135    2.362401e-07
381681.943    2.224432e-07
382445.752    1.881853e-07
383209.56    1.827998e-07
383973.368    2.312828e-07
384737.176    2.447536e-07
385500.985    2.407847e-07
386264.793    2.503029e-07
387028.601    2.518757e-07
387792.41    2.486789e-07
388556.218    2.473652e-07
389320.026    2.497703e-07
390083.834    2.729209e-07
390847.643    2.791822e-07
391611.451    2.033484e-07
392375.259    2.091886e-07
393139.068    2.332693e-07
393902.876    2.263491e-07
394666.684    1.817344e-07
395430.492    1.622034e-07
396194.301    1.604613e-07
396958.109    2.137608e-07
397721.917    2.857191e-07
398485.725    3.215977e-07
399249.534    3.016986e-07
400013.342    2.348487e-07
400777.15    1.888229e-07
401540.959    2.101361e-07
402304.767    2.556804e-07
403068.575    3.016372e-07
403832.383    3.079005e-07
404596.192    3.202952e-07
405360.0    3.202944e-07
405360.0    3.086056e-07
411465.035    2.757048e-07
417570.071    2.69709e-07
423675.106    2.6755e-07
429780.141    2.466135e-07
435885.176    2.238886e-07
441990.212    2.199921e-07
448095.247    2.168264e-07
454200.282    2.148386e-07
460305.318    2.391287e-07
466410.353    2.674538e-07
472515.388    2.805203e-07
478620.424    2.834926e-07
484725.459    2.695334e-07
490830.494    2.400115e-07
496935.529    1.983724e-07
503040.565    1.771839e-07
509145.6    1.882228e-07
515250.635    2.071204e-07
521355.671    2.383486e-07
527460.706    2.724417e-07
533565.741    2.885045e-07
539670.776    2.773203e-07
545775.812    2.641113e-07
551880.847    2.794333e-07
557985.882    3.186458e-07
564090.918    3.374014e-07
570195.953    3.230415e-07
576300.988    2.962837e-07
582406.024    2.484714e-07
588511.059    1.638766e-07
594616.094    8.025522e-08
600721.129    8.126915e-08
606826.165    1.196965e-07
612931.2    1.581443e-07
619036.235    1.992823e-07
625141.271    2.427911e-07
631246.306    2.656837e-07
637351.341    2.580483e-07
643456.376    2.336364e-07
649561.412    1.968803e-07
655666.447    1.455633e-07
661771.482    1.050533e-07
667876.518    1.082354e-07
673981.553    1.278547e-07
680086.588    1.327949e-07
686191.624    1.28273e-07
692296.659    1.217487e-07
698401.694    1.121591e-07
704506.729    1.049741e-07
710611.765    9.55012e-08
716716.8    8.020916e-08
722821.835    8.278742e-08
728926.871    9.467875e-08
735031.906    1.001602e-07
741136.941    1.144742e-07
747241.976    1.189297e-07
753347.012    1.276809e-07
759452.047    1.354494e-07
765557.082    1.415724e-07
771662.118    1.425001e-07
777767.153    1.284816e-07
783872.188    1.065766e-07
789977.224    9.675838e-08
796082.259    9.241451e-08
802187.294    8.189809e-08
808292.329    6.937204e-08
814397.365    6.48089e-08
820502.4    6.59735e-08
826607.435    7.057802e-08
832712.471    7.650404e-08
838817.506    8.039449e-08
844922.541    9.228182e-08
851027.576    1.114913e-07
857132.612    1.246524e-07
863237.647    1.282486e-07
869342.682    1.196748e-07
875447.718    1.03965e-07
881552.753    9.010868e-08
887657.788    8.045851e-08
893762.824    7.547614e-08
899867.859    7.425441e-08
905972.894    7.124093e-08
912077.929    7.232509e-08
918182.965    7.537317e-08
924288.0    7.072854e-08
930393.035    6.240626e-08
936498.071    5.993368e-08
942603.106    7.261377e-08
948708.141    8.9118e-08
954813.176    9.94681e-08
960918.212    1.014489e-07
967023.247    9.624284e-08
973128.282    8.866773e-08
979233.318    9.03306e-08
985338.353    1.001399e-07
991443.388    1.060025e-07
997548.424    9.84996e-08
1003653.459    8.340239e-08
1009758.494    7.158913e-08
1015863.529    6.294333e-08
1021968.565    5.666212e-08
1028073.6    5.665808e-08
1034178.635    6.708246e-08
1040283.671    8.174263e-08
1046388.706    9.072142e-08
1052493.741    9.283169e-08
1058598.776    9.053493e-08
1064703.812    8.792654e-08
1070808.847    9.098122e-08
1076913.882    9.121013e-08
1083018.918    8.050223e-08
1089123.953    7.141455e-08
1095228.988    7.911672e-08
1101334.024    9.8976e-08
1107439.059    1.260507e-07
1113544.094    1.55305e-07
1119649.129    1.668383e-07
1125754.165    1.543999e-07
1131859.2    1.496819e-07
1137964.235    1.559389e-07
1144069.271    1.540408e-07
1150174.306    1.549942e-07
1156279.341    1.607098e-07
1162384.376    1.477349e-07
1168489.412    1.170614e-07
1174594.447    9.729962e-08
1180699.482    8.778263e-08
1186804.518    8.593651e-08
1192909.553    1.072615e-07
1199014.588    1.470684e-07
1205119.624    1.637927e-07
1211224.659    1.663976e-07
1217329.694    1.750549e-07
1223434.729    1.798215e-07
1229539.765    1.802697e-07
1235644.8    1.854447e-07
1241749.835    1.922825e-07
1247854.871    2.08269e-07
1253959.906    2.178629e-07
1260064.941    2.085428e-07
1266169.976    1.968832e-07
1272275.012    1.948541e-07
1278380.047    1.873884e-07
1284485.082    1.710317e-07
1290590.118    1.706445e-07
1296695.153    1.973887e-07
1302800.188    2.181156e-07
1308905.224    2.200694e-07
1315010.259    2.098468e-07
1321115.294    1.806367e-07
1327220.329    1.669016e-07
1333325.365    1.890882e-07
1339430.4    2.114376e-07
1345535.435    2.103349e-07
1351640.471    1.851405e-07
1357745.506    1.510199e-07
1363850.541    1.307124e-07
1369955.576    1.233069e-07
1376060.612    1.21965e-07
1382165.647    1.221228e-07
1388270.682    1.222508e-07
1394375.718    1.28663e-07
1400480.753    1.345147e-07
1406585.788    1.372466e-07
1412690.824    1.50496e-07
1418795.859    1.660479e-07
1424900.894    1.692832e-07
1431005.929    1.635512e-07
1437110.965    1.493798e-07
1443216.0    1.312793e-07
1449321.035    1.28429e-07
1455426.071    1.417048e-07
1461531.106    1.486011e-07
1467636.141    1.445785e-07
1473741.176    1.348716e-07
1479846.212    1.233504e-07
1485951.247    1.169847e-07
1492056.282    1.230323e-07
1498161.318    1.260991e-07
1504266.353    1.123357e-07
1510371.388    9.263073e-08
1516476.424    8.602965e-08
1522581.459    9.682178e-08
1528686.494    1.110453e-07
1534791.529    1.143213e-07
1540896.565    1.121644e-07
1547001.6    1.14714e-07
1553106.635    1.167799e-07
1559211.671    1.321505e-07
1565316.706    1.224085e-07
1571421.741    1.070122e-07
1577526.776    9.728199e-08
1583631.812    1.105974e-07
1589736.847    1.355971e-07
1595841.882    1.554385e-07
1601946.918    1.674485e-07
1608051.953    1.61828e-07
1614156.988    1.337229e-07
1620262.024    9.757517e-08
1626367.059    7.783834e-08
1632472.094    7.978318e-08
1638577.129    8.868206e-08
1644682.165    9.481619e-08
1650787.2    8.96397e-08
1656892.235    8.25252e-08
1662997.271    7.653473e-08
1669102.306    7.068547e-08
1675207.341    7.634238e-08
1681312.376    8.320414e-08
1687417.412    8.728492e-08
1693522.447    1.013596e-07
1699627.482    1.193438e-07
1705732.518    1.360512e-07
1711837.553    1.407913e-07
1717942.588    1.227127e-07
1724047.624    9.409792e-08
1730152.659    8.305576e-08
1736257.694    8.893473e-08
1742362.729    8.745489e-08
1748467.765    8.034389e-08
1754572.8    8.430587e-08
1760677.835    8.595011e-08
1766782.871    7.805224e-08
1772887.906    7.280096e-08
1778992.941    8.99296e-08
1785097.976    1.290122e-07
1791203.012    1.701612e-07
1797308.047    1.921481e-07
1803413.082    1.890252e-07
1809518.118    1.706935e-07
1815623.153    1.435359e-07
1821728.188    1.133696e-07
1827833.224    9.232976e-08
1833938.259    8.21079e-08
1840043.294    8.31917e-08
1846148.329    8.717278e-08
1852253.365    9.169783e-08
1858358.4    1.049042e-07
1864463.435    1.179178e-07
1870568.471    1.212684e-07
1876673.506    1.181675e-07
1882778.541    1.115453e-07
1888883.576    1.026926e-07
1894988.612    9.099409e-08
1901093.647    8.308601e-08
1907198.682    8.182882e-08
1913303.718    8.372396e-08
1919408.753    8.570811e-08
1925513.788    9.167323e-08
1931618.824    1.032181e-07
1937723.859    1.097799e-07
1943828.894    1.136795e-07
1949933.929    1.237405e-07
1956038.965    1.256727e-07
1962144.0    1.168198e-07
1968249.035    1.154819e-07
1974354.071    1.202916e-07
1980459.106    1.110284e-07
1986564.141    9.147838e-08
1992669.176    7.931406e-08
1998774.212    6.92e-08
2004879.247    6.515659e-08
2010984.282    7.057221e-08
2017089.318    7.774564e-08
2023194.353    8.325695e-08
2029299.388    8.875035e-08
2035404.424    9.645821e-08
2041509.459    1.046232e-07
2047614.494    1.209148e-07
2053719.529    1.408861e-07
2059824.565    1.42661e-07
2065929.6    1.440671e-07
2072034.635    1.664829e-07
2078139.671    1.906629e-07
2084244.706    1.935749e-07
2090349.741    1.793643e-07
2096454.776    1.650525e-07
2102559.812    1.513228e-07
2108664.847    1.310241e-07
2114769.882    1.207593e-07
2120874.918    1.252504e-07
2126979.953    1.371022e-07
2133084.988    1.434425e-07
2139190.024    1.373035e-07
2145295.059    1.212862e-07
2151400.094    1.035873e-07
2157505.129    8.879226e-08
2163610.165    8.653441e-08
2169715.2    9.675271e-08
2175820.235    1.098515e-07
2181925.271    1.268735e-07
2188030.306    1.399015e-07
2194135.341    1.473864e-07
2200240.376    1.519733e-07
2206345.412    1.520978e-07
2212450.447    1.445821e-07
2218555.482    1.326304e-07
2224660.518    1.173636e-07
2230765.553    1.031561e-07
2236870.588    1.015693e-07
2242975.624    1.14753e-07
2249080.659    1.328701e-07
2255185.694    1.425988e-07
2261290.729    1.370228e-07
2267395.765    1.251115e-07
2273500.8    1.262099e-07
2279605.835    1.33265e-07
2285710.871    1.32014e-07
2291815.906    1.304767e-07
2297920.941    1.406046e-07
2304025.976    1.479315e-07
2310131.012    1.467721e-07
2316236.047    1.461419e-07
2322341.082    1.465279e-07
2328446.118    1.355021e-07
2334551.153    1.175318e-07
2340656.188    1.142161e-07
2346761.224    1.267898e-07
2352866.259    1.288271e-07
2358971.294    1.224827e-07
2365076.329    1.222877e-07
2371181.365    1.195365e-07
2377286.4    1.101749e-07
2383391.435    1.090861e-07
2389496.471    1.097798e-07
2395601.506    9.705645e-08
2401706.541    8.057673e-08
2407811.576    7.54665e-08
2413916.612    9.367463e-08
2420021.647    1.223405e-07
2426126.682    1.409124e-07
2432231.718    1.463632e-07
2438336.753    1.379961e-07
2444441.788    1.130531e-07
2450546.824    8.181986e-08
2456651.859    7.804525e-08
2462756.894    8.685494e-08
2468861.929    9.548484e-08
2474966.965    1.091274e-07
2481072.0    1.205547e-07
2487177.035    1.19922e-07
2493282.071    1.176177e-07
2499387.106    1.208239e-07
2505492.141    1.175999e-07
2511597.176    1.056135e-07
2517702.212    9.421756e-08
2523807.247    8.841118e-08
2529912.282    8.402343e-08
2536017.318    7.684758e-08
2542122.353    8.810967e-08
2548227.388    1.124589e-07
2554332.424    1.233288e-07
2560437.459    1.181249e-07
2566542.494    9.5304e-08
2572647.529    6.219112e-08
2578752.565    5.709266e-08
2584857.6    7.13103e-08
2590962.635    8.235146e-08
2597067.671    8.886221e-08
2603172.706    8.690549e-08
2609277.741    7.967653e-08
2615382.776    7.753953e-08
2621487.812    8.897295e-08
2627592.847    1.075139e-07
2633697.882    1.13116e-07
2639802.918    1.133395e-07
2645907.953    1.226985e-07
2652012.988    1.229058e-07
2658118.024    1.009233e-07
2664223.059    6.517107e-08
2670328.094    4.129166e-08
2676433.129    5.624806e-08
2682538.165    7.944756e-08
2688643.2    9.22e-08
2694748.235    8.893547e-08
2700853.271    7.771438e-08
2706958.306    7.220854e-08
2713063.341    1.644852e-07
2719168.376    1.460518e-07
2725273.412    1.265077e-07
2731378.447    1.106653e-07
2737483.482    1.065061e-07
2743588.518    1.192035e-07
2749693.553    1.34286e-07
2755798.588    1.425169e-07
2761903.624    1.413497e-07
2768008.659    1.275115e-07
2774113.694    1.056217e-07
2780218.729    8.805869e-08
2786323.765    7.634241e-08
2792428.8    7.418674e-08
2798533.835    7.160036e-08
2804638.871    7.078395e-08
2810743.906    6.674384e-08
2816848.941    5.637768e-08
2822953.976    5.117253e-08
2829059.012    5.837528e-08
2835164.047    7.149517e-08
2841269.082    8.340679e-08
2847374.118    8.56045e-08
2853479.153    8.261953e-08
2859584.188    9.211665e-08
2865689.224    1.081257e-07
2871794.259    1.095038e-07
2877899.294    9.319343e-08
2884004.329    8.135134e-08
2890109.365    8.436998e-08
2896214.4    8.967643e-08
2902319.435    9.498144e-08
2908424.471    9.966262e-08
2914529.506    1.003831e-07
2920634.541    9.670769e-08
2926739.576    9.305919e-08
2932844.612    9.709026e-08
2938949.647    1.024813e-07
2945054.682    1.068366e-07
2951159.718    1.150379e-07
2957264.753    1.173832e-07
2963369.788    1.084423e-07
2969474.824    1.029891e-07
2975579.859    1.170477e-07
2981684.894    1.357877e-07
2987789.929    1.385752e-07
2993894.965    1.255245e-07
3000000.0    1.056051e-07
