# AG4395A Measurement
# Timestamp: Dec 17 2014 - 17:09:51
# Parameter File: SPAG4395Atemplate.yml
1000.0    1.425116e-05
1008.001    2.611012e-05
1016.003    3.288647e-05
1024.004    3.336931e-05
1032.005    3.163584e-05
1040.006    2.413576e-05
1048.008    3.461488e-06
1056.009    1.317921e-06
1064.01    8.881571e-07
1072.011    7.575406e-07
1080.013    7.787247e-07
1088.014    7.932277e-07
1096.015    1.044764e-06
1104.016    1.280498e-06
1112.018    1.54589e-06
1120.019    1.269988e-05
1128.02    2.667145e-05
1136.021    3.594676e-05
1144.023    3.850273e-05
1152.024    3.742796e-05
1160.025    2.989526e-05
1168.026    4.963324e-06
1176.028    1.291496e-06
1184.029    8.458143e-07
1192.03    8.416206e-07
1200.031    9.413892e-07
1208.033    9.589539e-07
1216.034    8.513621e-07
1224.035    1.03115e-06
1232.036    1.308677e-06
1240.038    3.195025e-06
1248.039    6.214838e-06
1256.04    8.448202e-06
1264.041    8.828998e-06
1272.043    8.580515e-06
1280.044    7.110882e-06
1288.045    1.531425e-06
1296.046    6.484495e-07
1304.048    4.018591e-07
1312.049    6.278339e-07
1320.05    7.707558e-07
1328.051    8.206849e-07
1336.053    8.62191e-07
1344.054    1.007564e-06
1352.055    1.338375e-06
1360.056    3.852801e-06
1368.058    8.62639e-06
1376.059    1.387974e-05
1384.06    1.39538e-05
1392.061    1.384536e-05
1400.063    7.247009e-06
1408.064    2.642658e-06
1416.065    6.90094e-07
1424.066    3.633018e-07
1432.068    4.767178e-07
1440.069    5.653392e-07
1448.07    6.422413e-07
1456.071    5.9812e-07
1464.073    5.883226e-07
1472.074    8.723991e-07
1480.075    2.296454e-06
1488.076    5.464218e-06
1496.078    9.476548e-06
1504.079    9.478478e-06
1512.08    9.349772e-06
1520.081    5.305276e-06
1528.083    2.014723e-06
1536.084    5.233325e-07
1544.085    4.277316e-07
1552.086    5.461174e-07
1560.088    6.224181e-07
1568.089    6.789973e-07
1576.09    6.257273e-07
1584.091    4.902741e-07
1592.093    6.164736e-07
1600.094    1.575037e-06
1608.095    3.928985e-06
1616.096    7.347736e-06
1624.098    7.422852e-06
1632.099    7.362895e-06
1640.1    4.460648e-06
1648.101    1.849217e-06
1656.103    5.851079e-07
1664.104    3.955784e-07
1672.105    3.878452e-07
1680.106    3.906502e-07
1688.108    4.637358e-07
1696.109    4.616592e-07
1704.11    3.875151e-07
1712.111    3.451365e-07
1720.113    1.166628e-06
1728.114    6.863858e-06
1736.115    8.352616e-06
1744.116    8.563139e-06
1752.118    7.992578e-06
1760.119    5.695214e-06
1768.12    2.537367e-06
1776.121    3.06522e-07
1784.123    4.733891e-07
1792.124    7.084894e-07
1800.125    8.348071e-07
1808.126    8.420104e-07
1816.128    8.17712e-07
1824.129    5.641669e-07
1832.13    5.491924e-07
1840.131    5.628586e-07
1848.133    1.361122e-06
1856.134    1.687752e-06
1864.135    1.780219e-06
1872.136    1.731289e-06
1880.138    1.326379e-06
1888.139    7.480599e-07
1896.14    3.001404e-07
1904.141    2.901549e-07
1912.143    3.05893e-07
1920.144    2.73812e-07
1928.145    2.223281e-07
1936.146    2.296906e-07
1944.148    2.970532e-07
1952.149    2.830788e-07
1960.15    2.892612e-07
1968.151    1.91096e-06
1976.153    2.554632e-06
1984.154    2.696044e-06
1992.155    2.603417e-06
2000.156    2.062514e-06
2008.158    1.129784e-06
2016.159    2.80315e-07
2024.16    3.164616e-07
2032.161    4.242172e-07
2040.163    5.744511e-07
2048.164    5.99219e-07
2056.165    6.004516e-07
2064.166    4.6125e-07
2072.168    4.106269e-07
2080.169    4.253718e-07
2088.17    2.45556e-06
2096.171    3.384674e-06
2104.173    3.661404e-06
2112.174    3.581603e-06
2120.175    2.890908e-06
2128.176    5.154022e-07
2136.178    2.389988e-07
2144.179    2.41497e-07
2152.18    3.520686e-07
2160.181    3.706762e-07
2168.183    3.710723e-07
2176.184    2.823136e-07
2184.185    2.167778e-07
2192.186    2.230572e-07
2200.188    9.231671e-07
2208.189    2.166315e-06
2216.19    3.162408e-06
2224.191    3.515825e-06
2232.193    3.487352e-06
2240.194    2.950306e-06
2248.195    5.664865e-07
2256.196    1.999476e-07
2264.198    2.4551e-07
2272.199    2.779535e-07
2280.2    2.702726e-07
2288.201    2.689974e-07
2296.203    2.48895e-07
2304.204    2.466517e-07
2312.205    2.771558e-07
2320.206    1.009506e-06
2328.208    2.482434e-06
2336.209    3.761517e-06
2344.21    4.237791e-06
2352.211    4.196401e-06
2360.213    3.645231e-06
2368.214    8.520154e-07
2376.215    2.798699e-07
2384.216    1.973868e-07
2392.218    1.611354e-07
2400.219    2.122336e-07
2408.22    2.599364e-07
2416.221    3.276441e-07
2424.223    3.12988e-07
2432.224    3.199662e-07
2440.225    7.650452e-07
2448.226    1.911302e-06
2456.228    3.435339e-06
2464.229    3.466221e-06
2472.23    3.452549e-06
2480.231    2.016099e-06
2488.233    8.240027e-07
2496.234    2.376036e-07
2504.235    3.487487e-07
2512.236    4.997182e-07
2520.238    5.541742e-07
2528.239    5.398371e-07
2536.24    5.13419e-07
2544.241    4.381797e-07
2552.243    3.069376e-07
2560.244    4.033351e-07
2568.245    8.181272e-07
2576.246    1.58466e-06
2584.248    1.610914e-06
2592.249    1.604688e-06
2600.25    1.112762e-06
2608.251    5.868575e-07
2616.253    3.018069e-07
2624.254    2.891708e-07
2632.255    3.170307e-07
2640.256    3.42442e-07
2648.258    3.793332e-07
2656.259    3.521042e-07
2664.26    3.003634e-07
2672.261    2.870581e-07
2680.263    3.684343e-07
2688.264    8.246772e-07
2696.265    1.765545e-06
2704.266    1.81015e-06
2712.268    1.798903e-06
2720.269    1.219714e-06
2728.27    6.246905e-07
2736.271    3.47718e-07
2744.273    2.808955e-07
2752.274    3.055986e-07
2760.275    3.268101e-07
2768.276    3.182876e-07
2776.278    3.027997e-07
2784.279    2.600808e-07
2792.28    2.41715e-07
2800.281    3.762917e-07
2808.283    1.477537e-06
2816.284    1.836096e-06
2824.285    1.872556e-06
2832.286    1.762505e-06
2840.288    1.361903e-06
2848.289    7.335053e-07
2856.29    2.566182e-07
2864.291    2.641e-07
2872.293    3.66628e-07
2880.294    4.465135e-07
2888.295    4.271448e-07
2896.296    4.041438e-07
2904.298    2.814376e-07
2912.299    3.132251e-07
2920.3    5.202805e-07
2928.301    3.160648e-06
2936.303    4.184717e-06
2944.304    4.409317e-06
2952.305    4.19607e-06
2960.306    3.272613e-06
2968.308    1.685818e-06
2976.309    3.587597e-07
2984.31    4.040219e-07
2992.311    4.627944e-07
3000.313    5.59362e-07
3008.314    5.57558e-07
3016.315    5.222869e-07
3024.316    3.375891e-07
3032.318    2.412798e-07
3040.319    2.412987e-07
3048.32    1.203309e-06
3056.321    1.673606e-06
3064.323    1.790913e-06
3072.324    1.707306e-06
3080.325    1.405871e-06
3088.326    8.130089e-07
3096.328    3.743768e-07
3104.329    3.656894e-07
3112.33    3.930884e-07
3120.331    4.333117e-07
3128.333    4.291056e-07
3136.334    4.340483e-07
3144.335    3.859844e-07
3152.336    3.592492e-07
3160.338    3.338558e-07
3168.339    2.461295e-06
3176.34    3.62803e-06
3184.341    4.008557e-06
3192.343    3.937892e-06
3200.344    3.334318e-06
3208.345    7.374451e-07
3216.346    3.483933e-07
3224.348    2.989911e-07
3232.349    2.595923e-07
3240.35    2.436631e-07
3248.351    2.287722e-07
3256.353    2.247902e-07
3264.354    2.514647e-07
3272.355    2.637643e-07
3280.356    1.060414e-06
3288.358    2.796506e-06
3296.359    4.37056e-06
3304.36    5.015266e-06
3312.361    4.989737e-06
3320.363    4.382734e-06
3328.364    1.053599e-06
3336.365    2.978349e-07
3344.366    1.943739e-07
3352.368    2.160684e-07
3360.369    2.738018e-07
3368.37    3.05016e-07
3376.371    2.480356e-07
3384.373    2.196092e-07
3392.374    2.771359e-07
3400.375    7.343374e-07
3408.376    1.817923e-06
3416.378    2.913886e-06
3424.379    3.338364e-06
3432.38    3.286535e-06
3440.381    2.92981e-06
3448.383    6.905987e-07
3456.384    2.65306e-07
3464.385    2.609474e-07
3472.386    1.855587e-07
3480.388    2.172212e-07
3488.389    2.468738e-07
3496.39    3.168177e-07
3504.391    3.660035e-07
3512.393    4.276029e-07
3520.394    1.12184e-06
3528.395    2.65631e-06
3536.396    5.182057e-06
3544.398    5.244799e-06
3552.399    5.20857e-06
3560.4    3.383453e-06
3568.401    1.47273e-06
3576.403    3.334872e-07
3584.404    1.953685e-07
3592.405    2.396548e-07
3600.406    3.020041e-07
3608.408    3.197378e-07
3616.409    2.745887e-07
3624.41    2.474991e-07
3632.411    4.386953e-07
3640.413    7.161115e-07
3648.414    1.572167e-06
3656.415    3.290952e-06
3664.416    3.366229e-06
3672.418    3.352737e-06
3680.419    2.383861e-06
3688.42    1.190551e-06
3696.421    4.153354e-07
3704.423    2.203295e-07
3712.424    2.462039e-07
3720.425    2.782548e-07
3728.426    3.362907e-07
3736.428    3.45339e-07
3744.429    3.638866e-07
3752.43    4.839828e-07
3760.431    7.135562e-07
3768.433    1.549963e-06
3776.434    3.499283e-06
3784.435    3.616798e-06
3792.436    3.584345e-06
3800.438    2.67093e-06
3808.439    1.423387e-06
3816.44    5.558463e-07
3824.441    2.972284e-07
3832.443    2.87226e-07
3840.444    3.144238e-07
3848.445    3.263837e-07
3856.446    2.987674e-07
3864.448    2.95075e-07
3872.449    3.895199e-07
3880.45    5.209919e-07
3888.451    1.141492e-06
3896.453    2.836748e-06
3904.454    2.962948e-06
3912.455    2.777157e-06
3920.456    2.216088e-06
3928.458    1.23183e-06
3936.459    4.125265e-07
3944.46    3.371777e-07
3952.461    3.046862e-07
3960.463    3.599057e-07
3968.464    3.583174e-07
3976.465    3.277512e-07
3984.466    3.022749e-07
3992.468    3.28869e-07
4000.469    4.057289e-07
4008.47    1.995058e-06
4016.471    2.771075e-06
4024.473    2.940924e-06
4032.474    2.729015e-06
4040.475    2.213252e-06
4048.476    1.236861e-06
4056.478    5.267252e-07
4064.479    4.468475e-07
4072.48    3.482268e-07
4080.481    3.520526e-07
4088.483    3.45301e-07
4096.484    2.999234e-07
4104.485    1.813764e-07
4112.486    1.970686e-07
4120.488    3.006018e-07
4128.489    1.628674e-06
4136.49    2.388413e-06
4144.491    2.642601e-06
4152.493    2.56457e-06
4160.494    2.157415e-06
4168.495    1.277764e-06
4176.496    5.132109e-07
4184.498    4.968037e-07
4192.499    4.278189e-07
4200.5    4.612292e-07
4208.501    4.945253e-07
4216.503    4.537867e-07
4224.504    3.872998e-07
4232.505    3.600011e-07
4240.506    2.823676e-07
4248.508    1.547383e-06
4256.509    2.510618e-06
4264.51    2.957084e-06
4272.511    2.971217e-06
4280.513    2.677266e-06
4288.514    8.361847e-07
4296.515    5.296775e-07
4304.516    4.875413e-07
4312.518    3.362795e-07
4320.519    3.604066e-07
4328.52    4.234204e-07
4336.521    4.205067e-07
4344.523    4.165122e-07
4352.524    4.209128e-07
4360.525    5.737039e-07
4368.526    1.530183e-06
4376.528    2.573611e-06
4384.529    3.05005e-06
4392.53    3.034316e-06
4400.531    2.772829e-06
4408.533    8.53499e-07
4416.534    4.599373e-07
4424.535    4.091024e-07
4432.536    2.648297e-07
4440.538    3.239358e-07
4448.539    4.009931e-07
4456.54    3.764779e-07
4464.541    3.787242e-07
4472.543    4.591143e-07
4480.544    6.492577e-07
4488.545    1.475417e-06
4496.546    2.550895e-06
4504.548    3.118909e-06
4512.549    3.09298e-06
4520.55    2.868803e-06
4528.551    9.020355e-07
4536.553    4.221517e-07
4544.554    4.249393e-07
4552.555    4.417286e-07
4560.556    4.806176e-07
4568.558    5.211123e-07
4576.559    4.647925e-07
4584.56    4.292629e-07
4592.561    4.861295e-07
4600.563    7.372362e-07
4608.564    1.48805e-06
4616.565    3.229187e-06
4624.566    3.311078e-06
4632.568    3.290466e-06
4640.569    2.394702e-06
4648.57    1.208732e-06
4656.571    4.191085e-07
4664.573    2.934838e-07
4672.574    2.651865e-07
4680.575    2.556218e-07
4688.576    2.787517e-07
4696.578    2.67851e-07
4704.579    2.885372e-07
4712.58    4.68863e-07
4720.581    5.95523e-07
4728.583    1.093682e-06
4736.584    2.476267e-06
4744.585    2.59625e-06
4752.586    2.608348e-06
4760.588    1.994661e-06
4768.589    1.058185e-06
4776.59    4.00578e-07
4784.591    3.599307e-07
4792.593    4.026586e-07
4800.594    4.614027e-07
4808.595    5.354344e-07
4816.596    5.123962e-07
4824.598    5.060954e-07
4832.599    5.863736e-07
4840.6    7.173655e-07
4848.601    1.345654e-06
4856.603    3.298375e-06
4864.604    3.453079e-06
4872.605    3.393415e-06
4880.606    2.687917e-06
4888.608    1.509484e-06
4896.609    6.048914e-07
4904.61    4.701156e-07
4912.611    4.706534e-07
4920.613    5.024677e-07
4928.614    5.220558e-07
4936.615    4.629603e-07
4944.616    4.29165e-07
4952.618    5.226924e-07
4960.619    6.154169e-07
4968.62    1.163401e-06
4976.621    3.272662e-06
4984.623    3.492873e-06
4992.624    3.287713e-06
5000.625    2.756252e-06
5008.626    1.606316e-06
5016.628    5.83425e-07
5024.629    5.465422e-07
5032.63    5.066892e-07
5040.631    5.811189e-07
5048.633    6.112302e-07
5056.634    5.950773e-07
5064.635    5.412389e-07
5072.636    5.537713e-07
5080.638    5.889028e-07
5088.639    2.246946e-06
5096.64    3.358261e-06
5104.641    3.731819e-06
5112.643    3.611148e-06
5120.644    3.121361e-06
5128.645    1.947873e-06
5136.646    5.370024e-07
5144.648    5.209337e-07
5152.649    4.730334e-07
5160.65    4.824072e-07
5168.651    4.948876e-07
5176.653    4.443858e-07
5184.654    3.5603e-07
5192.655    3.870699e-07
5200.656    4.713404e-07
5208.658    1.830126e-06
5216.659    2.81434e-06
5224.66    3.198893e-06
5232.661    3.091245e-06
5240.663    2.734771e-06
5248.664    1.812259e-06
5256.665    5.9586e-07
5264.666    5.521872e-07
5272.668    4.337623e-07
5280.669    4.490969e-07
5288.67    5.006895e-07
5296.671    4.812769e-07
5304.673    3.910216e-07
5312.674    3.638763e-07
5320.675    3.6867e-07
5328.676    2.165369e-06
5336.678    3.639229e-06
5344.679    4.355952e-06
5352.68    4.330209e-06
5360.681    3.988649e-06
5368.683    1.293147e-06
5376.684    6.359386e-07
5384.685    5.302971e-07
5392.686    3.349139e-07
5400.688    4.38498e-07
5408.689    5.424225e-07
5416.69    5.159534e-07
5424.691    4.69308e-07
5432.693    4.592139e-07
5440.694    6.837463e-07
5448.695    1.880858e-06
5456.696    3.406403e-06
5464.698    4.350277e-06
5472.699    4.349527e-06
5480.7    4.09702e-06
5488.701    1.486562e-06
5496.703    6.992176e-07
5504.704    6.234776e-07
5512.705    5.057976e-07
5520.706    5.1365e-07
5528.708    5.754205e-07
5536.709    5.381663e-07
5544.71    6.089517e-07
5552.711    6.793505e-07
5560.713    6.660208e-07
5568.714    1.191891e-06
5576.715    2.205583e-06
5584.716    3.036326e-06
5592.718    3.06999e-06
5600.719    2.973479e-06
5608.72    1.26045e-06
5616.721    6.417619e-07
5624.723    6.051047e-07
5632.724    4.681121e-07
5640.725    5.124422e-07
5648.726    6.142262e-07
5656.728    6.279218e-07
5664.729    6.5846e-07
5672.73    7.767173e-07
5680.731    8.379872e-07
5688.733    1.268918e-06
5696.734    2.368264e-06
5704.735    3.413018e-06
5712.736    3.490765e-06
5720.738    2.7978e-06
5728.739    1.548736e-06
5736.74    6.156426e-07
5744.741    6.028921e-07
5752.743    6.385588e-07
5760.744    7.118246e-07
5768.745    8.256261e-07
5776.746    7.591333e-07
5784.748    6.902094e-07
5792.749    7.311806e-07
5800.75    6.470268e-07
5808.751    1.014436e-06
5816.753    3.321357e-06
5824.754    3.719044e-06
5832.755    3.870774e-06
5840.756    3.324119e-06
5848.758    2.02107e-06
5856.759    8.451166e-07
5864.76    4.627823e-07
5872.761    4.96306e-07
5880.763    6.029688e-07
5888.764    8.057011e-07
5896.765    7.601231e-07
5904.766    7.09757e-07
5912.768    7.001058e-07
5920.769    6.429462e-07
5928.77    9.307547e-07
5936.771    3.033229e-06
5944.773    3.412874e-06
5952.774    3.517227e-06
5960.775    3.083203e-06
5968.776    1.901396e-06
5976.778    7.566994e-07
5984.779    5.365375e-07
5992.78    6.119686e-07
6000.781    6.996099e-07
6008.783    7.910082e-07
6016.784    7.140176e-07
6024.785    6.289952e-07
6032.786    6.813477e-07
6040.788    6.71412e-07
6048.789    8.197091e-07
6056.79    2.656839e-06
6064.791    3.044743e-06
6072.793    3.142115e-06
6080.794    2.799052e-06
6088.795    1.813393e-06
6096.796    5.845984e-07
6104.798    5.760686e-07
6112.799    5.395207e-07
6120.8    6.962211e-07
6128.801    7.713173e-07
6136.803    7.600324e-07
6144.804    7.516562e-07
6152.805    7.778877e-07
6160.806    7.028232e-07
6168.808    2.01812e-06
6176.809    3.415385e-06
6184.81    4.074554e-06
6192.811    4.269604e-06
6200.813    3.905475e-06
6208.814    2.687407e-06
6216.815    9.290644e-07
6224.816    9.564858e-07
6232.818    9.120056e-07
6240.819    9.505203e-07
6248.82    9.657737e-07
6256.821    8.921988e-07
6264.823    7.254798e-07
6272.824    7.031812e-07
6280.825    6.257432e-07
6288.826    2.569597e-06
6296.828    4.634436e-06
6304.829    5.686945e-06
6312.83    5.98414e-06
6320.831    5.63447e-06
6328.833    4.093939e-06
6336.834    9.119323e-07
6344.835    7.966942e-07
6352.836    7.206925e-07
6360.838    7.991003e-07
6368.839    8.948419e-07
6376.84    8.828965e-07
6384.841    7.165099e-07
6392.843    6.673623e-07
6400.844    5.909297e-07
6408.845    2.175529e-06
6416.846    4.100615e-06
6424.848    5.443416e-06
6432.849    5.507986e-06
6440.85    5.25682e-06
6448.851    2.030746e-06
6456.853    8.863221e-07
6464.854    7.759235e-07
6472.855    6.262213e-07
6480.856    6.815623e-07
6488.858    8.26185e-07
6496.859    7.576996e-07
6504.86    7.01057e-07
6512.861    7.192531e-07
6520.863    7.417191e-07
6528.864    2.063472e-06
6536.865    4.09326e-06
6544.866    5.692524e-06
6552.868    5.753341e-06
6560.869    5.579742e-06
6568.87    2.337695e-06
6576.871    9.585029e-07
6584.873    8.211259e-07
6592.874    6.054156e-07
6600.875    6.044517e-07
6608.876    7.219851e-07
6616.878    7.428014e-07
6624.879    7.53811e-07
6632.88    8.78234e-07
6640.881    9.872808e-07
6648.883    1.880145e-06
6656.884    3.828641e-06
6664.885    5.668014e-06
6672.886    5.756665e-06
6680.888    5.698613e-06
6688.889    2.704794e-06
6696.89    1.096486e-06
6704.891    7.013161e-07
6712.893    4.30793e-07
6720.894    4.904449e-07
6728.895    6.797972e-07
6736.896    7.676134e-07
6744.898    8.056961e-07
6752.899    9.801453e-07
6760.9    1.041479e-06
6768.901    1.406386e-06
6776.903    2.952149e-06
6784.904    4.808418e-06
6792.905    4.960055e-06
6800.906    4.290708e-06
6808.908    2.600391e-06
6816.909    1.079967e-06
6824.91    7.804704e-07
6832.911    7.967881e-07
6840.913    8.667025e-07
6848.914    1.034036e-06
6856.915    9.325813e-07
6864.916    8.618699e-07
6872.918    1.022885e-06
6880.919    9.679112e-07
6888.92    1.116548e-06
6896.921    3.56127e-06
6904.923    4.066364e-06
6912.924    4.203759e-06
6920.925    3.7876e-06
6928.926    2.423356e-06
6936.928    1.070487e-06
6944.929    8.509027e-07
6952.93    8.348412e-07
6960.931    8.691394e-07
6968.933    1.065565e-06
6976.934    9.71471e-07
6984.935    8.696344e-07
6992.936    1.059801e-06
7000.938    1.058493e-06
7008.939    1.09151e-06
7016.94    3.665957e-06
7024.941    4.314209e-06
7032.943    4.465237e-06
7040.944    4.130713e-06
7048.945    2.758762e-06
7056.946    1.178537e-06
7064.948    7.025063e-07
7072.949    7.060159e-07
7080.95    7.426774e-07
7088.951    9.2584e-07
7096.953    8.863606e-07
7104.954    8.167805e-07
7112.955    9.185305e-07
7120.956    9.105463e-07
7128.958    1.086237e-06
7136.959    4.446882e-06
7144.96    5.394311e-06
7152.961    5.772557e-06
7160.963    5.412599e-06
7168.964    3.884091e-06
7176.965    1.051226e-06
7184.966    1.064711e-06
7192.968    1.102179e-06
7200.969    1.317305e-06
7208.97    1.441161e-06
7216.971    1.3875e-06
7224.973    1.183219e-06
7232.974    1.18687e-06
7240.975    1.090688e-06
7248.976    2.145585e-06
7256.978    3.929108e-06
7264.979    4.927627e-06
7272.98    5.345418e-06
7280.981    5.102731e-06
7288.983    3.804059e-06
7296.984    1.193748e-06
7304.985    1.12929e-06
7312.986    1.053423e-06
7320.988    1.208507e-06
7328.989    1.351145e-06
7336.99    1.322083e-06
7344.991    1.150626e-06
7352.993    1.147354e-06
7360.994    1.036241e-06
7368.995    1.808908e-06
7376.996    3.693212e-06
7384.998    4.888058e-06
7392.999    5.434925e-06
7401.0    5.304885e-06
7401.0    2.871649e-06
7460.214    2.82869e-06
7519.428    2.917284e-06
7578.641    2.872113e-06
7637.855    2.879221e-06
7697.069    2.981857e-06
7756.283    3.160263e-06
7815.496    3.103075e-06
7874.71    3.139331e-06
7933.924    3.166014e-06
7993.138    3.214029e-06
8052.351    3.177757e-06
8111.565    3.189768e-06
8170.779    3.18615e-06
8229.993    3.384355e-06
8289.206    3.345351e-06
8348.42    3.208452e-06
8407.634    2.654903e-06
8466.848    2.272836e-06
8526.061    1.869344e-06
8585.275    1.644507e-06
8644.489    1.701593e-06
8703.703    1.983238e-06
8762.916    2.184276e-06
8822.13    2.344712e-06
8881.344    2.456918e-06
8940.558    2.433595e-06
8999.771    2.37601e-06
9058.985    2.337552e-06
9118.199    2.34855e-06
9177.413    2.24199e-06
9236.626    2.177865e-06
9295.84    2.025941e-06
9355.054    1.913551e-06
9414.268    1.590234e-06
9473.481    1.450151e-06
9532.695    1.258371e-06
9591.909    1.119062e-06
9651.123    8.797742e-07
9710.336    9.299491e-07
9769.55    9.66001e-07
9828.764    1.052986e-06
9887.978    1.126674e-06
9947.191    1.098591e-06
10006.405    1.043984e-06
10065.619    1.053183e-06
10124.833    8.99539e-07
10184.046    9.184626e-07
10243.26    9.724967e-07
10302.474    1.043858e-06
10361.688    1.105597e-06
10420.901    1.135003e-06
10480.115    1.128247e-06
10539.329    1.121675e-06
10598.543    1.050308e-06
10657.756    1.057866e-06
10716.97    1.028725e-06
10776.184    1.013074e-06
10835.398    9.524618e-07
10894.611    9.113741e-07
10953.825    8.933888e-07
11013.039    9.861816e-07
11072.253    1.070006e-06
11131.466    1.029132e-06
11190.68    8.704226e-07
11249.894    7.45957e-07
11309.108    6.349807e-07
11368.321    4.279169e-07
11427.535    4.537359e-07
11486.749    5.212796e-07
11545.963    5.681288e-07
11605.176    6.476782e-07
11664.39    6.256598e-07
11723.604    5.846893e-07
11782.818    5.166878e-07
11842.031    4.785157e-07
11901.245    4.441793e-07
11960.459    4.095941e-07
12019.673    4.321712e-07
12078.886    4.962621e-07
12138.1    4.342058e-07
12197.314    3.371028e-07
12256.528    2.688745e-07
12315.741    2.717983e-07
12374.955    4.051693e-07
12434.169    4.339211e-07
12493.383    4.309975e-07
12552.596    4.672247e-07
12611.81    6.857379e-07
12671.024    7.773012e-07
12730.238    7.481622e-07
12789.451    6.739808e-07
12848.665    6.166414e-07
12907.879    6.745605e-07
12967.093    7.21949e-07
13026.306    7.161491e-07
13085.52    6.178603e-07
13144.734    5.785698e-07
13203.948    5.623296e-07
13263.161    5.326816e-07
13322.375    4.467267e-07
13381.589    3.378555e-07
13440.803    2.523952e-07
13500.016    2.487826e-07
13559.23    3.393704e-07
13618.444    4.631155e-07
13677.658    4.691338e-07
13736.871    4.700957e-07
13796.085    4.656078e-07
13855.299    5.030438e-07
13914.513    4.853998e-07
13973.726    4.402738e-07
14032.94    4.046086e-07
14092.154    4.759048e-07
14151.368    5.762163e-07
14210.581    6.64057e-07
14269.795    7.638724e-07
14329.009    9.006114e-07
14388.223    9.099003e-07
14447.436    9.37603e-07
14506.65    9.941878e-07
14565.864    8.77881e-07
14625.078    7.987828e-07
14684.291    7.803136e-07
14743.505    7.689494e-07
14802.719    6.311089e-07
14861.933    5.512197e-07
14921.146    4.950491e-07
14980.36    4.65216e-07
15039.574    4.504995e-07
15098.788    5.047441e-07
15158.001    5.670447e-07
15217.215    6.455256e-07
15276.429    7.016521e-07
15335.643    6.909158e-07
15394.856    6.392366e-07
15454.07    5.981589e-07
15513.284    5.405662e-07
15572.498    8.047326e-07
15631.711    1.361451e-06
15690.925    1.670665e-06
15750.139    1.762733e-06
15809.353    1.829284e-06
15868.566    1.80985e-06
15927.78    1.480655e-06
15986.994    8.524446e-07
16046.208    5.481147e-07
16105.421    7.13993e-07
16164.635    8.197284e-07
16223.849    7.979277e-07
16283.063    5.016065e-07
16342.276    3.418833e-07
16401.49    2.560315e-07
16460.704    2.365499e-07
16519.918    3.066137e-07
16579.131    5.10948e-07
16638.345    5.693919e-07
16697.559    6.135278e-07
16756.773    6.490457e-07
16815.986    6.404433e-07
16875.2    6.658057e-07
16934.414    7.213712e-07
16993.628    7.575982e-07
17052.841    7.04234e-07
17112.055    6.778074e-07
17171.269    7.166656e-07
17230.483    8.063703e-07
17289.696    9.695038e-07
17348.91    9.918543e-07
17408.124    9.506921e-07
17467.338    8.474319e-07
17526.551    6.708933e-07
17585.765    6.518274e-07
17644.979    6.501187e-07
17704.193    6.359609e-07
17763.406    6.714449e-07
17822.62    7.10478e-07
17881.834    6.946502e-07
17941.048    6.194407e-07
18000.261    4.74727e-07
18059.475    4.365662e-07
18118.689    4.278949e-07
18177.903    4.348743e-07
18237.116    4.651721e-07
18296.33    5.135598e-07
18355.544    5.275482e-07
18414.758    4.946952e-07
18473.971    4.636826e-07
18533.185    7.899464e-07
18592.399    9.774258e-07
18651.613    1.072923e-06
18710.826    1.10925e-06
18770.04    9.819167e-07
18829.254    8.166486e-07
18888.468    7.252758e-07
18947.681    7.710996e-07
19006.895    7.411114e-07
19066.109    7.206071e-07
19125.323    6.826456e-07
19184.536    6.010011e-07
19243.75    3.990961e-07
19302.964    3.96613e-07
19362.178    3.742942e-07
19421.391    3.395845e-07
19480.605    5.028853e-07
19539.819    6.865652e-07
19599.033    7.819288e-07
19658.246    7.490871e-07
19717.46    7.366598e-07
19776.674    8.863541e-07
19835.888    8.487043e-07
19895.101    7.432019e-07
19954.315    6.717644e-07
20013.529    6.079511e-07
20072.743    5.404909e-07
20131.956    5.057979e-07
20191.17    5.346943e-07
20250.384    5.237264e-07
20309.598    4.989716e-07
20368.811    4.723543e-07
20428.025    4.852447e-07
20487.239    5.252658e-07
20546.453    5.165535e-07
20605.666    5.051132e-07
20664.88    5.550195e-07
20724.094    6.914267e-07
20783.308    7.129797e-07
20842.521    7.184946e-07
20901.735    7.575696e-07
20960.949    9.185202e-07
21020.163    8.989942e-07
21079.376    8.423284e-07
21138.59    8.261601e-07
21197.804    8.500954e-07
21257.018    8.021204e-07
21316.231    6.44411e-07
21375.445    4.964728e-07
21434.659    5.349359e-07
21493.873    6.154939e-07
21553.086    5.84153e-07
21612.3    6.096534e-07
21671.514    6.490793e-07
21730.728    8.224119e-07
21789.941    9.267164e-07
21849.155    9.716119e-07
21908.369    9.216045e-07
21967.583    8.777637e-07
22026.796    8.909694e-07
22086.01    7.696298e-07
22145.224    5.834371e-07
22204.438    3.837766e-07
22263.651    4.584496e-07
22322.865    5.584554e-07
22382.079    6.917639e-07
22441.293    8.718112e-07
22500.506    9.108535e-07
22559.72    9.515692e-07
22618.934    1.039892e-06
22678.148    1.093055e-06
22737.361    1.136241e-06
22796.575    1.163154e-06
22855.789    1.235749e-06
22915.003    1.280617e-06
22974.216    1.031891e-06
23033.43    8.439539e-07
23092.644    6.997969e-07
23151.858    6.083673e-07
23211.071    5.704958e-07
23270.285    4.939503e-07
23329.499    4.034377e-07
23388.713    3.279565e-07
23447.926    6.547387e-07
23507.14    7.375802e-07
23566.354    7.229386e-07
23625.568    7.765111e-07
23684.781    9.976617e-07
23743.995    1.056277e-06
23803.209    1.092316e-06
23862.423    1.092229e-06
23921.636    7.880724e-07
23980.85    6.641621e-07
24040.064    6.504874e-07
24099.278    6.536162e-07
24158.491    6.685366e-07
24217.705    6.448378e-07
24276.919    6.381321e-07
24336.133    6.489329e-07
24395.346    7.032438e-07
24454.56    8.581025e-07
24513.774    8.529102e-07
24572.988    8.727432e-07
24632.201    9.505609e-07
24691.415    1.009034e-06
24750.629    8.177893e-07
24809.843    6.841871e-07
24869.056    8.544588e-07
24928.27    1.308304e-06
24987.484    1.422241e-06
25046.698    1.382093e-06
25105.911    1.244248e-06
25165.125    1.058565e-06
25224.339    9.610289e-07
25283.553    7.797931e-07
25342.766    6.975209e-07
25401.98    1.076782e-06
25461.194    1.19078e-06
25520.408    1.301826e-06
25579.621    1.419213e-06
25638.835    1.463053e-06
25698.049    1.361629e-06
25757.263    1.33937e-06
25816.476    1.383861e-06
25875.69    1.443362e-06
25934.904    1.449572e-06
25994.118    1.408816e-06
26053.331    1.351893e-06
26112.545    1.370232e-06
26171.759    1.322723e-06
26230.973    1.219056e-06
26290.186    1.142052e-06
26349.4    1.114535e-06
26408.614    9.337684e-07
26467.828    8.179115e-07
26527.041    7.858843e-07
26586.255    8.160827e-07
26645.469    8.870203e-07
26704.683    8.807611e-07
26763.896    9.2895e-07
26823.11    1.056584e-06
26882.324    1.109294e-06
26941.538    9.871289e-07
27000.751    1.058036e-06
27059.965    1.222183e-06
27119.179    1.264831e-06
27178.393    1.083206e-06
27237.606    9.072084e-07
27296.82    8.093678e-07
27356.034    7.82342e-07
27415.248    7.197751e-07
27474.461    7.817227e-07
27533.675    8.456344e-07
27592.889    9.797087e-07
27652.103    1.203953e-06
27711.316    1.156977e-06
27770.53    1.077167e-06
27829.744    1.036138e-06
27888.958    9.744732e-07
27948.171    1.100049e-06
28007.385    1.292609e-06
28066.599    1.345185e-06
28125.813    9.725841e-07
28185.026    7.217461e-07
28244.24    5.652893e-07
28303.454    6.463571e-07
28362.668    1.001943e-06
28421.881    1.186025e-06
28481.095    1.19334e-06
28540.309    9.781899e-07
28599.523    7.049026e-07
28658.736    8.1124e-07
28717.95    9.794826e-07
28777.164    1.106732e-06
28836.378    1.155657e-06
28895.591    1.169611e-06
28954.805    1.189561e-06
29014.019    1.200158e-06
29073.233    1.265696e-06
29132.446    1.404982e-06
29191.66    1.309275e-06
29250.874    1.167985e-06
29310.088    1.064649e-06
29369.301    1.137503e-06
29428.515    1.273289e-06
29487.729    1.394188e-06
29546.943    1.389515e-06
29606.156    9.554782e-07
29665.37    6.984573e-07
29724.584    5.3574e-07
29783.798    6.129226e-07
29843.011    1.046754e-06
29902.225    1.069267e-06
29961.439    1.005445e-06
30020.653    9.3967e-07
30079.866    1.25047e-06
30139.08    1.425752e-06
30198.294    1.396138e-06
30257.508    1.217819e-06
30316.721    1.101761e-06
30375.935    1.093852e-06
30435.149    1.060819e-06
30494.363    1.0296e-06
30553.576    8.883533e-07
30612.79    4.231038e-07
30672.004    5.697922e-07
30731.218    7.145676e-07
30790.431    8.752595e-07
30849.645    1.151032e-06
30908.859    1.323798e-06
30968.073    1.513594e-06
31027.286    1.60244e-06
31086.5    1.189149e-06
31145.714    1.11383e-06
31204.928    1.086945e-06
31264.141    9.645725e-07
31323.355    1.113787e-06
31382.569    1.421504e-06
31441.783    1.499609e-06
31500.996    1.483701e-06
31560.21    1.733363e-06
31619.424    1.732054e-06
31678.638    1.498226e-06
31737.851    1.161681e-06
31797.065    1.058987e-06
31856.279    1.058994e-06
31915.493    9.885936e-07
31974.706    9.026675e-07
32033.92    8.169541e-07
32093.134    7.619342e-07
32152.348    8.880969e-07
32211.561    1.022988e-06
32270.775    1.205118e-06
32329.989    1.534281e-06
32389.203    1.523312e-06
32448.416    1.386719e-06
32507.63    1.220179e-06
32566.844    6.519614e-07
32626.058    6.111211e-07
32685.271    1.037898e-06
32744.485    1.363926e-06
32803.699    1.64237e-06
32862.913    1.692092e-06
32922.126    1.590204e-06
32981.34    1.385551e-06
33040.554    1.287324e-06
33099.768    1.312071e-06
33158.981    1.324863e-06
33218.195    1.297406e-06
33277.409    1.286986e-06
33336.623    1.264858e-06
33395.836    1.162211e-06
33455.05    1.109831e-06
33514.264    1.155097e-06
33573.478    1.145966e-06
33632.691    1.018572e-06
33691.905    9.506397e-07
33751.119    9.723105e-07
33810.333    1.003134e-06
33869.546    9.749476e-07
33928.76    1.174045e-06
33987.974    1.510845e-06
34047.188    1.984866e-06
34106.401    1.998422e-06
34165.615    1.780084e-06
34224.829    1.41079e-06
34284.043    8.63793e-07
34343.256    8.359788e-07
34402.47    9.178191e-07
34461.684    1.003431e-06
34520.898    9.604057e-07
34580.111    9.357721e-07
34639.325    9.239969e-07
34698.539    8.596879e-07
34757.753    9.406238e-07
34816.966    1.526401e-06
34876.18    1.767043e-06
34935.394    1.851641e-06
34994.608    1.780433e-06
35053.821    1.560721e-06
35113.035    1.440094e-06
35172.249    1.253531e-06
35231.463    1.155625e-06
35290.676    1.373415e-06
35349.89    1.298877e-06
35409.104    1.17262e-06
35468.318    1.185698e-06
35527.531    1.308765e-06
35586.745    1.159939e-06
35645.959    1.001776e-06
35705.173    9.8686e-07
35764.386    1.068293e-06
35823.6    1.097679e-06
35882.814    1.165838e-06
35942.028    1.155618e-06
36001.241    1.239731e-06
36060.455    1.219811e-06
36119.669    1.13401e-06
36178.883    1.138781e-06
36238.096    1.373457e-06
36297.31    1.416589e-06
36356.524    1.337501e-06
36415.738    1.252866e-06
36474.951    1.236222e-06
36534.165    1.174996e-06
36593.379    1.028208e-06
36652.593    9.93408e-07
36711.806    1.096641e-06
36771.02    1.647252e-06
36830.234    2.061251e-06
36889.448    2.370412e-06
36948.661    2.478765e-06
37007.875    2.58516e-06
37067.089    2.837793e-06
37126.303    4.281042e-06
37185.516    1.146609e-05
37244.73    3.358652e-05
37303.944    3.641163e-05
37363.158    3.656115e-05
37422.371    3.645165e-05
37481.585    3.20676e-05
37540.799    2.13114e-05
37600.013    9.290229e-06
37659.226    3.112173e-06
37718.44    2.059632e-06
37777.654    1.967281e-06
37836.868    1.799294e-06
37896.081    1.64388e-06
37955.295    1.51753e-06
38014.509    1.193999e-06
38073.723    9.827094e-07
38132.936    9.663529e-07
38192.15    1.084196e-06
38251.364    1.266184e-06
38310.578    1.176104e-06
38369.791    9.597213e-07
38429.005    8.843615e-07
38488.219    1.163975e-06
38547.433    1.431551e-06
38606.646    1.812024e-06
38665.86    2.147875e-06
38725.074    2.251405e-06
38784.288    2.06452e-06
38843.501    1.816921e-06
38902.715    1.708608e-06
38961.929    1.678531e-06
39021.143    1.675454e-06
39080.356    1.741193e-06
39139.57    1.832479e-06
39198.784    1.808637e-06
39257.998    1.74083e-06
39317.211    1.638091e-06
39376.425    1.485018e-06
39435.639    1.390241e-06
39494.853    9.900043e-07
39554.066    6.855996e-07
39613.28    5.673289e-07
39672.494    6.983357e-07
39731.708    1.147776e-06
39790.921    1.315197e-06
39850.135    1.309421e-06
39909.349    1.243608e-06
39968.563    1.426418e-06
40027.776    1.547278e-06
40086.99    1.618078e-06
40146.204    1.640273e-06
40205.418    1.4076e-06
40264.631    1.051146e-06
40323.845    7.886343e-07
40383.059    1.081465e-06
40442.273    1.758092e-06
40501.486    1.857942e-06
40560.7    1.87128e-06
40619.914    1.745463e-06
40679.128    1.127267e-06
40738.341    1.118776e-06
40797.555    1.285287e-06
40856.769    1.368263e-06
40915.983    1.3714e-06
40975.196    1.318591e-06
41034.41    1.129717e-06
41093.624    9.891064e-07
41152.838    1.024514e-06
41212.051    1.297471e-06
41271.265    1.291258e-06
41330.479    1.279856e-06
41389.693    1.366584e-06
41448.906    1.750184e-06
41508.12    1.927602e-06
41567.334    2.051595e-06
41626.548    2.218848e-06
41685.761    2.623371e-06
41744.975    2.52129e-06
41804.189    2.164459e-06
41863.403    1.816986e-06
41922.616    1.548047e-06
41981.83    1.585829e-06
42041.044    1.629598e-06
42100.258    1.54756e-06
42159.471    1.369175e-06
42218.685    1.452668e-06
42277.899    1.55959e-06
42337.113    1.623371e-06
42396.326    1.594988e-06
42455.54    1.444685e-06
42514.754    1.223118e-06
42573.968    1.034392e-06
42633.181    9.456135e-07
42692.395    6.61011e-07
42751.609    7.832319e-07
42810.823    1.089968e-06
42870.036    1.206577e-06
42929.25    9.189997e-07
42988.464    6.221177e-07
43047.678    2.770345e-07
43106.891    5.470511e-07
43166.105    1.154428e-06
43225.319    1.196105e-06
43284.533    1.105489e-06
43343.746    1.134263e-06
43402.96    1.344641e-06
43462.174    1.087251e-06
43521.388    1.046402e-06
43580.601    1.366327e-06
43639.815    2.097692e-06
43699.029    2.217166e-06
43758.243    2.172929e-06
43817.456    1.985968e-06
43876.67    1.80273e-06
43935.884    1.860273e-06
43995.098    1.988885e-06
44054.311    1.913078e-06
44113.525    1.664252e-06
44172.739    1.376019e-06
44231.953    1.44755e-06
44291.166    1.570841e-06
44350.38    1.759943e-06
44409.594    1.924385e-06
44468.808    1.742652e-06
44528.021    1.569511e-06
44587.235    1.594326e-06
44646.449    1.775303e-06
44705.663    1.727496e-06
44764.876    1.564788e-06
44824.09    1.320703e-06
44883.304    1.456722e-06
44942.518    1.730011e-06
45001.731    1.866135e-06
45060.945    1.950287e-06
45120.159    1.839824e-06
45179.373    1.676087e-06
45238.586    1.636009e-06
45297.8    1.64812e-06
45357.014    1.546877e-06
45416.228    1.634945e-06
45475.441    1.894994e-06
45534.655    1.977942e-06
45593.869    1.938183e-06
45653.083    2.055521e-06
45712.296    1.982816e-06
45771.51    1.885077e-06
45830.724    1.808748e-06
45889.938    1.405573e-06
45949.151    1.135568e-06
46008.365    9.975661e-07
46067.579    9.660301e-07
46126.793    1.100375e-06
46186.006    1.161708e-06
46245.22    1.126002e-06
46304.434    1.059125e-06
46363.648    7.981952e-07
46422.861    6.862406e-07
46482.075    6.616208e-07
46541.289    7.443151e-07
46600.503    8.665444e-07
46659.716    9.132002e-07
46718.93    9.981551e-07
46778.144    1.028101e-06
46837.358    1.160943e-06
46896.571    1.164154e-06
46955.785    1.126582e-06
47014.999    9.739171e-07
47074.213    7.148149e-07
47133.426    6.972431e-07
47192.64    8.657306e-07
47251.854    9.167711e-07
47311.068    9.004262e-07
47370.281    9.993907e-07
47429.495    1.018672e-06
47488.709    9.531672e-07
47547.923    9.458872e-07
47607.136    1.258576e-06
47666.35    1.429781e-06
47725.564    1.428923e-06
47784.778    1.266527e-06
47843.991    5.955183e-07
47903.205    5.358483e-07
47962.419    7.793967e-07
48021.633    1.009979e-06
48080.846    1.25937e-06
48140.06    1.38895e-06
48199.274    1.373648e-06
48258.488    1.153101e-06
48317.701    8.264737e-07
48376.915    1.135166e-06
48436.129    1.463229e-06
48495.343    1.708937e-06
48554.556    1.918881e-06
48613.77    2.215109e-06
48672.984    2.157004e-06
48732.198    2.018702e-06
48791.411    1.903934e-06
48850.625    1.576934e-06
48909.839    1.493814e-06
48969.053    1.739875e-06
49028.266    2.062017e-06
49087.48    1.902354e-06
49146.694    1.647779e-06
49205.908    1.480401e-06
49265.121    1.317875e-06
49324.335    8.781536e-07
49383.549    7.447744e-07
49442.763    6.921996e-07
49501.976    5.862699e-07
49561.19    5.01225e-07
49620.404    5.626941e-07
49679.618    7.086367e-07
49738.831    8.71374e-07
49798.045    8.911845e-07
49857.259    8.18446e-07
49916.473    8.413359e-07
49975.686    9.590975e-07
50034.9    1.101056e-06
50094.114    1.439316e-06
50153.328    1.545245e-06
50212.541    1.657315e-06
50271.755    1.805662e-06
50330.969    1.882314e-06
50390.183    1.754019e-06
50449.396    1.574631e-06
50508.61    1.323938e-06
50567.824    1.134331e-06
50627.038    1.173582e-06
50686.251    1.095866e-06
50745.465    1.048317e-06
50804.679    1.045709e-06
50863.893    8.258098e-07
50923.106    6.736776e-07
50982.32    8.539814e-07
51041.534    1.080278e-06
51100.748    1.059113e-06
51159.961    9.93771e-07
51219.175    8.893434e-07
51278.389    1.434744e-06
51337.603    1.902612e-06
51396.816    2.142651e-06
51456.03    2.003894e-06
51515.244    1.647268e-06
51574.458    9.155981e-07
51633.671    6.321864e-07
51692.885    5.492722e-07
51752.099    6.155426e-07
51811.313    7.379136e-07
51870.526    7.120342e-07
51929.74    6.298367e-07
51988.954    6.089734e-07
52048.168    6.599715e-07
52107.381    7.395911e-07
52166.595    9.021192e-07
52225.809    1.045812e-06
52285.023    1.073339e-06
52344.236    1.196267e-06
52403.45    1.233256e-06
52462.664    1.212604e-06
52521.878    1.168033e-06
52581.091    1.028791e-06
52640.305    7.718756e-07
52699.519    5.25024e-07
52758.733    6.936769e-07
52817.946    8.985832e-07
52877.16    1.07836e-06
52936.374    1.107825e-06
52995.588    1.006927e-06
53054.801    6.794263e-07
53114.015    6.062506e-07
53173.229    6.675105e-07
53232.443    6.989195e-07
53291.656    7.07174e-07
53350.87    7.245125e-07
53410.084    7.175399e-07
53469.298    6.810064e-07
53528.511    5.656751e-07
53587.725    5.782027e-07
53646.939    5.62135e-07
53706.153    5.333435e-07
53765.366    6.421781e-07
53824.58    6.87486e-07
53883.794    7.858753e-07
53943.008    1.006762e-06
54002.221    1.463416e-06
54061.435    1.761885e-06
54120.649    2.040503e-06
54179.863    2.141476e-06
54239.076    1.645902e-06
54298.29    1.397071e-06
54357.504    1.45627e-06
54416.718    1.652787e-06
54475.931    1.596336e-06
54535.145    1.374338e-06
54594.359    1.269757e-06
54653.573    1.108977e-06
54712.786    7.710292e-07
54772.0    2.90816e-07
54772.0    1.36932e-06
55535.808    1.506322e-06
56299.617    1.426414e-06
57063.425    1.222309e-06
57827.233    1.062216e-06
58591.041    8.358155e-07
59354.85    6.708523e-07
60118.658    6.255198e-07
60882.466    6.931894e-07
61646.275    8.349013e-07
62410.083    9.179317e-07
63173.891    9.136697e-07
63937.699    9.518822e-07
64701.508    9.386238e-07
65465.316    1.029313e-06
66229.124    1.12657e-06
66992.932    1.027775e-06
67756.741    1.119794e-06
68520.549    1.287433e-06
69284.357    1.33675e-06
70048.166    1.404786e-06
70811.974    1.259278e-06
71575.782    1.003738e-06
72339.59    1.003567e-06
73103.399    1.277692e-06
73867.207    1.452734e-06
74631.015    1.379837e-06
75394.824    1.235199e-06
76158.632    1.03396e-06
76922.44    1.083314e-06
77686.248    1.169548e-06
78450.057    1.164459e-06
79213.865    9.698795e-07
79977.673    6.86599e-07
80741.481    6.026146e-07
81505.29    7.500792e-07
82269.098    9.53723e-07
83032.906    1.001839e-06
83796.715    9.054042e-07
84560.523    7.835355e-07
85324.331    7.150925e-07
86088.139    7.070945e-07
86851.948    7.129403e-07
87615.756    7.721371e-07
88379.564    7.460059e-07
89143.373    5.842217e-07
89907.181    4.899024e-07
90670.989    4.796102e-07
91434.797    4.702503e-07
92198.606    4.612226e-07
92962.414    5.309188e-07
93726.222    5.53248e-07
94490.031    5.733296e-07
95253.839    5.931532e-07
96017.647    5.407877e-07
96781.455    5.495652e-07
97545.264    4.960842e-07
98309.072    4.250669e-07
99072.88    4.904738e-07
99836.688    5.16491e-07
100600.497    4.834583e-07
101364.305    4.974239e-07
102128.113    5.203025e-07
102891.922    4.698525e-07
103655.73    4.874806e-07
104419.538    5.452869e-07
105183.346    6.457383e-07
105947.155    7.672049e-07
106710.963    8.120609e-07
107474.771    7.901667e-07
108238.58    7.31305e-07
109002.388    6.710486e-07
109766.196    6.915562e-07
110530.004    7.845858e-07
111293.813    8.120133e-07
112057.621    7.540979e-07
112821.429    6.180816e-07
113585.237    5.051018e-07
114349.046    5.008808e-07
115112.854    4.988834e-07
115876.662    4.998903e-07
116640.471    5.330816e-07
117404.279    6.007861e-07
118168.087    7.419723e-07
118931.895    9.145721e-07
119695.704    1.019196e-06
120459.512    1.049056e-06
121223.32    9.739471e-07
121987.129    8.19421e-07
122750.937    6.717825e-07
123514.745    5.876075e-07
124278.553    5.527742e-07
125042.362    5.551257e-07
125806.17    5.479626e-07
126569.978    5.204346e-07
127333.786    4.506419e-07
128097.595    3.554748e-07
128861.403    4.12515e-07
129625.211    5.478728e-07
130389.02    6.142165e-07
131152.828    6.804929e-07
131916.636    7.267462e-07
132680.444    6.56056e-07
133444.253    5.066778e-07
134208.061    5.645456e-07
134971.869    1.158215e-06
135735.678    1.739072e-06
136499.486    2.070049e-06
137263.294    2.993487e-06
138027.102    3.987481e-06
138790.911    3.987444e-06
139554.719    3.58526e-06
140318.527    3.413322e-06
141082.336    2.987384e-06
141846.144    2.271797e-06
142609.952    1.936944e-06
143373.76    1.634832e-06
144137.569    9.395395e-07
144901.377    4.430253e-07
145665.185    4.769375e-07
146428.993    4.476215e-07
147192.802    3.400176e-07
147956.61    2.966226e-07
148720.418    3.188651e-07
149484.227    3.8734e-07
150248.035    3.910075e-07
151011.843    3.312784e-07
151775.651    3.43707e-07
152539.46    3.495161e-07
153303.268    3.638819e-07
154067.076    3.406113e-07
154830.885    2.921154e-07
155594.693    3.03022e-07
156358.501    4.025405e-07
157122.309    4.778423e-07
157886.118    4.936315e-07
158649.926    4.389827e-07
159413.734    3.578731e-07
160177.542    3.770161e-07
160941.351    4.383756e-07
161705.159    4.126077e-07
162468.967    2.844996e-07
163232.776    2.401258e-07
163996.584    2.759061e-07
164760.392    2.645279e-07
165524.2    3.064997e-07
166288.009    3.019866e-07
167051.817    2.915043e-07
167815.625    3.85248e-07
168579.434    4.465657e-07
169343.242    3.870203e-07
170107.05    3.802601e-07
170870.858    4.110216e-07
171634.667    3.952321e-07
172398.475    3.90993e-07
173162.283    3.965965e-07
173926.092    3.552248e-07
174689.9    2.970515e-07
175453.708    3.042582e-07
176217.516    3.650375e-07
176981.325    4.42916e-07
177745.133    5.284174e-07
178508.941    5.387373e-07
179272.749    4.646832e-07
180036.558    3.933654e-07
180800.366    3.633707e-07
181564.174    3.566359e-07
182327.983    3.482711e-07
183091.791    3.558646e-07
183855.599    3.61071e-07
184619.407    3.823976e-07
185383.216    4.196529e-07
186147.024    4.005271e-07
186910.832    3.65689e-07
187674.641    3.563198e-07
188438.449    3.53424e-07
189202.257    3.470054e-07
189966.065    3.15197e-07
190729.874    2.735791e-07
191493.682    2.400061e-07
192257.49    1.913088e-07
193021.298    1.60563e-07
193785.107    1.923e-07
194548.915    2.350015e-07
195312.723    2.55453e-07
196076.532    2.804739e-07
196840.34    2.60171e-07
197604.148    2.101775e-07
198367.956    2.161755e-07
199131.765    2.454683e-07
199895.573    2.366767e-07
200659.381    1.95125e-07
201423.19    2.149841e-07
202186.998    2.721449e-07
202950.806    3.464585e-07
203714.614    4.378351e-07
204478.423    4.76947e-07
205242.231    4.857883e-07
206006.039    5.249768e-07
206769.847    4.735087e-07
207533.656    3.410019e-07
208297.464    3.28259e-07
209061.272    3.877058e-07
209825.081    4.811715e-07
210588.889    5.333498e-07
211352.697    5.213825e-07
212116.505    4.98057e-07
212880.314    4.7908e-07
213644.122    4.355469e-07
214407.93    3.887812e-07
215171.739    3.055796e-07
215935.547    3.046801e-07
216699.355    3.427031e-07
217463.163    3.268322e-07
218226.972    3.331412e-07
218990.78    3.295503e-07
219754.588    2.923404e-07
220518.397    2.859584e-07
221282.205    2.809563e-07
222046.013    2.719516e-07
222809.821    3.116289e-07
223573.63    3.705319e-07
224337.438    4.476854e-07
225101.246    4.716454e-07
225865.054    4.162159e-07
226628.863    3.477703e-07
227392.671    3.036503e-07
228156.479    3.501635e-07
228920.288    4.287507e-07
229684.096    4.70548e-07
230447.904    4.652212e-07
231211.712    4.243649e-07
231975.521    3.636312e-07
232739.329    3.262083e-07
233503.137    3.408738e-07
234266.946    3.625407e-07
235030.754    3.498041e-07
235794.562    2.934596e-07
236558.37    2.130926e-07
237322.179    1.345829e-07
238085.987    1.616599e-07
238849.795    2.414545e-07
239613.603    3.031325e-07
240377.412    3.433835e-07
241141.22    3.458399e-07
241905.028    3.117036e-07
242668.837    3.050442e-07
243432.645    3.473579e-07
244196.453    3.803509e-07
244960.261    3.81989e-07
245724.07    3.501794e-07
246487.878    3.187769e-07
247251.686    2.851313e-07
248015.495    2.634531e-07
248779.303    2.891402e-07
249543.111    3.427711e-07
250306.919    3.728393e-07
251070.728    3.648406e-07
251834.536    3.145321e-07
252598.344    2.326172e-07
253362.153    2.277063e-07
254125.961    3.129097e-07
254889.769    4.198964e-07
255653.577    4.719035e-07
256417.386    4.540685e-07
257181.194    4.501588e-07
257945.002    4.410587e-07
258708.81    3.772678e-07
259472.619    3.055803e-07
260236.427    2.711115e-07
261000.235    2.804053e-07
261764.044    2.994143e-07
262527.852    2.864952e-07
263291.66    2.804892e-07
264055.468    3.133012e-07
264819.277    3.420618e-07
265583.085    3.449049e-07
266346.893    3.532117e-07
267110.702    3.319321e-07
267874.51    2.952825e-07
268638.318    3.066109e-07
269402.126    3.395715e-07
270165.935    3.629685e-07
270929.743    3.706872e-07
271693.551    3.961128e-07
272457.359    4.490377e-07
273221.168    4.460928e-07
273984.976    4.211571e-07
274748.784    4.177776e-07
275512.593    3.599957e-07
276276.401    3.501524e-07
277040.209    3.902607e-07
277804.017    4.265368e-07
278567.826    4.079722e-07
279331.634    3.460626e-07
280095.442    3.204079e-07
280859.251    3.003219e-07
281623.059    2.979e-07
282386.867    2.402512e-07
283150.675    1.927245e-07
283914.484    2.990469e-07
284678.292    3.937145e-07
285442.1    4.427235e-07
286205.908    3.815431e-07
286969.717    2.601328e-07
287733.525    2.146644e-07
288497.333    2.36426e-07
289261.142    2.80985e-07
290024.95    2.937678e-07
290788.758    2.760565e-07
291552.566    2.162257e-07
292316.375    1.609836e-07
293080.183    1.735097e-07
293843.991    2.306534e-07
294607.8    2.502044e-07
295371.608    2.03647e-07
296135.416    1.732432e-07
296899.224    1.222716e-07
297663.033    1.215289e-07
298426.841    1.625546e-07
299190.649    2.021387e-07
299954.458    2.172317e-07
300718.266    2.054823e-07
301482.074    1.896237e-07
302245.882    1.746209e-07
303009.691    1.865067e-07
303773.499    2.293278e-07
304537.307    2.621999e-07
305301.115    2.665184e-07
306064.924    2.391036e-07
306828.732    2.248783e-07
307592.54    2.454015e-07
308356.349    2.873225e-07
309120.157    2.965356e-07
309883.965    2.46565e-07
310647.773    2.001768e-07
311411.582    2.376251e-07
312175.39    2.695948e-07
312939.198    2.626229e-07
313703.007    2.233842e-07
314466.815    1.637622e-07
315230.623    1.701681e-07
315994.431    2.164257e-07
316758.24    2.702372e-07
317522.048    3.155362e-07
318285.856    3.174776e-07
319049.664    3.097232e-07
319813.473    3.116582e-07
320577.281    2.897395e-07
321341.089    2.570887e-07
322104.898    2.273459e-07
322868.706    2.182043e-07
323632.514    2.261059e-07
324396.322    2.118418e-07
325160.131    1.72257e-07
325923.939    1.928453e-07
326687.747    2.388011e-07
327451.556    2.715789e-07
328215.364    2.594701e-07
328979.172    2.313548e-07
329742.98    2.229644e-07
330506.789    2.466749e-07
331270.597    3.069752e-07
332034.405    3.502604e-07
332798.214    3.448261e-07
333562.022    3.034886e-07
334325.83    2.885667e-07
335089.638    3.18146e-07
335853.447    4.062992e-07
336617.255    4.732318e-07
337381.063    4.684188e-07
338144.871    4.386529e-07
338908.68    3.865642e-07
339672.488    3.028195e-07
340436.296    2.073917e-07
341200.105    1.782765e-07
341963.913    2.435927e-07
342727.721    3.003273e-07
343491.529    3.078477e-07
344255.338    2.800669e-07
345019.146    2.614093e-07
345782.954    2.382966e-07
346546.763    2.135146e-07
347310.571    2.143685e-07
348074.379    2.194432e-07
348838.187    2.131705e-07
349601.996    2.225249e-07
350365.804    2.295263e-07
351129.612    2.144818e-07
351893.42    1.806579e-07
352657.229    1.736251e-07
353421.037    1.972934e-07
354184.845    2.120078e-07
354948.654    2.432621e-07
355712.462    2.783952e-07
356476.27    3.202314e-07
357240.078    3.337057e-07
358003.887    2.918564e-07
358767.695    2.277922e-07
359531.503    1.916722e-07
360295.312    1.612186e-07
361059.12    1.509094e-07
361822.928    1.891552e-07
362586.736    2.232178e-07
363350.545    2.369865e-07
364114.353    2.599487e-07
364878.161    2.995214e-07
365641.969    3.204779e-07
366405.778    3.377682e-07
367169.586    3.515331e-07
367933.394    3.404998e-07
368697.203    3.009785e-07
369461.011    2.371673e-07
370224.819    1.730974e-07
370988.627    1.679096e-07
371752.436    2.437471e-07
372516.244    2.917789e-07
373280.052    2.874312e-07
374043.861    2.796761e-07
374807.669    2.963327e-07
375571.477    3.109574e-07
376335.285    3.432172e-07
377099.094    3.761639e-07
377862.902    3.881999e-07
378626.71    3.683444e-07
379390.519    3.353595e-07
380154.327    3.492404e-07
380918.135    3.823682e-07
381681.943    4.105087e-07
382445.752    3.91116e-07
383209.56    3.207457e-07
383973.368    2.624065e-07
384737.176    2.289081e-07
385500.985    2.339037e-07
386264.793    2.601906e-07
387028.601    2.59867e-07
387792.41    2.189957e-07
388556.218    1.703998e-07
389320.026    1.662128e-07
390083.834    1.346326e-07
390847.643    1.350182e-07
391611.451    2.010354e-07
392375.259    2.429436e-07
393139.068    2.674053e-07
393902.876    2.307592e-07
394666.684    1.674675e-07
395430.492    1.47275e-07
396194.301    1.686766e-07
396958.109    2.503369e-07
397721.917    3.280142e-07
398485.725    3.632659e-07
399249.534    3.470079e-07
400013.342    2.892745e-07
400777.15    2.495667e-07
401540.959    2.14304e-07
402304.767    1.700904e-07
403068.575    1.656353e-07
403832.383    1.818449e-07
404596.192    1.913955e-07
405360.0    1.969686e-07
405360.0    2.225318e-07
411465.035    2.384994e-07
417570.071    2.587718e-07
423675.106    2.660488e-07
429780.141    2.501366e-07
435885.176    2.351306e-07
441990.212    2.241828e-07
448095.247    1.951106e-07
454200.282    1.606459e-07
460305.318    1.502254e-07
466410.353    1.60207e-07
472515.388    1.57916e-07
478620.424    1.473815e-07
484725.459    1.443523e-07
490830.494    1.454646e-07
496935.529    1.706308e-07
503040.565    2.142015e-07
509145.6    2.373887e-07
515250.635    2.173919e-07
521355.671    1.750486e-07
527460.706    1.489525e-07
533565.741    1.636428e-07
539670.776    2.051251e-07
545775.812    2.380793e-07
551880.847    2.750684e-07
557985.882    3.197724e-07
564090.918    3.21101e-07
570195.953    2.759819e-07
576300.988    2.405428e-07
582406.024    2.13712e-07
588511.059    1.690837e-07
594616.094    1.420875e-07
600721.129    1.568622e-07
606826.165    1.693352e-07
612931.2    1.708828e-07
619036.235    1.758362e-07
625141.271    1.932192e-07
631246.306    2.062417e-07
637351.341    2.088844e-07
643456.376    1.932831e-07
649561.412    1.606982e-07
655666.447    1.128412e-07
661771.482    7.728888e-08
667876.518    8.441589e-08
673981.553    9.827206e-08
680086.588    9.864092e-08
686191.624    9.37079e-08
692296.659    9.539895e-08
698401.694    1.059803e-07
704506.729    1.107842e-07
710611.765    9.338072e-08
716716.8    7.170046e-08
722821.835    6.910678e-08
728926.871    7.369393e-08
735031.906    8.630214e-08
741136.941    1.096362e-07
747241.976    1.217156e-07
753347.012    1.195336e-07
759452.047    1.136721e-07
765557.082    1.056374e-07
771662.118    9.285144e-08
777767.153    8.777154e-08
783872.188    8.990047e-08
789977.224    8.888618e-08
796082.259    8.458211e-08
802187.294    7.72629e-08
808292.329    6.011063e-08
814397.365    5.163809e-08
820502.4    6.462336e-08
826607.435    8.023855e-08
832712.471    9.565985e-08
838817.506    1.014037e-07
844922.541    9.248722e-08
851027.576    7.880762e-08
857132.612    7.195958e-08
863237.647    7.213013e-08
869342.682    7.227583e-08
875447.718    6.821844e-08
881552.753    6.733922e-08
887657.788    7.382287e-08
893762.824    7.513315e-08
899867.859    7.552851e-08
905972.894    8.026844e-08
912077.929    8.017309e-08
918182.965    7.645124e-08
924288.0    7.34266e-08
930393.035    7.16041e-08
936498.071    7.590881e-08
942603.106    9.008023e-08
948708.141    1.053087e-07
954813.176    1.148173e-07
960918.212    1.179512e-07
967023.247    1.101327e-07
973128.282    9.546885e-08
979233.318    9.034662e-08
985338.353    9.653171e-08
991443.388    9.823344e-08
997548.424    8.972258e-08
1003653.459    7.430079e-08
1009758.494    5.327333e-08
1015863.529    3.897869e-08
1021968.565    3.873513e-08
1028073.6    4.649872e-08
1034178.635    6.096695e-08
1040283.671    7.900586e-08
1046388.706    8.912009e-08
1052493.741    9.426144e-08
1058598.776    9.466404e-08
1064703.812    8.845929e-08
1070808.847    8.275763e-08
1076913.882    7.999442e-08
1083018.918    7.866107e-08
1089123.953    9.17228e-08
1095228.988    1.152611e-07
1101334.024    1.272715e-07
1107439.059    1.195256e-07
1113544.094    1.074339e-07
1119649.129    1.019272e-07
1125754.165    1.079622e-07
1131859.2    1.412699e-07
1137964.235    1.756379e-07
1144069.271    1.883677e-07
1150174.306    1.882162e-07
1156279.341    1.765532e-07
1162384.376    1.541609e-07
1168489.412    1.518819e-07
1174594.447    1.70449e-07
1180699.482    1.922362e-07
1186804.518    2.286456e-07
1192909.553    2.634065e-07
1199014.588    2.607101e-07
1205119.624    2.230815e-07
1211224.659    1.817913e-07
1217329.694    1.336007e-07
1223434.729    9.008599e-08
1229539.765    1.50249e-07
1235644.8    2.279419e-07
1241749.835    2.65618e-07
1247854.871    2.725049e-07
1253959.906    2.55921e-07
1260064.941    2.126414e-07
1266169.976    1.820077e-07
1272275.012    1.848048e-07
1278380.047    1.76609e-07
1284485.082    1.44371e-07
1290590.118    1.207314e-07
1296695.153    1.141988e-07
1302800.188    1.112963e-07
1308905.224    1.282092e-07
1315010.259    1.56672e-07
1321115.294    1.78914e-07
1327220.329    2.117032e-07
1333325.365    2.372433e-07
1339430.4    2.303821e-07
1345535.435    2.149764e-07
1351640.471    2.059475e-07
1357745.506    1.791817e-07
1363850.541    1.400857e-07
1369955.576    1.220758e-07
1376060.612    1.211573e-07
1382165.647    1.19993e-07
1388270.682    1.124412e-07
1394375.718    1.062138e-07
1400480.753    1.106731e-07
1406585.788    1.221903e-07
1412690.824    1.22007e-07
1418795.859    1.10168e-07
1424900.894    1.070081e-07
1431005.929    1.208466e-07
1437110.965    1.318073e-07
1443216.0    1.405186e-07
1449321.035    1.441256e-07
1455426.071    1.325933e-07
1461531.106    1.153236e-07
1467636.141    1.111569e-07
1473741.176    1.179342e-07
1479846.212    1.231862e-07
1485951.247    1.297799e-07
1492056.282    1.31651e-07
1498161.318    1.289101e-07
1504266.353    1.306504e-07
1510371.388    1.398483e-07
1516476.424    1.496238e-07
1522581.459    1.580304e-07
1528686.494    1.51469e-07
1534791.529    1.232035e-07
1540896.565    9.792098e-08
1547001.6    8.511043e-08
1553106.635    8.730476e-08
1559211.671    7.588796e-08
1565316.706    6.871537e-08
1571421.741    6.780241e-08
1577526.776    8.206936e-08
1583631.812    1.034794e-07
1589736.847    1.128013e-07
1595841.882    1.072529e-07
1601946.918    1.032776e-07
1608051.953    1.026563e-07
1614156.988    9.444546e-08
1620262.024    8.619727e-08
1626367.059    9.342896e-08
1632472.094    1.152377e-07
1638577.129    1.320444e-07
1644682.165    1.412483e-07
1650787.2    1.520068e-07
1656892.235    1.622316e-07
1662997.271    1.614138e-07
1669102.306    1.523907e-07
1675207.341    1.400333e-07
1681312.376    1.26293e-07
1687417.412    1.139751e-07
1693522.447    1.035552e-07
1699627.482    8.93607e-08
1705732.518    8.085338e-08
1711837.553    9.594108e-08
1717942.588    1.173337e-07
1724047.624    1.300422e-07
1730152.659    1.250651e-07
1736257.694    1.074468e-07
1742362.729    1.00403e-07
1748467.765    1.072872e-07
1754572.8    1.029756e-07
1760677.835    8.716874e-08
1766782.871    7.588324e-08
1772887.906    7.352465e-08
1778992.941    6.773178e-08
1785097.976    6.184081e-08
1791203.012    6.044999e-08
1797308.047    6.203441e-08
1803413.082    7.184413e-08
1809518.118    7.779646e-08
1815623.153    7.177034e-08
1821728.188    5.972958e-08
1827833.224    5.604087e-08
1833938.259    6.227843e-08
1840043.294    7.319969e-08
1846148.329    9.607112e-08
1852253.365    1.186569e-07
1858358.4    1.389833e-07
1864463.435    1.568361e-07
1870568.471    1.605492e-07
1876673.506    1.432562e-07
1882778.541    1.180588e-07
1888883.576    9.80531e-08
1894988.612    8.811055e-08
1901093.647    8.51154e-08
1907198.682    7.881066e-08
1913303.718    6.918589e-08
1919408.753    6.808671e-08
1925513.788    6.9568e-08
1931618.824    6.299963e-08
1937723.859    5.516601e-08
1943828.894    5.3428e-08
1949933.929    7.074793e-08
1956038.965    8.890063e-08
1962144.0    9.279495e-08
1968249.035    9.653657e-08
1974354.071    9.993961e-08
1980459.106    8.966856e-08
1986564.141    7.12117e-08
1992669.176    6.968599e-08
1998774.212    8.163461e-08
2004879.247    9.895891e-08
2010984.282    1.159983e-07
2017089.318    1.235588e-07
2023194.353    1.253981e-07
2029299.388    1.221065e-07
2035404.424    1.082038e-07
2041509.459    9.431771e-08
2047614.494    8.875011e-08
2053719.529    7.953923e-08
2059824.565    6.572215e-08
2065929.6    5.406413e-08
2072034.635    5.012258e-08
2078139.671    5.212147e-08
2084244.706    6.204774e-08
2090349.741    6.781691e-08
2096454.776    6.146679e-08
2102559.812    5.63358e-08
2108664.847    6.284127e-08
2114769.882    7.994543e-08
2120874.918    1.031816e-07
2126979.953    1.217036e-07
2133084.988    1.319191e-07
2139190.024    1.329484e-07
2145295.059    1.275429e-07
2151400.094    1.266683e-07
2157505.129    1.283342e-07
2163610.165    1.276617e-07
2169715.2    1.266545e-07
2175820.235    1.250504e-07
2181925.271    1.317756e-07
2188030.306    1.454983e-07
2194135.341    1.494114e-07
2200240.376    1.425805e-07
2206345.412    1.363192e-07
2212450.447    1.35135e-07
2218555.482    1.325887e-07
2224660.518    1.222633e-07
2230765.553    1.103401e-07
2236870.588    1.045085e-07
2242975.624    1.002744e-07
2249080.659    9.153224e-08
2255185.694    8.807238e-08
2261290.729    9.801681e-08
2267395.765    1.144949e-07
2273500.8    1.339458e-07
2279605.835    1.448792e-07
2285710.871    1.346573e-07
2291815.906    1.107759e-07
2297920.941    8.811375e-08
2304025.976    7.518135e-08
2310131.012    8.219764e-08
2316236.047    9.856885e-08
2322341.082    1.076246e-07
2328446.118    1.021536e-07
2334551.153    8.695214e-08
2340656.188    7.936346e-08
2346761.224    8.139369e-08
2352866.259    7.224191e-08
2358971.294    5.130833e-08
2365076.329    4.765396e-08
2371181.365    6.085578e-08
2377286.4    6.334656e-08
2383391.435    5.717041e-08
2389496.471    5.372875e-08
2395601.506    5.645476e-08
2401706.541    6.052351e-08
2407811.576    6.906369e-08
2413916.612    7.956318e-08
2420021.647    8.155276e-08
2426126.682    9.134681e-08
2432231.718    1.119654e-07
2438336.753    1.205015e-07
2444441.788    1.161111e-07
2450546.824    1.049994e-07
2456651.859    9.108017e-08
2462756.894    8.841634e-08
2468861.929    9.436734e-08
2474966.965    9.559115e-08
2481072.0    9.721847e-08
2487177.035    9.976414e-08
2493282.071    9.940433e-08
2499387.106    1.021826e-07
2505492.141    1.158772e-07
2511597.176    1.206185e-07
2517702.212    1.122082e-07
2523807.247    1.162103e-07
2529912.282    1.271204e-07
2536017.318    1.250535e-07
2542122.353    1.143793e-07
2548227.388    1.067821e-07
2554332.424    9.983673e-08
2560437.459    8.490628e-08
2566542.494    8.134145e-08
2572647.529    9.972815e-08
2578752.565    1.176361e-07
2584857.6    1.288489e-07
2590962.635    1.349148e-07
2597067.671    1.318058e-07
2603172.706    1.222167e-07
2609277.741    1.208395e-07
2615382.776    1.286267e-07
2621487.812    1.297241e-07
2627592.847    1.216422e-07
2633697.882    1.083625e-07
2639802.918    9.182803e-08
2645907.953    9.903311e-08
2652012.988    1.282426e-07
2658118.024    1.505239e-07
2664223.059    1.637246e-07
2670328.094    1.644518e-07
2676433.129    1.459702e-07
2682538.165    1.241365e-07
2688643.2    1.158293e-07
2694748.235    1.093745e-07
2700853.271    1.028602e-07
2706958.306    9.152448e-08
2713063.341    9.568015e-08
2719168.376    9.970334e-08
2725273.412    1.01398e-07
2731378.447    9.653773e-08
2737483.482    8.813866e-08
2743588.518    8.175749e-08
2749693.553    8.149958e-08
2755798.588    8.262273e-08
2761903.624    7.709757e-08
2768008.659    6.582621e-08
2774113.694    6.315369e-08
2780218.729    7.084905e-08
2786323.765    7.664161e-08
2792428.8    8.274115e-08
2798533.835    8.333998e-08
2804638.871    8.006649e-08
2810743.906    8.882957e-08
2816848.941    1.008327e-07
2822953.976    1.131931e-07
2829059.012    1.273973e-07
2835164.047    1.362011e-07
2841269.082    1.393519e-07
2847374.118    1.432454e-07
2853479.153    1.484183e-07
2859584.188    1.447769e-07
2865689.224    1.282715e-07
2871794.259    1.060363e-07
2877899.294    9.105769e-08
2884004.329    8.188998e-08
2890109.365    8.420312e-08
2896214.4    9.736259e-08
2902319.435    9.771725e-08
2908424.471    7.531194e-08
2914529.506    4.887297e-08
2920634.541    4.206671e-08
2926739.576    5.275146e-08
2932844.612    6.730017e-08
2938949.647    8.694922e-08
2945054.682    1.002943e-07
2951159.718    1.052917e-07
2957264.753    1.078044e-07
2963369.788    1.097027e-07
2969474.824    1.067911e-07
2975579.859    9.44013e-08
2981684.894    7.635324e-08
2987789.929    6.315138e-08
2993894.965    6.312405e-08
3000000.0    6.619845e-08
