# AG4395A Measurement - Timestamp: Feb 11 2015 - 13:34:31
1000000.0, -86.79739
1248750.0, -87.85835
1497500.0, -88.77284
1746250.0, -89.4198
1995000.0, -88.39523
2243750.0, -88.66826
2492500.0, -88.78535
2741250.0, -89.66571
2990000.0, -90.09875
3238750.0, -86.65288
3487500.0, -88.29712
3736250.0, -88.17862
3985000.0, -88.60477
4233750.0, -91.99649
4482500.0, -89.65373
4731250.0, -89.83605
4980000.0, -88.84809
5228750.0, -90.00204
5477500.0, -89.19291
5726250.0, -88.41496
5975000.0, -88.93101
6223750.0, -89.05244
6472500.0, -86.94036
6721250.0, -86.24599
6970000.0, -89.32616
7218750.0, -90.17142
7467500.0, -89.49336
7716250.0, -88.48734
7965000.0, -88.70347
8213750.0, -90.43464
8462500.0, -87.56081
8711250.0, -88.13292
8960000.0, -86.63741
9208750.0, -89.81283
9457500.0, -89.31174
9706250.0, -88.93101
9955000.0, -90.65688
10203750.0, -90.76112
10452500.0, -88.41882
10701250.0, -93.98438
10950000.0, -93.52139
11198750.0, -94.40924
11447500.0, -95.73742
11696250.0, -93.65034
11945000.0, -92.40527
12193750.0, -93.90919
12442500.0, -93.2609
12691250.0, -93.08713
12940000.0, -93.52835
13188750.0, -95.36583
13437500.0, -93.13001
13686250.0, -94.61758
13935000.0, -93.63638
14183750.0, -93.08192
14432500.0, -93.43079
14681250.0, -93.01419
14930000.0, -92.83959
15178750.0, -92.17944
15427500.0, -93.89592
15676250.0, -93.58478
15925000.0, -93.59077
16173750.0, -94.3441
16422500.0, -92.19635
16671250.0, -93.02464
16920000.0, -92.27081
17168750.0, -92.90732
17417500.0, -93.24786
17666250.0, -93.92483
17915000.0, -94.33249
18163750.0, -94.32408
18412500.0, -93.55809
18661250.0, -93.65929
18910000.0, -94.95803
19158750.0, -93.65104
19407500.0, -94.20502
19656250.0, -94.81747
19905000.0, -93.24206
20153750.0, -93.26904
20402500.0, -93.15572
20651250.0, -94.03916
20900000.0, -93.38931
21148750.0, -93.45419
21397500.0, -93.12369
21646250.0, -94.50706
21895000.0, -94.36552
22143750.0, -92.70444
22392500.0, -94.76003
22641250.0, -93.43054
22890000.0, -94.81678
23138750.0, -94.2653
23387500.0, -95.23609
23636250.0, -95.67003
23885000.0, -93.54507
24133750.0, -94.01839
24382500.0, -93.00875
24631250.0, -94.11646
24880000.0, -94.22562
25128750.0, -96.63232
25377500.0, -94.43962
25626250.0, -92.46966
25875000.0, -94.32542
26123750.0, -93.0246
26372500.0, -93.30521
26621250.0, -93.79214
26870000.0, -93.6994
27118750.0, -93.48364
27367500.0, -91.94358
27616250.0, -91.43839
27865000.0, -91.04414
28113750.0, -90.94892
28362500.0, -91.37077
28611250.0, -93.57346
28860000.0, -94.50639
29108750.0, -95.81814
29357500.0, -93.21695
29606250.0, -93.71767
29855000.0, -93.90688
30103750.0, -93.49876
30352500.0, -91.92641
30601250.0, -92.98925
30850000.0, -92.68006
31098750.0, -93.72887
31347500.0, -92.7835
31596250.0, -94.02778
31845000.0, -93.24567
32093750.0, -92.55317
32342500.0, -92.5244
32591250.0, -94.03741
32840000.0, -92.2571
33088750.0, -88.01281
33337500.0, -91.9166
33586250.0, -92.46691
33835000.0, -92.1178
34083750.0, -92.59615
34332500.0, -94.25591
34581250.0, -95.24614
34830000.0, -93.19753
35078750.0, -92.36897
35327500.0, -92.8499
35576250.0, -92.77301
35825000.0, -93.11488
36073750.0, -93.0051
36322500.0, -92.6822
36571250.0, -93.94449
36820000.0, -95.29673
37068750.0, -92.9118
37317500.0, -93.76376
37566250.0, -91.93531
37815000.0, -92.49284
38063750.0, -93.26392
38312500.0, -94.0109
38561250.0, -92.71295
38810000.0, -92.26273
39058750.0, -93.14919
39307500.0, -94.52402
39556250.0, -93.53303
39805000.0, -92.21561
40053750.0, -92.35677
40302500.0, -92.82809
40551250.0, -89.52711
40800000.0, -93.81894
41048750.0, -93.30614
41297500.0, -92.56106
41546250.0, -92.69026
41795000.0, -92.84585
42043750.0, -94.03146
42292500.0, -93.33721
42541250.0, -93.36134
42790000.0, -94.15012
43038750.0, -94.45112
43287500.0, -92.89825
43536250.0, -91.79466
43785000.0, -93.1783
44033750.0, -93.17466
44282500.0, -92.76001
44531250.0, -93.55965
44780000.0, -93.27215
45028750.0, -93.73241
45277500.0, -93.78011
45526250.0, -90.18369
45775000.0, -93.70786
46023750.0, -93.55606
46272500.0, -92.2626
46521250.0, -92.88087
46770000.0, -94.31371
47018750.0, -92.84846
47267500.0, -93.23312
47516250.0, -92.41467
47765000.0, -91.49749
48013750.0, -92.6934
48262500.0, -93.42635
48511250.0, -92.73011
48760000.0, -94.09737
49008750.0, -95.27993
49257500.0, -90.79609
49506250.0, -90.9411
49755000.0, -92.94311
50003750.0, -92.45351
50252500.0, -94.28277
50501250.0, -93.73271
50750000.0, -94.13095
50998750.0, -93.87833
51247500.0, -92.43711
51496250.0, -91.91962
51745000.0, -95.1955
51993750.0, -93.59771
52242500.0, -94.28873
52491250.0, -93.29943
52740000.0, -92.96403
52988750.0, -91.53669
53237500.0, -90.11459
53486250.0, -91.56007
53735000.0, -91.79433
53983750.0, -92.83922
54232500.0, -94.7393
54481250.0, -93.56931
54730000.0, -91.45999
54978750.0, -92.14051
55227500.0, -92.66544
55476250.0, -90.60432
55725000.0, -91.8364
55973750.0, -94.72884
56222500.0, -93.51786
56471250.0, -93.61224
56720000.0, -94.86442
56968750.0, -93.64449
57217500.0, -93.35344
57466250.0, -92.15784
57715000.0, -91.55729
57963750.0, -91.4041
58212500.0, -93.28995
58461250.0, -94.6077
58710000.0, -92.43152
58958750.0, -89.67547
59207500.0, -92.44548
59456250.0, -93.88749
59705000.0, -92.9016
59953750.0, -92.66887
60202500.0, -91.70354
60451250.0, -94.57378
60700000.0, -94.09919
60948750.0, -92.01614
61197500.0, -92.89317
61446250.0, -92.90672
61695000.0, -93.2497
61943750.0, -93.63291
62192500.0, -92.15448
62441250.0, -93.37942
62690000.0, -91.569
62938750.0, -91.85473
63187500.0, -93.5136
63436250.0, -94.14056
63685000.0, -92.20092
63933750.0, -92.14638
64182500.0, -93.87447
64431250.0, -93.4453
64680000.0, -93.55522
64928750.0, -91.63157
65177500.0, -93.95411
65426250.0, -94.58141
65675000.0, -93.14159
65923750.0, -94.16308
66172500.0, -92.55595
66421250.0, -86.11668
66670000.0, -91.90455
66918750.0, -92.76031
67167500.0, -89.35506
67416250.0, -92.4676
67665000.0, -92.91631
67913750.0, -93.64508
68162500.0, -93.35378
68411250.0, -91.12408
68660000.0, -91.94871
68908750.0, -93.21341
69157500.0, -92.9071
69406250.0, -92.5721
69655000.0, -91.6894
69903750.0, -91.95087
70152500.0, -93.70866
70401250.0, -92.78671
70650000.0, -91.96555
70898750.0, -91.73907
71147500.0, -94.11581
71396250.0, -93.90126
71645000.0, -93.21243
71893750.0, -93.49823
72142500.0, -93.96863
72391250.0, -94.22208
72640000.0, -92.81377
72888750.0, -91.77273
73137500.0, -92.79894
73386250.0, -93.16945
73635000.0, -94.33365
73883750.0, -89.99144
74132500.0, -93.30114
74381250.0, -90.83438
74630000.0, -92.20609
74878750.0, -93.36244
75127500.0, -93.68995
75376250.0, -92.09412
75625000.0, -91.40646
75873750.0, -92.22614
76122500.0, -90.63094
76371250.0, -92.9363
76620000.0, -92.49136
76868750.0, -92.72356
77117500.0, -90.84431
77366250.0, -92.97462
77615000.0, -93.35557
77863750.0, -92.35761
78112500.0, -93.17755
78361250.0, -92.54501
78610000.0, -92.61579
78858750.0, -93.26616
79107500.0, -91.95999
79356250.0, -92.30772
79605000.0, -92.09704
79853750.0, -92.6623
80102500.0, -93.02946
80351250.0, -92.78275
80600000.0, -93.2366
80848750.0, -92.04777
81097500.0, -91.65424
81346250.0, -93.52478
81595000.0, -91.89877
81843750.0, -92.57254
82092500.0, -93.18029
82341250.0, -92.6911
82590000.0, -91.30108
82838750.0, -93.91895
83087500.0, -93.86004
83336250.0, -93.24163
83585000.0, -93.66928
83833750.0, -92.74934
84082500.0, -92.05737
84331250.0, -90.86366
84580000.0, -93.60406
84828750.0, -91.079
85077500.0, -91.82214
85326250.0, -93.06915
85575000.0, -92.5374
85823750.0, -91.47005
86072500.0, -91.59127
86321250.0, -92.68298
86570000.0, -92.5201
86818750.0, -92.50044
87067500.0, -90.62716
87316250.0, -90.89076
87565000.0, -94.09745
87813750.0, -91.67449
88062500.0, -90.93687
88311250.0, -90.883
88560000.0, -93.37795
88808750.0, -92.54262
89057500.0, -92.5583
89306250.0, -92.94994
89555000.0, -94.78391
89803750.0, -91.92283
90052500.0, -91.63246
90301250.0, -90.10349
90550000.0, -89.64817
90798750.0, -91.20313
91047500.0, -91.82695
91296250.0, -91.67566
91545000.0, -93.68465
91793750.0, -93.39143
92042500.0, -88.21625
92291250.0, -87.35048
92540000.0, -91.95441
92788750.0, -90.66129
93037500.0, -91.3101
93286250.0, -93.82174
93535000.0, -93.8034
93783750.0, -92.01144
94032500.0, -91.79458
94281250.0, -92.53929
94530000.0, -91.12837
94778750.0, -91.49415
95027500.0, -92.27076
95276250.0, -92.57386
95525000.0, -90.83466
95773750.0, -92.34384
96022500.0, -92.31871
96271250.0, -91.4717
96520000.0, -92.28906
96768750.0, -92.93246
97017500.0, -93.40148
97266250.0, -93.40443
97515000.0, -91.9335
97763750.0, -91.17837
98012500.0, -92.57912
98261250.0, -92.5038
98510000.0, -90.07153
98758750.0, -91.20033
99007500.0, -93.60865
99256250.0, -92.97448
99505000.0, -68.88542
99753750.0, -68.77829
100002500.0, -92.40363
100251250.0, -93.06347
100500000.0, -93.00282
100748750.0, -94.42012
100997500.0, -93.55798
101246250.0, -91.28959
101495000.0, -91.39981
101743750.0, -91.57689
101992500.0, -91.19666
102241250.0, -92.59576
102490000.0, -89.84107
102738750.0, -91.25256
102987500.0, -93.86742
103236250.0, -92.64011
103485000.0, -91.33062
103733750.0, -91.94545
103982500.0, -90.87192
104231250.0, -92.85874
104480000.0, -92.2943
104728750.0, -93.37254
104977500.0, -93.16925
105226250.0, -93.27972
105475000.0, -90.50044
105723750.0, -89.38022
105972500.0, -92.18039
106221250.0, -92.72753
106470000.0, -92.69534
106718750.0, -93.74182
106967500.0, -88.88921
107216250.0, -90.116
107465000.0, -91.6824
107713750.0, -91.23325
107962500.0, -91.1271
108211250.0, -92.08311
108460000.0, -93.7509
108708750.0, -93.45728
108957500.0, -92.28895
109206250.0, -91.14011
109455000.0, -94.48925
109703750.0, -92.14481
109952500.0, -93.77467
110201250.0, -93.06602
110450000.0, -92.62676
110698750.0, -92.90337
110947500.0, -91.16141
111196250.0, -92.07067
111445000.0, -92.19932
111693750.0, -91.77074
111942500.0, -90.81033
112191250.0, -90.17052
112440000.0, -91.59789
112688750.0, -92.10526
112937500.0, -90.41354
113186250.0, -91.26054
113435000.0, -92.02425
113683750.0, -91.33356
113932500.0, -91.94077
114181250.0, -92.16029
114430000.0, -91.68287
114678750.0, -91.72588
114927500.0, -90.01232
115176250.0, -91.93277
115425000.0, -91.04066
115673750.0, -93.30742
115922500.0, -90.45652
116171250.0, -91.46124
116420000.0, -91.05077
116668750.0, -91.41808
116917500.0, -92.18561
117166250.0, -91.5799
117415000.0, -93.52049
117663750.0, -94.18892
117912500.0, -90.10343
118161250.0, -91.36645
118410000.0, -90.72696
118658750.0, -91.67345
118907500.0, -91.2674
119156250.0, -93.00517
119405000.0, -92.23215
119653750.0, -91.89671
119902500.0, -93.57815
120151250.0, -92.55244
120400000.0, -92.20977
120648750.0, -91.56435
120897500.0, -90.44616
121146250.0, -92.52591
121395000.0, -94.37315
121643750.0, -91.9434
121892500.0, -91.57191
122141250.0, -91.31769
122390000.0, -89.38725
122638750.0, -92.44137
122887500.0, -93.12384
123136250.0, -92.30501
123385000.0, -90.53403
123633750.0, -92.50831
123882500.0, -93.11245
124131250.0, -92.42339
124380000.0, -91.43235
124628750.0, -91.35306
124877500.0, -91.84566
125126250.0, -91.49347
125375000.0, -86.00533
125623750.0, -92.76961
125872500.0, -92.6571
126121250.0, -91.83789
126370000.0, -92.10031
126618750.0, -91.45662
126867500.0, -91.89698
127116250.0, -92.90528
127365000.0, -92.90721
127613750.0, -92.16251
127862500.0, -91.55051
128111250.0, -92.45394
128360000.0, -91.65232
128608750.0, -92.0289
128857500.0, -91.28929
129106250.0, -91.94973
129355000.0, -92.44413
129603750.0, -93.08109
129852500.0, -91.12531
130101250.0, -91.0387
130350000.0, -92.71025
130598750.0, -91.04087
130847500.0, -90.88172
131096250.0, -92.68088
131345000.0, -91.61029
131593750.0, -93.00511
131842500.0, -91.86268
132091250.0, -91.18801
132340000.0, -89.65518
132588750.0, -92.133
132837500.0, -70.56299
133086250.0, -91.48621
133335000.0, -90.73182
133583750.0, -94.0467
133832500.0, -93.02856
134081250.0, -90.9835
134330000.0, -91.38562
134578750.0, -92.16133
134827500.0, -92.27553
135076250.0, -91.24893
135325000.0, -90.17192
135573750.0, -91.40119
135822500.0, -92.69322
136071250.0, -92.8481
136320000.0, -91.21447
136568750.0, -92.72992
136817500.0, -91.63584
137066250.0, -91.55077
137315000.0, -91.18177
137563750.0, -91.35126
137812500.0, -91.89279
138061250.0, -91.25526
138310000.0, -92.18348
138558750.0, -91.32437
138807500.0, -92.88531
139056250.0, -93.36654
139305000.0, -92.43613
139553750.0, -91.58803
139802500.0, -92.33109
140051250.0, -90.33646
140300000.0, -88.29635
140548750.0, -92.28682
140797500.0, -92.145
141046250.0, -93.33651
141295000.0, -90.61837
141543750.0, -90.27866
141792500.0, -91.38551
142041250.0, -90.51945
142290000.0, -89.75155
142538750.0, -91.1088
142787500.0, -91.52583
143036250.0, -91.67052
143285000.0, -92.61223
143533750.0, -93.50718
143782500.0, -91.42536
144031250.0, -90.57582
144280000.0, -91.90779
144528750.0, -92.69016
144777500.0, -92.48608
145026250.0, -92.28033
145275000.0, -91.68762
145523750.0, -92.28282
145772500.0, -91.17178
146021250.0, -93.86382
146270000.0, -93.75214
146518750.0, -92.29986
146767500.0, -93.06821
147016250.0, -92.18587
147265000.0, -91.08591
147513750.0, -91.8353
147762500.0, -92.15881
148011250.0, -92.14787
148260000.0, -92.77371
148508750.0, -91.62482
148757500.0, -91.46525
149006250.0, -92.23023
149255000.0, -92.88643
149503750.0, -91.19526
149752500.0, -91.86528
150001250.0, -90.81257
150250000.0, -91.74499
150498750.0, -91.6508
150747500.0, -89.78002
150996250.0, -91.75362
151245000.0, -91.38866
151493750.0, -91.53814
151742500.0, -92.06892
151991250.0, -91.0062
152240000.0, -89.82832
152488750.0, -92.26817
152737500.0, -92.63138
152986250.0, -91.27708
153235000.0, -91.86338
153483750.0, -91.1361
153732500.0, -91.31535
153981250.0, -92.88574
154230000.0, -92.70729
154478750.0, -92.40905
154727500.0, -90.97764
154976250.0, -91.75884
155225000.0, -93.47694
155473750.0, -91.46272
155722500.0, -91.02782
155971250.0, -92.95323
156220000.0, -92.6004
156468750.0, -91.2964
156717500.0, -92.61797
156966250.0, -92.67299
157215000.0, -90.34561
157463750.0, -91.89536
157712500.0, -91.81716
157961250.0, -92.60722
158210000.0, -93.54269
158458750.0, -91.49457
158707500.0, -78.35804
158956250.0, -92.1378
159205000.0, -91.66444
159453750.0, -91.94968
159702500.0, -91.12502
159951250.0, -91.68535
160200000.0, -90.07961
160448750.0, -91.65177
160697500.0, -90.82647
160946250.0, -91.45892
161195000.0, -91.10892
161443750.0, -91.67838
161692500.0, -90.50681
161941250.0, -91.43404
162190000.0, -92.74356
162438750.0, -92.66271
162687500.0, -91.40771
162936250.0, -91.27913
163185000.0, -92.14278
163433750.0, -91.39794
163682500.0, -91.09265
163931250.0, -91.03204
164180000.0, -91.19764
164428750.0, -91.01408
164677500.0, -92.48766
164926250.0, -92.08755
165175000.0, -90.4661
165423750.0, -90.37329
165672500.0, -90.8231
165921250.0, -73.15983
166170000.0, -55.96442
166418750.0, -89.9455
166667500.0, -91.4841
166916250.0, -92.20844
167165000.0, -92.14848
167413750.0, -91.14521
167662500.0, -92.32858
167911250.0, -91.60592
168160000.0, -90.83494
168408750.0, -92.77612
168657500.0, -92.69589
168906250.0, -90.42698
169155000.0, -92.27277
169403750.0, -90.91586
169652500.0, -92.39005
169901250.0, -92.20017
170150000.0, -91.01814
170398750.0, -92.31115
170647500.0, -91.70759
170896250.0, -91.6027
171145000.0, -90.41894
171393750.0, -90.22837
171642500.0, -91.48123
171891250.0, -92.94907
172140000.0, -90.82089
172388750.0, -92.26359
172637500.0, -92.15864
172886250.0, -92.44428
173135000.0, -91.36252
173383750.0, -88.36859
173632500.0, -84.56863
173881250.0, -91.52592
174130000.0, -92.01228
174378750.0, -92.64441
174627500.0, -91.25302
174876250.0, -91.00463
175125000.0, -92.63734
175373750.0, -91.98859
175622500.0, -91.47296
175871250.0, -92.63962
176120000.0, -93.05653
176368750.0, -93.6538
176617500.0, -90.86312
176866250.0, -92.00646
177115000.0, -92.02201
177363750.0, -91.31964
177612500.0, -92.73199
177861250.0, -91.36655
178110000.0, -93.4535
178358750.0, -92.4763
178607500.0, -91.04858
178856250.0, -90.75967
179105000.0, -90.7218
179353750.0, -90.41795
179602500.0, -90.51712
179851250.0, -91.59873
180100000.0, -91.86095
180348750.0, -93.42735
180597500.0, -90.72932
180846250.0, -91.83448
181095000.0, -93.03367
181343750.0, -92.70107
181592500.0, -93.52953
181841250.0, -91.36659
182090000.0, -92.7192
182338750.0, -91.46635
182587500.0, -90.95523
182836250.0, -90.97407
183085000.0, -90.55673
183333750.0, -91.71028
183582500.0, -91.49361
183831250.0, -91.42986
184080000.0, -93.04862
184328750.0, -89.035
184577500.0, -89.26602
184826250.0, -91.61995
185075000.0, -90.51895
185323750.0, -90.64958
185572500.0, -90.13762
185821250.0, -91.15999
186070000.0, -91.70419
186318750.0, -90.69897
186567500.0, -91.49945
186816250.0, -91.07406
187065000.0, -92.70396
187313750.0, -91.12471
187562500.0, -91.70615
187811250.0, -91.32677
188060000.0, -92.11271
188308750.0, -91.16642
188557500.0, -90.40873
188806250.0, -92.15981
189055000.0, -91.51102
189303750.0, -90.73703
189552500.0, -89.78444
189801250.0, -93.08076
190050000.0, -92.51693
190298750.0, -91.22972
190547500.0, -90.32063
190796250.0, -91.81769
191045000.0, -92.37854
191293750.0, -92.38112
191542500.0, -91.95226
191791250.0, -76.71341
192040000.0, -78.11221
192288750.0, -90.09074
192537500.0, -92.09785
192786250.0, -91.2138
193035000.0, -90.10633
193283750.0, -92.89695
193532500.0, -91.80887
193781250.0, -90.44634
194030000.0, -90.85629
194278750.0, -91.94136
194527500.0, -91.8618
194776250.0, -91.37511
195025000.0, -92.46925
195273750.0, -91.58134
195522500.0, -91.90638
195771250.0, -91.02213
196020000.0, -89.88648
196268750.0, -91.1991
196517500.0, -91.1674
196766250.0, -90.83378
197015000.0, -91.1274
197263750.0, -89.85365
197512500.0, -91.73833
197761250.0, -91.78588
198010000.0, -91.32936
198258750.0, -90.99148
198507500.0, -92.12366
198756250.0, -92.05507
199005000.0, -92.33761
199253750.0, -75.33188
199502500.0, -76.77574
199751250.0, -90.77492
200000000.0, -90.92487
