+1.00000000000000E+003, -1.464268E+001, +9.508203E+000
+1.00999100000000E+003, -1.416270E+001, +1.430398E+001
+1.01998100000000E+003, -1.086772E+001, +1.247488E+001
+1.02997200000000E+003, -1.158208E+001, +1.302078E+001
+1.03996200000000E+003, -1.539752E+001, +9.426695E+000
+1.04995300000000E+003, -1.463983E+001, +1.117657E+001
+1.05994300000000E+003, -1.280781E+001, +1.093798E+001
+1.06993400000000E+003, -1.309633E+001, +9.195772E+000
+1.07992500000000E+003, -1.208426E+001, +8.870010E+000
+1.08991500000000E+003, -1.108636E+001, +7.783721E+000
+1.09990600000000E+003, -1.155600E+001, +9.486272E+000
+1.10989600000000E+003, -1.270493E+001, +9.921280E+000
+1.11988700000000E+003, -9.561378E+000, +8.595276E+000
+1.12987700000000E+003, -1.181855E+001, +9.582223E+000
+1.13986800000000E+003, -1.213855E+001, +7.347127E+000
+1.14985900000000E+003, -1.315021E+001, +6.532944E+000
+1.15984900000000E+003, -1.049937E+001, +6.787654E+000
+1.16984000000000E+003, -9.916821E+000, +6.811943E+000
+1.17983000000000E+003, -1.155077E+001, +4.918743E+000
+1.18982100000000E+003, -1.206315E+001, +6.359729E+000
+1.19981200000000E+003, -1.219430E+001, +6.276964E+000
+1.20980200000000E+003, -1.065107E+001, +5.822944E+000
+1.21979300000000E+003, -1.033789E+001, +5.941060E+000
+1.22978300000000E+003, -1.139727E+001, +4.751091E+000
+1.23977400000000E+003, -1.036748E+001, +5.617107E+000
+1.24976400000000E+003, -1.014607E+001, +4.029300E+000
+1.25975500000000E+003, -8.619897E+000, +4.494942E+000
+1.26974600000000E+003, -1.090547E+001, +4.275182E+000
+1.27973600000000E+003, -1.039797E+001, +4.407914E+000
+1.28972700000000E+003, -1.013309E+001, +3.795551E+000
+1.29971700000000E+003, -1.013130E+001, +3.593494E+000
+1.30970800000000E+003, -9.426936E+000, +2.537432E+000
+1.31969800000000E+003, -9.282156E+000, +4.746864E+000
+1.32968900000000E+003, -8.794623E+000, +2.237096E+000
+1.34122000000000E+003, -8.803850E+000, +2.508667E+000
+1.35455900000000E+003, -8.250336E+000, +2.229906E+000
+1.36789800000000E+003, -9.648386E+000, +2.531413E+000
+1.38123700000000E+003, -8.869191E+000, +1.749124E+000
+1.39457700000000E+003, -8.273419E+000, +2.138986E+000
+1.40791600000000E+003, -8.402143E+000, +1.898071E+000
+1.42125500000000E+003, -8.164262E+000, +1.560629E+000
+1.43459400000000E+003, -8.255215E+000, +1.938522E+000
+1.44793300000000E+003, -7.711735E+000, +1.202564E+000
+1.46127200000000E+003, -7.088586E+000, +1.692086E+000
+1.47461100000000E+003, -6.998166E+000, +1.238580E+000
+1.48795000000000E+003, -7.592428E+000, +1.600396E+000
+1.50129000000000E+003, -8.275928E+000, +9.335966E-001
+1.51462900000000E+003, -7.248255E+000, +1.843393E-001
+1.52796800000000E+003, -6.920039E+000, +4.359645E-001
+1.54130700000000E+003, -7.290799E+000, +5.298008E-001
+1.55464600000000E+003, -7.025419E+000, +4.177298E-001
+1.56798500000000E+003, -7.143251E+000, +3.019209E-001
+1.58132400000000E+003, -6.562036E+000, +2.771659E-001
+1.59466300000000E+003, -6.127564E+000, +1.742402E-001
+1.60800300000000E+003, -6.272879E+000, +2.868824E-001
+1.62134200000000E+003, -6.821027E+000, +1.177477E-001
+1.63468100000000E+003, -6.115696E+000, +1.856870E-001
+1.64802000000000E+003, -6.457585E+000, +1.202183E-001
+1.66135900000000E+003, -6.384595E+000, -7.614210E-001
+1.67469800000000E+003, -6.235260E+000, -1.587867E-001
+1.68803700000000E+003, -5.728735E+000, +2.288017E-002
+1.70137600000000E+003, -5.801464E+000, -4.588252E-001
+1.71471600000000E+003, -5.910638E+000, -2.380405E-002
+1.72805500000000E+003, -5.973196E+000, -4.907637E-001
+1.74139400000000E+003, -5.882766E+000, -7.860255E-001
+1.75473300000000E+003, -5.825088E+000, -6.243560E-001
+1.76807200000000E+003, -5.550428E+000, -6.966640E-001
+1.78340500000000E+003, -5.309973E+000, -8.605542E-001
+1.80114200000000E+003, -5.394513E+000, -1.013019E+000
+1.81887900000000E+003, -5.736178E+000, -1.052285E+000
+1.83661600000000E+003, -5.096445E+000, -1.084930E+000
+1.85435300000000E+003, -5.076063E+000, -1.116750E+000
+1.87209000000000E+003, -5.019839E+000, -1.165295E+000
+1.88982600000000E+003, -5.083492E+000, -1.301977E+000
+1.90756300000000E+003, -4.771893E+000, -1.159266E+000
+1.92530000000000E+003, -4.889188E+000, -1.160678E+000
+1.94303700000000E+003, -4.706061E+000, -1.437356E+000
+1.96077400000000E+003, -4.718371E+000, -1.398749E+000
+1.97851100000000E+003, -4.305898E+000, -1.351879E+000
+1.99624800000000E+003, -4.514858E+000, -1.220607E+000
+2.01398500000000E+003, -4.401293E+000, -1.159446E+000
+2.03172200000000E+003, -4.087564E+000, -1.230441E+000
+2.04945900000000E+003, -4.141709E+000, -1.504386E+000
+2.06719600000000E+003, -4.165461E+000, -1.565529E+000
+2.08493200000000E+003, -4.108080E+000, -1.526241E+000
+2.10266900000000E+003, -3.868756E+000, -1.435564E+000
+2.12040600000000E+003, -3.702268E+000, -1.769017E+000
+2.13814300000000E+003, -3.798069E+000, -1.636592E+000
+2.15588000000000E+003, -3.834898E+000, -1.703822E+000
+2.17361700000000E+003, -3.804277E+000, -1.664261E+000
+2.19135400000000E+003, -3.720192E+000, -1.749460E+000
+2.20909100000000E+003, -3.670073E+000, -1.609979E+000
+2.22682800000000E+003, -3.587682E+000, -1.798019E+000
+2.24456500000000E+003, -3.303057E+000, -1.887427E+000
+2.26230100000000E+003, -3.339643E+000, -1.830973E+000
+2.28003800000000E+003, -3.478496E+000, -1.879359E+000
+2.29777500000000E+003, -3.370369E+000, -1.897623E+000
+2.31551200000000E+003, -3.467202E+000, -1.948038E+000
+2.33324900000000E+003, -3.284840E+000, -1.865547E+000
+2.35098600000000E+003, -3.314039E+000, -1.849479E+000
+2.37137400000000E+003, -3.298493E+000, -1.891146E+000
+2.39506500000000E+003, -3.004598E+000, -2.079561E+000
+2.41875700000000E+003, -3.059171E+000, -2.063073E+000
+2.44244800000000E+003, -2.910413E+000, -1.888499E+000
+2.46613900000000E+003, -2.977278E+000, -1.992310E+000
+2.48983100000000E+003, -2.813350E+000, -1.858849E+000
+2.51352200000000E+003, -2.763924E+000, -2.028967E+000
+2.53721400000000E+003, -2.723218E+000, -1.815469E+000
+2.56090500000000E+003, -2.702978E+000, -2.013458E+000
+2.58459600000000E+003, -2.681436E+000, -2.036722E+000
+2.60828800000000E+003, -2.546082E+000, -2.089687E+000
+2.63197900000000E+003, -2.522481E+000, -1.984002E+000
+2.65567000000000E+003, -2.529186E+000, -2.122562E+000
+2.67936200000000E+003, -2.523145E+000, -2.041097E+000
+2.70305300000000E+003, -2.493426E+000, -2.090491E+000
+2.72674400000000E+003, -2.433671E+000, -1.970753E+000
+2.75043600000000E+003, -2.311059E+000, -2.099083E+000
+2.77412700000000E+003, -2.322245E+000, -2.002780E+000
+2.79781900000000E+003, -2.223157E+000, -1.986199E+000
+2.82151000000000E+003, -2.283423E+000, -2.063662E+000
+2.84520100000000E+003, -2.149453E+000, -2.192449E+000
+2.86889300000000E+003, -2.066834E+000, -2.051240E+000
+2.89258400000000E+003, -2.126525E+000, -2.084044E+000
+2.91627500000000E+003, -2.035124E+000, -2.066433E+000
+2.93996700000000E+003, -1.978453E+000, -2.042796E+000
+2.96365800000000E+003, -1.872788E+000, -2.171798E+000
+2.98734900000000E+003, -1.892571E+000, -2.025590E+000
+3.01104100000000E+003, -1.930158E+000, -2.104510E+000
+3.03473200000000E+003, -1.991483E+000, -2.104670E+000
+3.05842400000000E+003, -1.913097E+000, -2.097896E+000
+3.08211500000000E+003, -1.749561E+000, -2.014967E+000
+3.10580600000000E+003, -1.787147E+000, -2.105181E+000
+3.12949800000000E+003, -1.757025E+000, -2.043116E+000
+3.15318900000000E+003, -1.562147E+000, -2.018355E+000
+3.18053400000000E+003, -1.718434E+000, -2.080107E+000
+3.21216600000000E+003, -1.664725E+000, -2.048324E+000
+3.24379800000000E+003, -1.522080E+000, -2.032499E+000
+3.27543000000000E+003, -1.606090E+000, -2.102188E+000
+3.30706200000000E+003, -1.635775E+000, -2.009236E+000
+3.33869400000000E+003, -1.555840E+000, -1.973848E+000
+3.37032600000000E+003, -1.424638E+000, -2.065189E+000
+3.40195800000000E+003, -1.668659E+000, -2.123070E+000
+3.43359100000000E+003, -1.519771E+000, -2.333574E+000
+3.46522300000000E+003, -1.288483E+000, -2.066830E+000
+3.49685500000000E+003, -1.336882E+000, -2.059786E+000
+3.52848700000000E+003, -1.368293E+000, -2.030939E+000
+3.56011900000000E+003, -1.293911E+000, -2.081492E+000
+3.59175100000000E+003, -1.231142E+000, -2.016002E+000
+3.62338300000000E+003, -1.198155E+000, -2.004112E+000
+3.65501500000000E+003, -1.253490E+000, -2.022627E+000
+3.68664700000000E+003, -1.214613E+000, -2.020216E+000
+3.71827900000000E+003, -1.147526E+000, -2.003057E+000
+3.74991100000000E+003, -1.155513E+000, -2.053007E+000
+3.78154300000000E+003, -1.121677E+000, -2.029760E+000
+3.81317500000000E+003, -1.078589E+000, -1.951305E+000
+3.84480700000000E+003, -1.126974E+000, -1.959796E+000
+3.87643900000000E+003, -9.937892E-001, -2.000934E+000
+3.90807100000000E+003, -9.790993E-001, -1.938044E+000
+3.93970400000000E+003, -1.059670E+000, -1.976668E+000
+3.97133600000000E+003, -1.008888E+000, -2.009842E+000
+4.00296800000000E+003, -9.706893E-001, -1.998466E+000
+4.03460000000000E+003, -9.869580E-001, -1.922098E+000
+4.06623200000000E+003, -9.406874E-001, -1.903574E+000
+4.09786400000000E+003, -9.367405E-001, -1.952497E+000
+4.12949600000000E+003, -9.381390E-001, -1.896479E+000
+4.16112800000000E+003, -9.375539E-001, -2.001007E+000
+4.19276000000000E+003, -8.162019E-001, -1.984694E+000
+4.22912000000000E+003, -8.381801E-001, -1.933372E+000
+4.27118100000000E+003, -8.496575E-001, -1.880036E+000
+4.31324200000000E+003, -8.365423E-001, -1.848159E+000
+4.35530200000000E+003, -8.241915E-001, -1.885865E+000
+4.39736300000000E+003, -7.781003E-001, -1.889423E+000
+4.43942400000000E+003, -7.777731E-001, -1.855349E+000
+4.48148500000000E+003, -7.455224E-001, -1.913107E+000
+4.52354600000000E+003, -7.408788E-001, -1.809445E+000
+4.56560700000000E+003, -7.244077E-001, -1.840778E+000
+4.60766700000000E+003, -6.783366E-001, -1.778170E+000
+4.64972800000000E+003, -7.108719E-001, -1.817801E+000
+4.69178900000000E+003, -6.157318E-001, -1.768126E+000
+4.73385000000000E+003, -6.492063E-001, -1.776409E+000
+4.77591100000000E+003, -6.869521E-001, -1.776255E+000
+4.81797100000000E+003, -6.611125E-001, -1.810784E+000
+4.86003200000000E+003, -6.495847E-001, -1.769861E+000
+4.90209300000000E+003, -6.392303E-001, -1.751125E+000
+4.94415400000000E+003, -5.838264E-001, -1.766814E+000
+4.98621500000000E+003, -6.572177E-001, -1.769750E+000
+5.02827500000000E+003, -6.319374E-001, -1.786076E+000
+5.07033600000000E+003, -6.010451E-001, -1.732656E+000
+5.11239700000000E+003, -5.944538E-001, -1.705316E+000
+5.15445800000000E+003, -5.423870E-001, -1.743284E+000
+5.19651900000000E+003, -5.352499E-001, -1.717898E+000
+5.23858000000000E+003, -5.162533E-001, -1.707581E+000
+5.28064000000000E+003, -5.606431E-001, -1.719272E+000
+5.32270100000000E+003, -4.971088E-001, -1.678148E+000
+5.36476200000000E+003, -5.156290E-001, -1.705712E+000
+5.40682300000000E+003, -5.139441E-001, -1.709845E+000
+5.44888400000000E+003, -5.052463E-001, -1.710146E+000
+5.49094400000000E+003, -4.624076E-001, -1.708493E+000
+5.53300500000000E+003, -4.643992E-001, -1.678243E+000
+5.57506600000000E+003, -4.344041E-001, -1.649461E+000
+5.62341300000000E+003, -4.196281E-001, -1.651763E+000
+5.67959400000000E+003, -4.450117E-001, -1.638405E+000
+5.73577500000000E+003, -4.177357E-001, -1.677275E+000
+5.79195600000000E+003, -4.329822E-001, -1.685971E+000
+5.84813700000000E+003, -4.372546E-001, -1.623974E+000
+5.90431800000000E+003, -3.921221E-001, -1.563353E+000
+5.96050000000000E+003, -3.839235E-001, -1.579290E+000
+6.01668100000000E+003, -4.047940E-001, -1.578791E+000
+6.07286200000000E+003, -3.852795E-001, -1.620783E+000
+6.12904300000000E+003, -4.149291E-001, -1.607288E+000
+6.18522400000000E+003, -3.263060E-001, -1.591882E+000
+6.24140500000000E+003, -3.853103E-001, -1.559693E+000
+6.29758600000000E+003, -3.338342E-001, -1.532774E+000
+6.35376700000000E+003, -3.248921E-001, -1.526821E+000
+6.40994800000000E+003, -3.439570E-001, -1.515838E+000
+6.46612900000000E+003, -3.500885E-001, -1.508809E+000
+6.52231000000000E+003, -3.340865E-001, -1.554258E+000
+6.57849200000000E+003, -3.042108E-001, -1.538261E+000
+6.63467300000000E+003, -3.179436E-001, -1.541140E+000
+6.69085400000000E+003, -3.228101E-001, -1.500978E+000
+6.74703500000000E+003, -3.353918E-001, -1.518749E+000
+6.80321600000000E+003, -3.124538E-001, -1.494645E+000
+6.85939700000000E+003, -2.868829E-001, -1.515417E+000
+6.91557800000000E+003, -2.973663E-001, -1.467374E+000
+6.97175900000000E+003, -3.028312E-001, -1.432376E+000
+7.02794000000000E+003, -2.736686E-001, -1.436027E+000
+7.08412100000000E+003, -2.541530E-001, -1.403891E+000
+7.14030200000000E+003, -2.575988E-001, -1.415329E+000
+7.19648400000000E+003, -2.713475E-001, -1.478207E+000
+7.25266500000000E+003, -2.981460E-001, -1.497980E+000
+7.30884600000000E+003, -2.983081E-001, -1.443540E+000
+7.36502700000000E+003, -3.023037E-001, -1.416857E+000
+7.42120800000000E+003, -2.781771E-001, -1.408613E+000
+7.47738900000000E+003, -2.644823E-001, -1.393794E+000
+7.54223400000000E+003, -2.411545E-001, -1.412236E+000
+7.61724500000000E+003, -2.904342E-001, -1.431681E+000
+7.69225700000000E+003, -2.616743E-001, -1.417229E+000
+7.76726800000000E+003, -2.317241E-001, -1.372638E+000
+7.84228000000000E+003, -2.358073E-001, -1.352609E+000
+7.91729100000000E+003, -2.181189E-001, -1.332504E+000
+7.99230300000000E+003, -2.427011E-001, -1.331007E+000
+8.06731400000000E+003, -2.760354E-001, -1.321175E+000
+8.14232600000000E+003, -2.528572E-001, -1.304509E+000
+8.21733700000000E+003, -2.249957E-001, -1.302905E+000
+8.29234900000000E+003, -2.399411E-001, -1.329701E+000
+8.36736000000000E+003, -2.536746E-001, -1.289408E+000
+8.44237200000000E+003, -2.259181E-001, -1.323039E+000
+8.51738300000000E+003, -2.602968E-001, -1.332862E+000
+8.59239500000000E+003, -2.412122E-001, -1.316937E+000
+8.66740600000000E+003, -2.307051E-001, -1.330777E+000
+8.74241800000000E+003, -2.468567E-001, -1.288117E+000
+8.81742900000000E+003, -2.205418E-001, -1.269978E+000
+8.89244000000000E+003, -2.249326E-001, -1.255567E+000
+8.96745200000000E+003, -2.457795E-001, -1.248354E+000
+9.04246300000000E+003, -2.397240E-001, -1.234564E+000
+9.11747500000000E+003, -2.248926E-001, -1.229715E+000
+9.19248600000000E+003, -2.427544E-001, -1.227262E+000
+9.26749800000000E+003, -2.202606E-001, -1.211454E+000
+9.34250900000000E+003, -2.523822E-001, -1.217564E+000
+9.41752100000000E+003, -2.296265E-001, -1.226888E+000
+9.49253200000000E+003, -2.461592E-001, -1.229224E+000
+9.56754400000000E+003, -2.455790E-001, -1.207852E+000
+9.64255500000000E+003, -2.381094E-001, -1.184677E+000
+9.71756700000000E+003, -2.210746E-001, -1.161971E+000
+9.79257800000000E+003, -2.437019E-001, -1.168369E+000
+9.86759000000000E+003, -2.274967E-001, -1.176100E+000
+9.94260100000000E+003, -2.335748E-001, -1.169780E+000
+1.00288240000000E+004, -2.396256E-001, -1.127982E+000
+1.01285660000000E+004, -2.479018E-001, -1.149278E+000
+1.02283080000000E+004, -2.321318E-001, -1.153853E+000
+1.03280500000000E+004, -2.333477E-001, -1.147528E+000
+1.04277920000000E+004, -2.546948E-001, -1.143674E+000
+1.05275340000000E+004, -2.357491E-001, -1.129877E+000
+1.06272750000000E+004, -2.340620E-001, -1.104679E+000
+1.07270170000000E+004, -2.342471E-001, -1.084712E+000
+1.08267590000000E+004, -2.386955E-001, -1.103764E+000
+1.09265010000000E+004, -2.230169E-001, -1.111643E+000
+1.10262430000000E+004, -2.365985E-001, -1.086385E+000
+1.11259850000000E+004, -2.249938E-001, -1.074862E+000
+1.12257270000000E+004, -2.529004E-001, -1.085136E+000
+1.13254690000000E+004, -2.549878E-001, -1.063866E+000
+1.14252110000000E+004, -2.197433E-001, -1.051782E+000
+1.15249530000000E+004, -2.332641E-001, -1.050763E+000
+1.16246950000000E+004, -2.294625E-001, -1.033964E+000
+1.17244360000000E+004, -2.461362E-001, -1.064233E+000
+1.18241780000000E+004, -2.453094E-001, -1.034216E+000
+1.19239200000000E+004, -2.491551E-001, -1.011142E+000
+1.20236620000000E+004, -2.347388E-001, -1.002530E+000
+1.21234040000000E+004, -2.526591E-001, -1.017549E+000
+1.22231460000000E+004, -2.311033E-001, -1.000584E+000
+1.23228880000000E+004, -2.423652E-001, -1.023621E+000
+1.24226300000000E+004, -2.504287E-001, -9.901946E-001
+1.25223720000000E+004, -2.394421E-001, -9.765116E-001
+1.26221140000000E+004, -2.552021E-001, -9.694377E-001
+1.27218550000000E+004, -2.471752E-001, -9.720118E-001
+1.28215970000000E+004, -2.484649E-001, -9.700916E-001
+1.29213390000000E+004, -2.535894E-001, -9.696568E-001
+1.30210810000000E+004, -2.462258E-001, -9.650764E-001
+1.31208230000000E+004, -2.499122E-001, -9.490441E-001
+1.32205650000000E+004, -2.565241E-001, -9.705809E-001
+1.33352140000000E+004, -2.444255E-001, -9.319937E-001
+1.34684400000000E+004, -2.662650E-001, -9.302924E-001
+1.36016670000000E+004, -2.644982E-001, -9.326308E-001
+1.37348930000000E+004, -2.670967E-001, -9.216456E-001
+1.38681200000000E+004, -2.479365E-001, -9.029149E-001
+1.40013460000000E+004, -2.646392E-001, -8.963560E-001
+1.41345720000000E+004, -2.598749E-001, -8.799217E-001
+1.42677990000000E+004, -2.731178E-001, -8.819041E-001
+1.44010250000000E+004, -2.645831E-001, -8.868498E-001
+1.45342520000000E+004, -2.595423E-001, -8.931897E-001
+1.46674780000000E+004, -2.872147E-001, -8.544445E-001
+1.48007040000000E+004, -2.689493E-001, -8.665140E-001
+1.49339310000000E+004, -2.845297E-001, -8.556961E-001
+1.50671570000000E+004, -2.704099E-001, -8.616421E-001
+1.52003840000000E+004, -2.832772E-001, -8.306579E-001
+1.53336100000000E+004, -2.989257E-001, -8.327616E-001
+1.54668360000000E+004, -2.952945E-001, -8.062490E-001
+1.56000630000000E+004, -3.006665E-001, -8.235779E-001
+1.57332890000000E+004, -2.972854E-001, -8.219909E-001
+1.58665150000000E+004, -2.981520E-001, -8.127497E-001
+1.59997420000000E+004, -2.824183E-001, -7.854722E-001
+1.61329680000000E+004, -2.962969E-001, -8.097199E-001
+1.62661950000000E+004, -2.960305E-001, -7.987511E-001
+1.63994210000000E+004, -2.931875E-001, -7.949589E-001
+1.65326470000000E+004, -2.931069E-001, -7.701600E-001
+1.66658740000000E+004, -2.887256E-001, -7.478091E-001
+1.67991000000000E+004, -3.022628E-001, -7.683809E-001
+1.69323270000000E+004, -2.968472E-001, -7.570411E-001
+1.70655530000000E+004, -2.970696E-001, -7.493011E-001
+1.71987790000000E+004, -3.136683E-001, -7.592027E-001
+1.73320060000000E+004, -3.159177E-001, -7.312824E-001
+1.74652320000000E+004, -3.129081E-001, -7.199429E-001
+1.75984590000000E+004, -3.053896E-001, -7.214710E-001
+1.77316850000000E+004, -3.174412E-001, -7.231354E-001
+1.78854550000000E+004, -3.128703E-001, -6.995496E-001
+1.80633350000000E+004, -3.273917E-001, -6.962345E-001
+1.82412150000000E+004, -3.058046E-001, -7.078631E-001
+1.84190960000000E+004, -3.099594E-001, -6.948863E-001
+1.85969760000000E+004, -3.326496E-001, -7.027941E-001
+1.87748560000000E+004, -3.314052E-001, -6.729039E-001
+1.89527360000000E+004, -3.361547E-001, -6.575707E-001
+1.91306170000000E+004, -3.212742E-001, -6.532254E-001
+1.93084970000000E+004, -3.135283E-001, -6.366878E-001
+1.94863770000000E+004, -3.186037E-001, -6.541888E-001
+1.96642570000000E+004, -3.105282E-001, -6.296418E-001
+1.98421370000000E+004, -3.106782E-001, -6.154761E-001
+2.00200180000000E+004, -3.237250E-001, -6.274757E-001
+2.01978980000000E+004, -3.224201E-001, -6.267452E-001
+2.03757780000000E+004, -3.294275E-001, -6.040325E-001
+2.05536580000000E+004, -3.316612E-001, -6.200707E-001
+2.07315390000000E+004, -3.284088E-001, -6.018820E-001
+2.09094190000000E+004, -3.310592E-001, -5.981207E-001
+2.10872990000000E+004, -3.221619E-001, -5.915785E-001
+2.12651790000000E+004, -3.329653E-001, -5.928258E-001
+2.14430590000000E+004, -3.357596E-001, -5.908678E-001
+2.16209400000000E+004, -3.516320E-001, -5.806660E-001
+2.17988200000000E+004, -3.450306E-001, -5.779353E-001
+2.19767000000000E+004, -3.432785E-001, -5.716888E-001
+2.21545800000000E+004, -3.678112E-001, -5.585096E-001
+2.23324600000000E+004, -3.632253E-001, -5.558245E-001
+2.25103410000000E+004, -3.377346E-001, -5.423422E-001
+2.26882210000000E+004, -3.299210E-001, -5.226319E-001
+2.28661010000000E+004, -3.378978E-001, -5.223414E-001
+2.30439810000000E+004, -3.425066E-001, -5.116175E-001
+2.32218620000000E+004, -3.493277E-001, -5.222982E-001
+2.33997420000000E+004, -3.583196E-001, -4.916249E-001
+2.35776220000000E+004, -3.524837E-001, -5.118370E-001
+2.37820890000000E+004, -3.479129E-001, -4.893011E-001
+2.40186140000000E+004, -3.508843E-001, -4.997610E-001
+2.42551400000000E+004, -3.663836E-001, -4.830816E-001
+2.44916650000000E+004, -3.516221E-001, -4.733994E-001
+2.47281900000000E+004, -3.602455E-001, -4.621413E-001
+2.49647160000000E+004, -3.454501E-001, -4.789351E-001
+2.52012410000000E+004, -3.526340E-001, -4.497667E-001
+2.54377660000000E+004, -3.551356E-001, -4.608250E-001
+2.56742920000000E+004, -3.484357E-001, -4.403963E-001
+2.59108170000000E+004, -3.456416E-001, -4.342225E-001
+2.61473420000000E+004, -3.531585E-001, -4.291776E-001
+2.63838670000000E+004, -3.436406E-001, -4.320536E-001
+2.66203930000000E+004, -3.429033E-001, -4.160236E-001
+2.68569180000000E+004, -3.346772E-001, -3.977360E-001
+2.70934430000000E+004, -3.320878E-001, -3.937219E-001
+2.73299690000000E+004, -3.387977E-001, -3.976700E-001
+2.75664940000000E+004, -3.441402E-001, -4.041825E-001
+2.78030190000000E+004, -3.630520E-001, -4.010573E-001
+2.80395450000000E+004, -3.639334E-001, -3.986808E-001
+2.82760700000000E+004, -3.568299E-001, -3.870974E-001
+2.85125950000000E+004, -3.387319E-001, -3.828221E-001
+2.87491210000000E+004, -3.402699E-001, -3.606634E-001
+2.89856460000000E+004, -3.460957E-001, -3.591660E-001
+2.92221710000000E+004, -3.607544E-001, -3.473004E-001
+2.94586970000000E+004, -3.517119E-001, -3.521614E-001
+2.96952220000000E+004, -3.448008E-001, -3.635423E-001
+2.99317470000000E+004, -3.424551E-001, -3.394704E-001
+3.01682720000000E+004, -3.451343E-001, -3.266052E-001
+3.04047980000000E+004, -3.425460E-001, -3.172752E-001
+3.06413230000000E+004, -3.458968E-001, -3.259994E-001
+3.08778480000000E+004, -3.531714E-001, -3.205833E-001
+3.11143740000000E+004, -3.390489E-001, -3.232877E-001
+3.13508990000000E+004, -3.472324E-001, -3.123268E-001
+3.16227770000000E+004, -3.446791E-001, -2.920284E-001
+3.19387070000000E+004, -3.390754E-001, -3.039281E-001
+3.22546360000000E+004, -3.452884E-001, -2.927296E-001
+3.25705660000000E+004, -3.281864E-001, -2.893232E-001
+3.28864950000000E+004, -3.200429E-001, -2.984805E-001
+3.32024250000000E+004, -3.322852E-001, -3.136922E-001
+3.35183540000000E+004, -3.638826E-001, -3.202536E-001
+3.38342840000000E+004, -3.644041E-001, -2.967901E-001
+3.41502130000000E+004, -3.522917E-001, -2.854155E-001
+3.44661430000000E+004, -3.619075E-001, -2.746775E-001
+3.47820720000000E+004, -3.503911E-001, -2.713320E-001
+3.50980020000000E+004, -3.801287E-001, -2.642298E-001
+3.54139310000000E+004, -3.857851E-001, -2.636970E-001
+3.57298610000000E+004, -3.891997E-001, -2.616242E-001
+3.60457900000000E+004, -3.955478E-001, -2.292004E-001
+3.63617200000000E+004, -3.951350E-001, -2.100668E-001
+3.66776490000000E+004, -4.011849E-001, -1.796713E-001
+3.69935790000000E+004, -3.636509E-001, -1.808535E-001
+3.73095080000000E+004, -3.585730E-001, -1.811118E-001
+3.76254380000000E+004, -3.536366E-001, -1.701991E-001
+3.79413670000000E+004, -3.500130E-001, -1.676023E-001
+3.82572970000000E+004, -3.509688E-001, -1.590578E-001
+3.85732260000000E+004, -3.272813E-001, -1.617852E-001
+3.88891560000000E+004, -3.329680E-001, -1.642928E-001
+3.92050850000000E+004, -3.264367E-001, -1.620571E-001
+3.95210150000000E+004, -3.444169E-001, -1.470230E-001
+3.98369440000000E+004, -3.348614E-001, -1.502905E-001
+4.01528740000000E+004, -3.340957E-001, -1.491809E-001
+4.04688030000000E+004, -3.366167E-001, -1.404732E-001
+4.07847330000000E+004, -3.364315E-001, -1.346181E-001
+4.11006620000000E+004, -3.260234E-001, -1.435752E-001
+4.14165920000000E+004, -3.325427E-001, -1.395906E-001
+4.17325210000000E+004, -3.290510E-001, -1.268825E-001
+4.20484510000000E+004, -3.150185E-001, -1.126161E-001
+4.24130980000000E+004, -3.204014E-001, -1.183331E-001
+4.28349180000000E+004, -3.234159E-001, -1.116150E-001
+4.32567390000000E+004, -3.194135E-001, -1.111642E-001
+4.36785590000000E+004, -3.242807E-001, -1.180028E-001
+4.41003800000000E+004, -3.214797E-001, -9.972763E-002
+4.45222000000000E+004, -3.197744E-001, -9.097705E-002
+4.49440210000000E+004, -3.068275E-001, -1.037229E-001
+4.53658410000000E+004, -3.050365E-001, -8.505613E-002
+4.57876620000000E+004, -2.887385E-001, -7.336705E-002
+4.62094820000000E+004, -2.977296E-001, -6.858597E-002
+4.66313030000000E+004, -3.008450E-001, -7.455381E-002
+4.70531230000000E+004, -3.084123E-001, -6.817404E-002
+4.74749440000000E+004, -2.939978E-001, -7.971030E-002
+4.78967640000000E+004, -2.928027E-001, -6.455833E-002
+4.83185850000000E+004, -2.919912E-001, -6.817638E-002
+4.87404050000000E+004, -2.872177E-001, -5.283946E-002
+4.91622260000000E+004, -2.791132E-001, -5.147982E-002
+4.95840460000000E+004, -2.743552E-001, -5.085077E-002
+5.00058660000000E+004, -2.715756E-001, -6.438307E-002
+5.04276870000000E+004, -2.905133E-001, -7.521616E-002
+5.08495070000000E+004, -3.089609E-001, -6.539390E-002
+5.12713280000000E+004, -3.029460E-001, -4.843569E-002
+5.16931480000000E+004, -3.051021E-001, -3.873706E-002
+5.21149690000000E+004, -2.966397E-001, -2.658253E-002
+5.25367890000000E+004, -2.989421E-001, -2.336936E-002
+5.29586100000000E+004, -2.962181E-001, -1.595565E-002
+5.33804300000000E+004, -2.921215E-001, -1.175810E-002
+5.38022510000000E+004, -2.931672E-001, -8.780668E-003
+5.42240710000000E+004, -2.887579E-001, -6.458673E-003
+5.46458920000000E+004, -2.876540E-001, +3.965126E-003
+5.50677120000000E+004, -2.899159E-001, +7.369228E-003
+5.54895330000000E+004, -2.959977E-001, +8.955889E-003
+5.59113530000000E+004, -2.906147E-001, +8.165622E-003
+5.63962210000000E+004, -2.830866E-001, +1.944120E-002
+5.69571110000000E+004, -2.792972E-001, +2.487801E-002
+5.75180010000000E+004, -2.705075E-001, +3.272353E-002
+5.80788910000000E+004, -2.752507E-001, +4.797248E-002
+5.86397810000000E+004, -2.639285E-001, +6.247413E-002
+5.92006710000000E+004, -2.532020E-001, +6.307850E-002
+5.97615600000000E+004, -2.288884E-001, +4.982479E-002
+6.03224500000000E+004, -2.399111E-001, +4.592887E-002
+6.08833400000000E+004, -2.504036E-001, +4.579625E-002
+6.14442300000000E+004, -2.506414E-001, +8.295222E-002
+6.20051200000000E+004, -2.037425E-001, +8.037395E-002
+6.25660100000000E+004, -2.008733E-001, +5.081239E-002
+6.31269000000000E+004, -2.156414E-001, +4.655229E-002
+6.36877900000000E+004, -2.274804E-001, +4.346969E-002
+6.42486800000000E+004, -2.297567E-001, +6.563063E-002
+6.48095700000000E+004, -2.243271E-001, +7.421615E-002
+6.53704600000000E+004, -2.178509E-001, +7.430817E-002
+6.59313490000000E+004, -2.166692E-001, +7.782036E-002
+6.64922390000000E+004, -2.086094E-001, +7.864879E-002
+6.70531290000000E+004, -2.027266E-001, +7.315414E-002
+6.76140190000000E+004, -2.073435E-001, +7.322095E-002
+6.81749090000000E+004, -2.055139E-001, +8.279220E-002
+6.87357990000000E+004, -2.053035E-001, +7.655628E-002
+6.92966890000000E+004, -2.115796E-001, +9.324545E-002
+6.98575790000000E+004, -1.925000E-001, +1.106377E-001
+7.04184690000000E+004, -1.891223E-001, +9.013267E-002
+7.09793590000000E+004, -1.851596E-001, +9.361628E-002
+7.15402480000000E+004, -1.828514E-001, +9.352888E-002
+7.21011380000000E+004, -1.855162E-001, +9.644999E-002
+7.26620280000000E+004, -1.833443E-001, +9.327596E-002
+7.32229180000000E+004, -1.780355E-001, +1.039788E-001
+7.37838080000000E+004, -1.795251E-001, +1.031146E-001
+7.43446980000000E+004, -1.776005E-001, +1.017764E-001
+7.49894210000000E+004, -1.861702E-001, +1.064997E-001
+7.57386080000000E+004, -1.859641E-001, +1.184540E-001
+7.64877950000000E+004, -1.799638E-001, +1.251128E-001
+7.72369820000000E+004, -1.728090E-001, +1.383193E-001
+7.79861690000000E+004, -1.666630E-001, +1.279131E-001
+7.87353560000000E+004, -1.633311E-001, +1.354108E-001
+7.94845430000000E+004, -1.593589E-001, +1.367363E-001
+8.02337300000000E+004, -1.578753E-001, +1.432426E-001
+8.09829170000000E+004, -1.462999E-001, +1.518210E-001
+8.17321040000000E+004, -1.421620E-001, +1.466620E-001
+8.24812910000000E+004, -1.507298E-001, +1.497542E-001
+8.32304780000000E+004, -1.448148E-001, +1.618460E-001
+8.39796650000000E+004, -1.454870E-001, +1.724498E-001
+8.47288520000000E+004, -1.311631E-001, +1.938269E-001
+8.54780390000000E+004, -1.077099E-001, +1.888162E-001
+8.62272260000000E+004, -8.306926E-002, +1.808012E-001
+8.69764130000000E+004, -9.111179E-002, +1.567278E-001
+8.77255990000000E+004, -1.033972E-001, +1.644193E-001
+8.84747860000000E+004, -9.803125E-002, +1.711703E-001
+8.92239730000000E+004, -9.559927E-002, +1.708160E-001
+8.99731600000000E+004, -9.268979E-002, +1.805456E-001
+9.07223470000000E+004, -8.344193E-002, +1.864060E-001
+9.14715340000000E+004, -8.518523E-002, +1.775556E-001
+9.22207210000000E+004, -7.852492E-002, +1.808756E-001
+9.29699080000000E+004, -7.285659E-002, +1.849313E-001
+9.37190950000000E+004, -6.849015E-002, +1.989535E-001
+9.44682820000000E+004, -6.219989E-002, +2.062166E-001
+9.52174690000000E+004, -5.966336E-002, +2.192499E-001
+9.59666560000000E+004, -4.089452E-002, +2.200158E-001
+9.67158430000000E+004, -4.469976E-002, +2.247631E-001
+9.74650300000000E+004, -2.962359E-002, +2.385359E-001
+9.82142170000000E+004, -1.617587E-002, +2.478431E-001
+9.89634040000000E+004, +2.866175E-003, +2.629098E-001
+9.97125910000000E+004, +3.902271E-002, +2.737681E-001
+1.00577306000000E+005, +8.976541E-002, +2.706971E-001
+1.01577600000000E+005, +1.560114E-001, +2.063851E-001
+1.02577894000000E+005, +1.512702E-001, +1.352597E-001
+1.03578188000000E+005, +1.242992E-001, +8.584978E-002
+1.04578482000000E+005, +8.298156E-002, +7.764588E-002
+1.05578776000000E+005, +7.203464E-002, +9.131484E-002
+1.06579070000000E+005, +7.095177E-002, +8.395893E-002
+1.07579364000000E+005, +4.865789E-002, +7.621050E-002
+1.08579658000000E+005, +4.045171E-002, +9.469189E-002
+1.09579951000000E+005, +3.784663E-002, +1.079947E-001
+1.10580245000000E+005, +5.086742E-002, +1.242021E-001
+1.11580539000000E+005, +7.458170E-002, +1.420708E-001
+1.12580833000000E+005, +1.231669E-001, +1.449226E-001
+1.13581127000000E+005, +1.772383E-001, +9.067048E-002
+1.14581421000000E+005, +1.548389E-001, +1.193679E-002
+1.15581715000000E+005, +9.685133E-002, -2.314064E-002
+1.16582009000000E+005, +6.582683E-002, -6.874459E-003
+1.17582303000000E+005, +5.035356E-002, -7.085857E-003
+1.18582597000000E+005, +3.065516E-002, -4.494755E-003
+1.19582891000000E+005, +2.604964E-002, +5.388607E-003
+1.20583185000000E+005, +1.692981E-002, +8.607566E-003
+1.21583479000000E+005, +5.774070E-003, +6.479832E-003
+1.22583773000000E+005, +3.163230E-003, +1.615911E-002
+1.23584067000000E+005, -1.354158E-002, +9.233858E-003
+1.24584361000000E+005, -3.971697E-002, +1.717968E-002
+1.25584654000000E+005, -7.113602E-002, +3.483035E-002
+1.26584948000000E+005, -1.099880E-001, +9.119600E-002
+1.27585242000000E+005, -8.499149E-002, +1.845590E-001
+1.28585536000000E+005, -2.405158E-002, +2.352733E-001
+1.29585830000000E+005, +1.227747E-002, +2.233644E-001
+1.30586124000000E+005, +5.710179E-002, +2.610102E-001
+1.31586418000000E+005, +1.514991E-001, +2.470648E-001
+1.32586712000000E+005, +1.964366E-001, +1.786108E-001
+1.33736514000000E+005, +1.881842E-001, +1.116291E-001
+1.35066594000000E+005, +2.013750E-001, +1.002672E-001
+1.36396673000000E+005, +2.167041E-001, +4.296632E-002
+1.37726753000000E+005, +1.815274E-001, +7.301980E-004
+1.39056832000000E+005, +1.636071E-001, -8.531008E-003
+1.40386912000000E+005, +1.494253E-001, -2.190804E-002
+1.41716992000000E+005, +1.319758E-001, -2.620007E-002
+1.43047071000000E+005, +1.230704E-001, -2.596846E-002
+1.44377151000000E+005, +1.161246E-001, -2.431304E-002
+1.45707230000000E+005, +1.143298E-001, -2.709482E-002
+1.47037310000000E+005, +1.248922E-001, -3.467745E-002
+1.48367390000000E+005, +1.206001E-001, -5.211408E-002
+1.49697469000000E+005, +1.129486E-001, -7.404873E-002
+1.51027549000000E+005, +9.145783E-002, -8.646804E-002
+1.52357628000000E+005, +7.478861E-002, -9.949134E-002
+1.53687708000000E+005, +5.612472E-002, -9.461615E-002
+1.55017788000000E+005, +4.463046E-002, -9.555307E-002
+1.56347867000000E+005, +2.155473E-002, -1.006225E-001
+1.57677947000000E+005, +1.236189E-003, -8.288915E-002
+1.59008026000000E+005, -8.688221E-003, -5.893001E-002
+1.60338106000000E+005, +3.870615E-003, -4.416303E-002
+1.61668185000000E+005, +1.421671E-002, -4.266555E-002
+1.62998265000000E+005, +1.578062E-002, -4.511947E-002
+1.64328345000000E+005, +1.598430E-002, -4.861866E-002
+1.65658424000000E+005, +1.008094E-002, -5.206664E-002
+1.66988504000000E+005, +2.316837E-003, -5.692684E-002
+1.68318583000000E+005, -1.449483E-002, -5.374517E-002
+1.69648663000000E+005, -3.232990E-002, -3.532561E-002
+1.70978743000000E+005, -2.570449E-002, -9.046791E-003
+1.72308822000000E+005, -5.637793E-003, -3.174475E-003
+1.73638902000000E+005, -1.280327E-003, -2.150078E-003
+1.74968981000000E+005, +6.213163E-003, -1.358292E-003
+1.76299061000000E+005, +1.673734E-002, -1.531488E-003
+1.77827941000000E+005, +2.195137E-002, -6.258342E-003
+1.79604543000000E+005, +3.214044E-002, -1.195032E-002
+1.81381146000000E+005, +3.877708E-002, -2.933697E-002
+1.83157748000000E+005, +2.109239E-002, -4.249705E-002
+1.84934350000000E+005, +8.196851E-003, -3.734360E-002
+1.86710952000000E+005, +2.672861E-003, -3.178487E-002
+1.88487555000000E+005, +3.672027E-003, -2.513146E-002
+1.90264157000000E+005, +8.342052E-003, -2.299058E-002
+1.92040759000000E+005, +1.285882E-002, -3.082122E-002
+1.93817361000000E+005, +5.523740E-003, -3.192251E-002
+1.95593964000000E+005, -2.044902E-003, -2.890797E-002
+1.97370566000000E+005, -5.231975E-003, -2.669574E-002
+1.99147168000000E+005, -6.323390E-003, -1.913698E-002
+2.00923771000000E+005, -5.791637E-003, -1.617102E-002
+2.02700373000000E+005, -5.198560E-003, -6.906688E-003
+2.04476975000000E+005, +9.761758E-003, +2.224992E-003
+2.06253577000000E+005, +3.365787E-002, -3.267440E-003
+2.08030180000000E+005, +5.000224E-002, -2.965051E-002
+2.09806782000000E+005, +2.544552E-002, -5.872153E-002
+2.11583384000000E+005, +1.296800E-002, -6.084902E-002
+2.13359986000000E+005, -7.871091E-003, -6.959504E-002
+2.15136589000000E+005, -3.538129E-002, -5.720940E-002
+2.16913191000000E+005, -4.046786E-002, -2.966517E-002
+2.18689793000000E+005, -2.409621E-002, -1.346576E-002
+2.20466396000000E+005, -1.203946E-002, -1.608807E-002
+2.22242998000000E+005, -8.184334E-003, -3.044361E-002
+2.24019600000000E+005, -1.422479E-002, -3.277324E-002
+2.25796202000000E+005, -2.120772E-002, -3.726497E-002
+2.27572805000000E+005, -3.430576E-002, -3.717952E-002
+2.29349407000000E+005, -4.498210E-002, -2.609969E-002
+2.31126009000000E+005, -4.764424E-002, -8.986152E-003
+2.32902611000000E+005, -3.642638E-002, +5.795940E-003
+2.34679214000000E+005, -2.580757E-002, +2.662842E-003
+2.36455816000000E+005, -2.861081E-002, -3.456682E-004
+2.38506380000000E+005, -2.567475E-002, +9.661121E-003
+2.40878451000000E+005, -1.624911E-002, +6.463077E-003
+2.43250521000000E+005, -1.557093E-002, +4.672140E-003
+2.45622592000000E+005, -1.216832E-002, +3.891514E-003
+2.47994663000000E+005, -1.263870E-002, +1.447466E-003
+2.50366733000000E+005, -1.315776E-002, +1.615936E-003
+2.52738804000000E+005, -1.191132E-002, +1.474769E-003
+2.55110875000000E+005, -1.246218E-002, +5.340070E-004
+2.57482946000000E+005, -1.335352E-002, +6.833026E-004
+2.59855016000000E+005, -1.302677E-002, +1.649757E-003
+2.62227087000000E+005, -1.312958E-002, +1.678864E-003
+2.64599158000000E+005, -1.376873E-002, +2.492832E-003
+2.66971228000000E+005, -1.439917E-002, +1.401655E-003
+2.69343299000000E+005, -1.773173E-002, +2.559257E-003
+2.71715370000000E+005, -1.854948E-002, +7.838663E-003
+2.74087440000000E+005, -1.700238E-002, +9.342848E-003
+2.76459511000000E+005, -1.811547E-002, +1.274837E-002
+2.78831582000000E+005, -1.688750E-002, +1.780344E-002
+2.81203652000000E+005, -1.134268E-002, +2.293783E-002
+2.83575723000000E+005, -6.023372E-003, +2.062413E-002
+2.85947794000000E+005, -1.442826E-003, +2.627403E-002
+2.88319864000000E+005, +6.638892E-003, +1.952546E-002
+2.90691935000000E+005, +7.357149E-003, +1.375453E-002
+2.93064006000000E+005, +5.658842E-003, +1.153843E-002
+2.95436077000000E+005, +4.847218E-003, +1.280031E-002
+2.97808147000000E+005, +8.457280E-003, +1.306411E-002
+3.00180218000000E+005, +1.039483E-002, +8.995946E-003
+3.02552289000000E+005, +8.953744E-003, +6.532053E-003
+3.04924359000000E+005, +8.279819E-003, +5.856116E-003
+3.07296430000000E+005, +8.374650E-003, +4.889180E-003
+3.09668501000000E+005, +8.707180E-003, +3.833547E-003
+3.12040571000000E+005, +8.506143E-003, +2.234970E-003
+3.14412642000000E+005, +7.854260E-003, +1.499818E-003
+3.17139254000000E+005, +7.141814E-003, +8.896306E-004
+3.20293370000000E+005, +6.578394E-003, +3.222110E-004
+3.23447486000000E+005, +7.244904E-003, -9.234068E-004
+3.26601601000000E+005, +5.214593E-003, -1.979734E-003
+3.29755717000000E+005, +4.590959E-003, -1.892078E-003
+3.32909833000000E+005, +4.005350E-003, -1.895840E-003
+3.36063949000000E+005, +3.577703E-003, -2.033992E-003
+3.39218064000000E+005, +3.220025E-003, -1.638700E-003
+3.42372180000000E+005, +3.447927E-003, -1.962920E-003
+3.45526296000000E+005, +2.773099E-003, -2.946975E-003
+3.48680412000000E+005, +1.246608E-003, -2.239736E-003
+3.51834527000000E+005, +1.378598E-003, -1.503822E-003
+3.54988643000000E+005, +1.413819E-003, -1.820017E-003
+3.58142759000000E+005, +1.340011E-003, -1.475574E-003
+3.61296875000000E+005, +1.052429E-003, -1.253353E-003
+3.64450990000000E+005, +9.625531E-004, -7.835653E-004
+3.67605106000000E+005, +8.472890E-004, -3.136103E-004
+3.70759222000000E+005, +1.376602E-003, +3.448742E-004
+3.73913338000000E+005, +1.911911E-003, +4.513808E-004
+3.77067453000000E+005, +2.184761E-003, -1.837965E-004
+3.80221569000000E+005, +2.246762E-003, -7.255324E-004
+3.83375685000000E+005, +2.232462E-003, -7.005153E-004
+3.86529801000000E+005, +2.265956E-003, -7.896552E-004
+3.89683916000000E+005, +2.236266E-003, -6.525583E-004
+3.92838032000000E+005, +2.515795E-003, -8.280616E-004
+3.95992148000000E+005, +2.698613E-003, -1.514390E-003
+3.99146264000000E+005, +2.137617E-003, -1.525346E-003
+4.02300379000000E+005, +1.747877E-003, -1.414539E-003
+4.05454495000000E+005, +1.803096E-003, -1.218012E-003
+4.08608611000000E+005, +1.932506E-003, -1.098892E-003
+4.11762727000000E+005, +2.285856E-003, -1.462301E-003
+4.14916842000000E+005, +2.202600E-003, -1.518395E-003
+4.18070958000000E+005, +1.868663E-003, -1.691601E-003
+4.21696503000000E+005, +1.557847E-003, -1.735047E-003
+4.25909491000000E+005, +1.745585E-003, -1.660068E-003
+4.30122479000000E+005, +1.655712E-003, -1.615878E-003
+4.34335467000000E+005, +1.525426E-003, -1.614118E-003
+4.38548455000000E+005, +1.458126E-003, -1.896047E-003
+4.42761443000000E+005, +1.537273E-003, -1.763731E-003
+4.46974430000000E+005, +1.627545E-003, -1.798964E-003
+4.51187418000000E+005, +1.463087E-003, -1.517895E-003
+4.55400406000000E+005, +1.585208E-003, -1.529586E-003
+4.59613394000000E+005, +1.603460E-003, -1.671134E-003
+4.63826382000000E+005, +1.599126E-003, -1.680329E-003
+4.68039370000000E+005, +1.478191E-003, -1.606966E-003
+4.72252358000000E+005, +1.653566E-003, -1.715712E-003
+4.76465346000000E+005, +1.638767E-003, -1.653102E-003
+4.80678334000000E+005, +1.455474E-003, -1.574412E-003
+4.84891322000000E+005, +1.694133E-003, -1.727440E-003
+4.89104310000000E+005, +1.776106E-003, -1.669936E-003
+4.93317297000000E+005, +1.541323E-003, -1.824669E-003
+4.97530285000000E+005, +1.802077E-003, -2.062066E-003
+5.01743273000000E+005, +1.586831E-003, -1.900164E-003
+5.05956261000000E+005, +1.569413E-003, -1.831115E-003
+5.10169249000000E+005, +1.576550E-003, -1.828021E-003
+5.14382237000000E+005, +1.493598E-003, -1.803698E-003
+5.18595225000000E+005, +1.501170E-003, -1.700305E-003
+5.22808213000000E+005, +1.659442E-003, -1.692265E-003
+5.27021201000000E+005, +1.756139E-003, -1.734888E-003
+5.31234189000000E+005, +1.947454E-003, -1.671570E-003
+5.35447177000000E+005, +2.016430E-003, -1.939598E-003
+5.39660164000000E+005, +1.985082E-003, -2.037229E-003
+5.43873152000000E+005, +1.879259E-003, -2.115131E-003
+5.48086140000000E+005, +1.834067E-003, -1.982984E-003
+5.52299128000000E+005, +1.760975E-003, -2.266307E-003
+5.56512116000000E+005, +1.849193E-003, -2.151337E-003
+5.60725104000000E+005, +1.820584E-003, -1.739545E-003
+5.65587757000000E+005, +1.880282E-003, -2.162310E-003
+5.71212823000000E+005, +1.456632E-003, -2.489847E-003
+5.76837889000000E+005, +1.736410E-003, -2.518990E-003
+5.82462955000000E+005, +1.795294E-003, -2.222911E-003
+5.88088021000000E+005, +1.786921E-003, -2.176598E-003
+5.93713087000000E+005, +1.975847E-003, -2.449666E-003
+5.99338154000000E+005, +2.004986E-003, -2.389990E-003
+6.04963220000000E+005, +1.927637E-003, -2.597872E-003
+6.10588286000000E+005, +1.805577E-003, -2.742937E-003
+6.16213352000000E+005, +1.700708E-003, -2.834553E-003
+6.21838418000000E+005, +1.923379E-003, -2.554259E-003
+6.27463484000000E+005, +1.837566E-003, -2.530231E-003
+6.33088550000000E+005, +1.914627E-003, -2.362535E-003
+6.38713616000000E+005, +2.001811E-003, -2.741127E-003
+6.44338682000000E+005, +1.931084E-003, -2.910311E-003
+6.49963748000000E+005, +1.771110E-003, -2.361857E-003
+6.55588815000000E+005, +1.963289E-003, -2.838197E-003
+6.61213881000000E+005, +1.811619E-003, -3.018111E-003
+6.66838947000000E+005, +2.099023E-003, -2.873081E-003
+6.72464013000000E+005, +2.101249E-003, -2.778692E-003
+6.78089079000000E+005, +1.926257E-003, -3.019820E-003
+6.83714145000000E+005, +2.021892E-003, -2.805541E-003
+6.89339211000000E+005, +1.996763E-003, -2.722929E-003
+6.94964277000000E+005, +2.120832E-003, -2.923513E-003
+7.00589343000000E+005, +2.157960E-003, -2.916944E-003
+7.06214409000000E+005, +2.416342E-003, -3.030433E-003
+7.11839475000000E+005, +1.656954E-003, -3.061797E-003
+7.17464542000000E+005, +2.305968E-003, -2.983936E-003
+7.23089608000000E+005, +2.219761E-003, -3.152463E-003
+7.28714674000000E+005, +2.217372E-003, -3.127073E-003
+7.34339740000000E+005, +2.439843E-003, -3.040740E-003
+7.39964806000000E+005, +2.601956E-003, -3.114401E-003
+7.45589872000000E+005, +3.010132E-003, -3.092167E-003
+7.52055687000000E+005, +2.649131E-003, -3.297231E-003
+7.59569151000000E+005, +2.728180E-003, -3.351875E-003
+7.67082615000000E+005, +3.053090E-003, -3.591295E-003
+7.74596079000000E+005, +2.863350E-003, -3.518136E-003
+7.82109543000000E+005, +3.172229E-003, -3.785605E-003
+7.89623007000000E+005, +2.912508E-003, -3.846923E-003
+7.97136471000000E+005, +3.086835E-003, -3.958815E-003
+8.04649935000000E+005, +3.232196E-003, -3.775386E-003
+8.12163399000000E+005, +3.168457E-003, -3.988576E-003
+8.19676863000000E+005, +3.294217E-003, -4.211560E-003
+8.27190327000000E+005, +3.619453E-003, -4.337354E-003
+8.34703791000000E+005, +3.152843E-003, -4.526782E-003
+8.42217255000000E+005, +3.180074E-003, -4.515896E-003
+8.49730719000000E+005, +3.469041E-003, -4.529164E-003
+8.57244183000000E+005, +3.438263E-003, -4.776101E-003
+8.64757647000000E+005, +3.604781E-003, -4.977999E-003
+8.72271111000000E+005, +3.443637E-003, -4.952128E-003
+8.79784576000000E+005, +3.561983E-003, -4.832571E-003
+8.87298040000000E+005, +3.597746E-003, -5.333348E-003
+8.94811504000000E+005, +3.750931E-003, -5.420075E-003
+9.02324968000000E+005, +4.360101E-003, -5.685989E-003
+9.09838432000000E+005, +4.139150E-003, -5.906294E-003
+9.17351896000000E+005, +4.009794E-003, -5.704907E-003
+9.24865360000000E+005, +3.957813E-003, -6.045843E-003
+9.32378824000000E+005, +3.922987E-003, -6.211486E-003
+9.39892288000000E+005, +4.225733E-003, -6.578390E-003
+9.47405752000000E+005, +3.880471E-003, -6.384774E-003
+9.54919216000000E+005, +3.685612E-003, -6.767037E-003
+9.62432680000000E+005, +4.015320E-003, -6.688949E-003
+9.69946144000000E+005, +4.073257E-003, -7.223129E-003
+9.77459608000000E+005, +3.680204E-003, -8.190775E-003
+9.84973072000000E+005, +4.333906E-003, -7.912442E-003
+9.92486536000000E+005, +4.327134E-003, -8.028863E-003
+1.00000000000000E+006, +4.285652E-003, -8.207661E-003
