+1.00000000000000E+004, +1.755836E+001, +5.043662E+001
+1.00563950000000E+004, +5.725668E+001, +1.324033E+001
+1.01127900000000E+004, +7.073381E-001, +5.001163E+001
+1.01691860000000E+004, +1.469584E+001, +9.973141E+000
+1.02255810000000E+004, -5.378807E+000, +3.718393E+001
+1.02819760000000E+004, -4.073139E+001, +7.458073E+001
+1.03383710000000E+004, -2.375873E+001, +6.674529E+001
+1.03947660000000E+004, +1.664212E-001, -8.225121E+000
+1.04511620000000E+004, -5.661456E+001, -7.366198E+001
+1.05075570000000E+004, +5.502969E+001, +1.495986E+001
+1.05639520000000E+004, +1.206869E+001, +1.263810E+001
+1.06203470000000E+004, +2.215058E+001, -2.835119E+001
+1.06767430000000E+004, +2.438658E+001, +2.683221E+001
+1.07331380000000E+004, -6.474017E+000, +4.933641E+001
+1.07895330000000E+004, -6.599108E+000, -3.095573E+000
+1.08459280000000E+004, -3.293527E+001, +4.367779E+001
+1.09023230000000E+004, +6.715062E+000, +3.016725E+001
+1.09587190000000E+004, +1.894540E+001, +5.476680E+001
+1.10151140000000E+004, +3.485606E+001, +7.184130E+000
+1.10715090000000E+004, -1.541457E+001, -1.186582E+001
+1.11279040000000E+004, +3.009515E+001, +4.832445E+001
+1.11842990000000E+004, -2.639487E+001, +1.958418E+001
+1.12406950000000E+004, +1.663133E+000, +4.133310E+001
+1.12970900000000E+004, +2.581061E+001, +4.777966E+001
+1.13534850000000E+004, +3.107147E+000, +5.999166E+001
+1.14098800000000E+004, +4.559292E+000, +4.046798E+001
+1.14662750000000E+004, +2.154608E+001, +1.093397E+002
+1.15226710000000E+004, +3.638506E+001, +4.189487E+001
+1.15790660000000E+004, +3.645522E+001, +3.850051E+001
+1.16354610000000E+004, +6.957291E+001, +5.451777E+001
+1.16918560000000E+004, +1.609299E+001, +3.173624E+001
+1.17482520000000E+004, +7.348481E+000, +2.726357E+001
+1.18046470000000E+004, +1.021007E+001, +6.814136E+000
+1.18610420000000E+004, -2.262889E+001, +7.006107E+001
+1.19174370000000E+004, +1.865888E+001, +3.008252E+001
+1.19738320000000E+004, +6.691397E+001, +8.006491E+001
+1.20302280000000E+004, +2.266055E+001, +6.157183E+001
+1.20866230000000E+004, +3.010912E+000, +4.269613E+001
+1.21430180000000E+004, -2.976952E+000, +6.118427E+001
+1.21994130000000E+004, +2.365663E+000, +7.419901E+001
+1.22558080000000E+004, +2.189588E+001, +1.507409E+001
+1.23122040000000E+004, +1.004362E+001, +4.943010E+001
+1.23685990000000E+004, +1.596070E+001, +2.264695E+001
+1.24249940000000E+004, -2.341433E+001, +1.240368E+002
+1.24813890000000E+004, +6.511104E-001, +4.316505E+001
+1.25377840000000E+004, +6.560481E+000, +3.847338E+001
+1.25941800000000E+004, -1.455852E+001, +3.612732E+001
+1.26505750000000E+004, +5.742682E+000, +6.696060E+001
+1.27069700000000E+004, +1.288391E+001, +5.277776E+001
+1.27633650000000E+004, +1.525421E+001, +3.643135E+001
+1.28197610000000E+004, +1.268014E+001, +4.673480E+001
+1.28761560000000E+004, -2.789593E+000, +2.888058E+001
+1.29325510000000E+004, +4.359650E+000, +3.965871E+001
+1.29889460000000E+004, +1.601999E+001, +4.314324E+001
+1.30453410000000E+004, -2.708421E+000, +4.371005E+001
+1.31017370000000E+004, +7.122417E+000, +5.051798E+001
+1.31581320000000E+004, -2.738343E+001, +1.715234E+001
+1.32145270000000E+004, +5.757811E+000, +3.189466E+001
+1.32793040000000E+004, +1.147089E+001, +4.558163E+001
+1.33540020000000E+004, +6.938831E+000, +5.093614E+001
+1.34286990000000E+004, +1.236358E+001, +4.154766E+001
+1.35033970000000E+004, +1.728905E+001, +4.252436E+001
+1.35780950000000E+004, +1.152892E+001, +4.704978E+001
+1.36527920000000E+004, +2.145592E+000, +3.379378E+001
+1.37274900000000E+004, +1.519279E+000, +3.267311E+001
+1.38021880000000E+004, -2.403930E+001, +3.452883E+001
+1.38768850000000E+004, -1.994444E+000, +3.579818E+001
+1.39515830000000E+004, +1.225815E+001, +3.660436E+001
+1.40262800000000E+004, +2.668749E+000, +3.314122E+001
+1.41009780000000E+004, +9.562635E+000, +3.903757E+001
+1.41756760000000E+004, -3.459208E+000, +5.297997E+001
+1.42503730000000E+004, -2.932599E+000, +3.360469E+001
+1.43250710000000E+004, +1.099273E+000, +2.886853E+001
+1.43997690000000E+004, -5.024164E+000, +3.158392E+001
+1.44744660000000E+004, -3.781154E+000, +1.925129E+001
+1.45491640000000E+004, +2.201662E+001, +3.339705E+001
+1.46238620000000E+004, +4.578416E+000, +2.940256E+001
+1.46985590000000E+004, +6.562978E+000, +2.469267E+001
+1.47732570000000E+004, +1.941950E+000, +2.924898E+001
+1.48479550000000E+004, +1.892044E+001, +2.849358E+001
+1.49226520000000E+004, -2.361641E+000, +2.567865E+001
+1.49973500000000E+004, -5.369521E-001, +2.423962E+001
+1.50720470000000E+004, -5.337214E+000, +2.973633E+001
+1.51467450000000E+004, +2.765596E+000, +3.854323E+001
+1.52214430000000E+004, -5.637419E+000, +2.494841E+001
+1.52961400000000E+004, -5.511220E-002, +2.663176E+001
+1.53708380000000E+004, +2.500772E+000, +2.808255E+001
+1.54455360000000E+004, -5.889028E+000, +3.151949E+001
+1.55202330000000E+004, -8.951806E-001, +3.242530E+001
+1.55949310000000E+004, -6.341864E+000, +2.948685E+001
+1.56696290000000E+004, -4.048843E+000, +2.196108E+001
+1.57443260000000E+004, +9.583582E-001, +2.387699E+001
+1.58190240000000E+004, +1.171107E+000, +2.224917E+001
+1.58937220000000E+004, -5.820186E+000, +2.125117E+001
+1.59684190000000E+004, -2.702608E-001, +2.027641E+001
+1.60431170000000E+004, -1.665645E+000, +1.975152E+001
+1.61178140000000E+004, +3.326845E+000, +2.415047E+001
+1.61925120000000E+004, +4.768513E-001, +1.929018E+001
+1.62672100000000E+004, -1.194540E-001, +2.523679E+001
+1.63419070000000E+004, -2.343581E+000, +2.049110E+001
+1.64166050000000E+004, -3.331856E+000, +2.045511E+001
+1.64913030000000E+004, -2.344656E+000, +2.232541E+001
+1.65660000000000E+004, -4.814209E+000, +2.209749E+001
+1.66406980000000E+004, -1.788104E+000, +2.205674E+001
+1.67153960000000E+004, -8.142136E+000, +2.113785E+001
+1.67900930000000E+004, -6.034558E+000, +2.062529E+001
+1.68647910000000E+004, -5.706336E+000, +2.253546E+001
+1.69394890000000E+004, -3.315872E+000, +2.123422E+001
+1.70141860000000E+004, -4.294226E+000, +1.987977E+001
+1.70888840000000E+004, -3.987558E+000, +1.939547E+001
+1.71635810000000E+004, -3.700439E+000, +1.726575E+001
+1.72382790000000E+004, -1.248101E+000, +2.018261E+001
+1.73129770000000E+004, -4.411993E+000, +1.830971E+001
+1.73876740000000E+004, -5.783173E+000, +1.502597E+001
+1.74623720000000E+004, -1.805233E+000, +1.745550E+001
+1.75479720000000E+004, -4.424870E+000, +1.452307E+001
+1.76466810000000E+004, -2.162377E+000, +1.476557E+001
+1.77453910000000E+004, -3.594489E+000, +1.625217E+001
+1.78441000000000E+004, -4.234135E+000, +1.521970E+001
+1.79428100000000E+004, -4.438096E+000, +1.627047E+001
+1.80415190000000E+004, -3.536508E+000, +1.491802E+001
+1.81402280000000E+004, -3.526639E+000, +1.437218E+001
+1.82389380000000E+004, -4.307603E+000, +1.422374E+001
+1.83376470000000E+004, -2.996917E+000, +1.503504E+001
+1.84363570000000E+004, -3.426923E+000, +1.393628E+001
+1.85350660000000E+004, -3.285377E+000, +1.377023E+001
+1.86337750000000E+004, -4.348752E+000, +1.319056E+001
+1.87324850000000E+004, -4.862763E+000, +1.355269E+001
+1.88311940000000E+004, -4.131659E+000, +1.280757E+001
+1.89299030000000E+004, -5.184524E+000, +1.285841E+001
+1.90286130000000E+004, -3.998790E+000, +1.297031E+001
+1.91273220000000E+004, -4.153700E+000, +1.162554E+001
+1.92260320000000E+004, -4.778814E+000, +1.203651E+001
+1.93247410000000E+004, -5.297781E+000, +1.171857E+001
+1.94234500000000E+004, -6.510214E+000, +1.123195E+001
+1.95221600000000E+004, -3.938698E+000, +1.110557E+001
+1.96208690000000E+004, -4.609482E+000, +9.504040E+000
+1.97195790000000E+004, -5.587684E+000, +1.090077E+001
+1.98182880000000E+004, -4.264414E+000, +1.211126E+001
+1.99169970000000E+004, -4.774833E+000, +1.096063E+001
+2.00157070000000E+004, -4.633897E+000, +1.093745E+001
+2.01144160000000E+004, -5.071855E+000, +9.437669E+000
+2.02131260000000E+004, -4.688628E+000, +9.968370E+000
+2.03118350000000E+004, -4.808146E+000, +9.591707E+000
+2.04105440000000E+004, -5.044090E+000, +8.799618E+000
+2.05092540000000E+004, -4.653462E+000, +9.229955E+000
+2.06079630000000E+004, -4.915801E+000, +8.542498E+000
+2.07066730000000E+004, -4.964481E+000, +9.437862E+000
+2.08053820000000E+004, -5.301302E+000, +8.923904E+000
+2.09040910000000E+004, -5.441798E+000, +8.588846E+000
+2.10028010000000E+004, -4.633420E+000, +8.056736E+000
+2.11015100000000E+004, -4.659623E+000, +7.765850E+000
+2.12002200000000E+004, -4.894932E+000, +8.042357E+000
+2.12989290000000E+004, -4.814908E+000, +8.401613E+000
+2.13976380000000E+004, -5.056241E+000, +7.840702E+000
+2.14963480000000E+004, -4.706733E+000, +7.537418E+000
+2.15950570000000E+004, -5.566246E+000, +7.335253E+000
+2.16937660000000E+004, -4.606215E+000, +8.028454E+000
+2.17924760000000E+004, -4.845562E+000, +7.350405E+000
+2.18911850000000E+004, -5.308803E+000, +8.269512E+000
+2.19898950000000E+004, -4.160514E+000, +6.977794E+000
+2.20886040000000E+004, -5.290509E+000, +6.898850E+000
+2.21873130000000E+004, -4.977338E+000, +6.260973E+000
+2.22860230000000E+004, -4.968691E+000, +5.609915E+000
+2.23847320000000E+004, -4.828774E+000, +6.119785E+000
+2.24834420000000E+004, -4.500069E+000, +6.143150E+000
+2.25821510000000E+004, -5.290282E+000, +5.780271E+000
+2.26808600000000E+004, -5.288983E+000, +5.663559E+000
+2.27795700000000E+004, -4.491446E+000, +6.002472E+000
+2.28782790000000E+004, -4.978176E+000, +5.796933E+000
+2.29769890000000E+004, -4.550984E+000, +6.080786E+000
+2.30756980000000E+004, -4.729937E+000, +5.291623E+000
+2.31888150000000E+004, -5.106102E+000, +5.264631E+000
+2.33192550000000E+004, -5.049177E+000, +5.443285E+000
+2.34496950000000E+004, -4.994280E+000, +5.091509E+000
+2.35801340000000E+004, -5.447845E+000, +5.200245E+000
+2.37105740000000E+004, -4.583310E+000, +5.177981E+000
+2.38410140000000E+004, -4.561398E+000, +4.506069E+000
+2.39714540000000E+004, -4.676185E+000, +4.797026E+000
+2.41018930000000E+004, -4.678668E+000, +4.228721E+000
+2.42323330000000E+004, -4.499551E+000, +4.437685E+000
+2.43627730000000E+004, -4.848835E+000, +4.166364E+000
+2.44932130000000E+004, -4.665099E+000, +3.839337E+000
+2.46236520000000E+004, -4.433923E+000, +3.964579E+000
+2.47540920000000E+004, -4.564731E+000, +4.161887E+000
+2.48845320000000E+004, -4.398582E+000, +4.088713E+000
+2.50149720000000E+004, -4.513396E+000, +3.521327E+000
+2.51454120000000E+004, -4.790709E+000, +4.003690E+000
+2.52758510000000E+004, -4.394928E+000, +3.412370E+000
+2.54062910000000E+004, -4.652492E+000, +3.556901E+000
+2.55367310000000E+004, -4.324980E+000, +3.516633E+000
+2.56671710000000E+004, -4.894033E+000, +3.600420E+000
+2.57976100000000E+004, -4.337646E+000, +3.033442E+000
+2.59280500000000E+004, -4.303469E+000, +3.173989E+000
+2.60584900000000E+004, -4.562734E+000, +2.888028E+000
+2.61889300000000E+004, -4.634783E+000, +2.598163E+000
+2.63193690000000E+004, -4.510292E+000, +2.777653E+000
+2.64498090000000E+004, -4.390206E+000, +2.515183E+000
+2.65802490000000E+004, -4.351518E+000, +2.755983E+000
+2.67106890000000E+004, -4.418540E+000, +2.621013E+000
+2.68411280000000E+004, -4.234050E+000, +2.545517E+000
+2.69715680000000E+004, -4.323576E+000, +2.514786E+000
+2.71020080000000E+004, -4.403216E+000, +2.356973E+000
+2.72324480000000E+004, -4.313955E+000, +2.345126E+000
+2.73628880000000E+004, -4.146106E+000, +2.401938E+000
+2.74933270000000E+004, -4.155208E+000, +2.023006E+000
+2.76237670000000E+004, -4.373408E+000, +2.328346E+000
+2.77542070000000E+004, -3.990031E+000, +2.037309E+000
+2.78846470000000E+004, -4.253132E+000, +1.958409E+000
+2.80150860000000E+004, -4.130643E+000, +1.709921E+000
+2.81455260000000E+004, -4.125399E+000, +1.892395E+000
+2.82759660000000E+004, -4.226623E+000, +1.754954E+000
+2.84064060000000E+004, -4.015010E+000, +1.742958E+000
+2.85368450000000E+004, -3.913147E+000, +1.523695E+000
+2.86672850000000E+004, -4.033970E+000, +1.754005E+000
+2.87977250000000E+004, -4.055229E+000, +1.468197E+000
+2.89281650000000E+004, -4.015326E+000, +1.414855E+000
+2.90586050000000E+004, -3.950447E+000, +1.548485E+000
+2.91890440000000E+004, -4.102690E+000, +1.513722E+000
+2.93194840000000E+004, -3.996247E+000, +1.453829E+000
+2.94499240000000E+004, -3.891386E+000, +1.285632E+000
+2.95803640000000E+004, -3.717406E+000, +1.086988E+000
+2.97108030000000E+004, -3.954921E+000, +1.158497E+000
+2.98412430000000E+004, -3.713823E+000, +1.168282E+000
+2.99716830000000E+004, -3.817235E+000, +8.948517E-001
+3.01021230000000E+004, -3.682593E+000, +9.657702E-001
+3.02325620000000E+004, -3.741570E+000, +1.077513E+000
+3.03630020000000E+004, -3.787987E+000, +1.026567E+000
+3.04934420000000E+004, -3.781425E+000, +8.992480E-001
+3.06429210000000E+004, -3.755170E+000, +8.700252E-001
+3.08152910000000E+004, -3.620288E+000, +8.142163E-001
+3.09876610000000E+004, -3.631909E+000, +8.160103E-001
+3.11600310000000E+004, -3.632400E+000, +6.343755E-001
+3.13324010000000E+004, -3.652287E+000, +7.375427E-001
+3.15047710000000E+004, -3.728312E+000, +6.118715E-001
+3.16771410000000E+004, -3.646109E+000, +6.104141E-001
+3.18495110000000E+004, -3.684313E+000, +5.929115E-001
+3.20218810000000E+004, -3.561289E+000, +4.771795E-001
+3.21942510000000E+004, -3.547624E+000, +5.472720E-001
+3.23666210000000E+004, -3.541306E+000, +4.926876E-001
+3.25389910000000E+004, -3.524912E+000, +4.902438E-001
+3.27113610000000E+004, -3.466779E+000, +4.546002E-001
+3.28837310000000E+004, -3.424287E+000, +5.079312E-001
+3.30561010000000E+004, -3.420941E+000, +4.089043E-001
+3.32284710000000E+004, -3.335252E+000, +2.956144E-001
+3.34008410000000E+004, -3.373807E+000, +2.896780E-001
+3.35732110000000E+004, -3.176745E+000, +2.886189E-001
+3.37455810000000E+004, -3.169400E+000, +2.409472E-001
+3.39179510000000E+004, -3.150317E+000, +1.899592E-001
+3.40903210000000E+004, -3.235502E+000, +8.863676E-002
+3.42626910000000E+004, -3.093916E+000, +1.031339E-001
+3.44350610000000E+004, -3.023732E+000, +1.917213E-001
+3.46074310000000E+004, -3.018252E+000, +2.415710E-002
+3.47798010000000E+004, -3.000830E+000, +3.953476E-002
+3.49521710000000E+004, -3.014733E+000, +4.100771E-002
+3.51245410000000E+004, -2.957408E+000, -3.548047E-002
+3.52969110000000E+004, -2.865530E+000, -6.487717E-002
+3.54692810000000E+004, -2.866723E+000, -1.069866E-001
+3.56416510000000E+004, -2.912343E+000, -2.379707E-001
+3.58140210000000E+004, -2.831811E+000, -2.366155E-001
+3.59863910000000E+004, -2.815389E+000, -2.133827E-001
+3.61587610000000E+004, -2.787160E+000, -2.192897E-001
+3.63311310000000E+004, -2.722405E+000, -3.448377E-001
+3.65035010000000E+004, -2.797433E+000, -3.928343E-001
+3.66758710000000E+004, -2.743863E+000, -4.073730E-001
+3.68482410000000E+004, -2.729723E+000, -4.272989E-001
+3.70206110000000E+004, -2.688405E+000, -5.576428E-001
+3.71929810000000E+004, -2.704740E+000, -4.343639E-001
+3.73653510000000E+004, -2.770973E+000, -4.750512E-001
+3.75377210000000E+004, -2.739030E+000, -5.259003E-001
+3.77100910000000E+004, -2.746773E+000, -5.283307E-001
+3.78824610000000E+004, -2.705050E+000, -5.790061E-001
+3.80548310000000E+004, -2.744443E+000, -6.041320E-001
+3.82272010000000E+004, -2.692750E+000, -6.167159E-001
+3.83995710000000E+004, -2.698008E+000, -6.314002E-001
+3.85719410000000E+004, -2.685908E+000, -6.784203E-001
+3.87443110000000E+004, -2.639294E+000, -6.795996E-001
+3.89166810000000E+004, -2.622033E+000, -6.875097E-001
+3.90890510000000E+004, -2.663669E+000, -6.480389E-001
+3.92614210000000E+004, -2.637560E+000, -7.062845E-001
+3.94337910000000E+004, -2.526457E+000, -7.096558E-001
+3.96061610000000E+004, -2.545466E+000, -7.272852E-001
+3.97785310000000E+004, -2.493394E+000, -7.200962E-001
+3.99509010000000E+004, -2.518442E+000, -7.766402E-001
+4.01232710000000E+004, -2.509476E+000, -7.309959E-001
+4.02956410000000E+004, -2.473005E+000, -7.805561E-001
+4.04931700000000E+004, -2.475764E+000, -7.660491E-001
+4.07209490000000E+004, -2.435540E+000, -8.020371E-001
+4.09487280000000E+004, -2.437719E+000, -8.071886E-001
+4.11765060000000E+004, -2.399210E+000, -8.410931E-001
+4.14042850000000E+004, -2.423866E+000, -8.764970E-001
+4.16320640000000E+004, -2.405350E+000, -8.874305E-001
+4.18598430000000E+004, -2.365868E+000, -9.039326E-001
+4.20876210000000E+004, -2.349080E+000, -8.600138E-001
+4.23154000000000E+004, -2.362890E+000, -8.829700E-001
+4.25431790000000E+004, -2.325488E+000, -9.382863E-001
+4.27709580000000E+004, -2.285155E+000, -9.086766E-001
+4.29987370000000E+004, -2.294830E+000, -9.301130E-001
+4.32265150000000E+004, -2.265966E+000, -9.823734E-001
+4.34542940000000E+004, -2.279438E+000, -1.035789E+000
+4.36820730000000E+004, -2.219300E+000, -9.857368E-001
+4.39098520000000E+004, -2.208780E+000, -9.611487E-001
+4.41376310000000E+004, -2.163016E+000, -9.994109E-001
+4.43654090000000E+004, -2.218608E+000, -1.041125E+000
+4.45931880000000E+004, -2.163117E+000, -1.071704E+000
+4.48209670000000E+004, -2.176413E+000, -1.005201E+000
+4.50487460000000E+004, -2.152762E+000, -1.081170E+000
+4.52765240000000E+004, -2.128896E+000, -1.084860E+000
+4.55043030000000E+004, -2.112201E+000, -1.087624E+000
+4.57320820000000E+004, -2.139169E+000, -1.093820E+000
+4.59598610000000E+004, -2.047743E+000, -1.051660E+000
+4.61876400000000E+004, -2.060513E+000, -1.081902E+000
+4.64154180000000E+004, -2.057760E+000, -1.114480E+000
+4.66431970000000E+004, -2.063275E+000, -1.112239E+000
+4.68709760000000E+004, -2.038057E+000, -1.129317E+000
+4.70987550000000E+004, -2.018903E+000, -1.108487E+000
+4.73265340000000E+004, -2.017570E+000, -1.115845E+000
+4.75543120000000E+004, -2.022639E+000, -1.127100E+000
+4.77820910000000E+004, -2.011267E+000, -1.148615E+000
+4.80098700000000E+004, -2.000747E+000, -1.135581E+000
+4.82376490000000E+004, -1.960371E+000, -1.127889E+000
+4.84654270000000E+004, -1.991324E+000, -1.164711E+000
+4.86932060000000E+004, -1.945706E+000, -1.159079E+000
+4.89209850000000E+004, -1.953760E+000, -1.151765E+000
+4.91487640000000E+004, -1.893890E+000, -1.162534E+000
+4.93765430000000E+004, -1.934529E+000, -1.171439E+000
+4.96043210000000E+004, -1.988449E+000, -1.162734E+000
+4.98321000000000E+004, -1.816585E+000, -1.139331E+000
+5.00598790000000E+004, -1.908317E+000, -1.112604E+000
+5.02876580000000E+004, -1.865630E+000, -1.084499E+000
+5.05154370000000E+004, -1.829184E+000, -1.121240E+000
+5.07432150000000E+004, -1.791874E+000, -1.110015E+000
+5.09709940000000E+004, -1.799685E+000, -1.146932E+000
+5.11987730000000E+004, -1.777614E+000, -1.162449E+000
+5.14265520000000E+004, -1.730103E+000, -1.171239E+000
+5.16543300000000E+004, -1.722743E+000, -1.181191E+000
+5.18821090000000E+004, -1.715613E+000, -1.196587E+000
+5.21098880000000E+004, -1.721141E+000, -1.217238E+000
+5.23376670000000E+004, -1.735261E+000, -1.186445E+000
+5.25654460000000E+004, -1.672025E+000, -1.216830E+000
+5.27932240000000E+004, -1.692320E+000, -1.225883E+000
+5.30210030000000E+004, -1.687979E+000, -1.228250E+000
+5.32487820000000E+004, -1.691055E+000, -1.229893E+000
+5.35098080000000E+004, -1.660958E+000, -1.243979E+000
+5.38108070000000E+004, -1.659698E+000, -1.249818E+000
+5.41118060000000E+004, -1.653062E+000, -1.238925E+000
+5.44128050000000E+004, -1.621547E+000, -1.242697E+000
+5.47138040000000E+004, -1.611539E+000, -1.256318E+000
+5.50148020000000E+004, -1.625688E+000, -1.257745E+000
+5.53158010000000E+004, -1.582993E+000, -1.256370E+000
+5.56168000000000E+004, -1.565690E+000, -1.260128E+000
+5.59177990000000E+004, -1.553804E+000, -1.264380E+000
+5.62187980000000E+004, -1.542324E+000, -1.265551E+000
+5.65197970000000E+004, -1.511024E+000, -1.246032E+000
+5.68207960000000E+004, -1.495383E+000, -1.289199E+000
+5.71217950000000E+004, -1.475506E+000, -1.313696E+000
+5.74227930000000E+004, -1.482095E+000, -1.298783E+000
+5.77237920000000E+004, -1.471277E+000, -1.324773E+000
+5.80247910000000E+004, -1.445908E+000, -1.327984E+000
+5.83257900000000E+004, -1.458178E+000, -1.349556E+000
+5.86267890000000E+004, -1.456121E+000, -1.380369E+000
+5.89277880000000E+004, -1.496533E+000, -1.383580E+000
+5.92287870000000E+004, -1.513100E+000, -1.370019E+000
+5.95297860000000E+004, -1.521135E+000, -1.351141E+000
+5.98307840000000E+004, -1.504750E+000, -1.348550E+000
+6.01317830000000E+004, -1.484825E+000, -1.329327E+000
+6.04327820000000E+004, -1.468440E+000, -1.334404E+000
+6.07337810000000E+004, -1.486953E+000, -1.357651E+000
+6.10347800000000E+004, -1.486166E+000, -1.337172E+000
+6.13357790000000E+004, -1.458769E+000, -1.368303E+000
+6.16367780000000E+004, -1.467574E+000, -1.391254E+000
+6.19377770000000E+004, -1.474799E+000, -1.389351E+000
+6.22387750000000E+004, -1.475315E+000, -1.409938E+000
+6.25397740000000E+004, -1.500232E+000, -1.455113E+000
+6.28407730000000E+004, -1.651716E+000, -1.336949E+000
+6.31417720000000E+004, -1.611580E+000, -7.461605E-001
+6.34427710000000E+004, -1.472382E+000, -6.716505E-001
+6.37437700000000E+004, -1.377108E+000, -6.902968E-001
+6.40447690000000E+004, -1.308159E+000, -7.258923E-001
+6.43457680000000E+004, -1.277505E+000, -7.123696E-001
+6.46467660000000E+004, -1.197889E+000, -7.461649E-001
+6.49477650000000E+004, -1.134222E+000, -7.654768E-001
+6.52487640000000E+004, -1.106918E+000, -8.011674E-001
+6.55497630000000E+004, -1.074819E+000, -8.261372E-001
+6.58507620000000E+004, -1.034430E+000, -8.245312E-001
+6.61517610000000E+004, -9.508672E-001, -8.783065E-001
+6.64527600000000E+004, -9.702166E-001, -9.695479E-001
+6.67537590000000E+004, -8.532539E-001, -1.292389E+000
+6.70547570000000E+004, -1.320434E+000, -1.368026E+000
+6.73557560000000E+004, -1.315086E+000, -1.323976E+000
+6.76567550000000E+004, -1.285202E+000, -1.306239E+000
+6.79577540000000E+004, -1.290602E+000, -1.295926E+000
+6.82587530000000E+004, -1.282384E+000, -1.274561E+000
+6.85597520000000E+004, -1.270307E+000, -1.269132E+000
+6.88607510000000E+004, -1.248983E+000, -1.269202E+000
+6.91617500000000E+004, -1.241703E+000, -1.253505E+000
+6.94627480000000E+004, -1.229140E+000, -1.250386E+000
+6.97637470000000E+004, -1.230480E+000, -1.263387E+000
+7.00647460000000E+004, -1.232786E+000, -1.266065E+000
+7.03657450000000E+004, -1.250130E+000, -1.265567E+000
+7.07106780000000E+004, -1.235035E+000, -1.255308E+000
+7.11094520000000E+004, -1.251549E+000, -1.242909E+000
+7.15082270000000E+004, -1.218571E+000, -1.234488E+000
+7.19070010000000E+004, -1.216122E+000, -1.226296E+000
+7.23057750000000E+004, -1.210586E+000, -1.227218E+000
+7.27045500000000E+004, -1.205468E+000, -1.221520E+000
+7.31033240000000E+004, -1.205762E+000, -1.209856E+000
+7.35020980000000E+004, -1.191429E+000, -1.212791E+000
+7.39008730000000E+004, -1.186717E+000, -1.225935E+000
+7.42996470000000E+004, -1.232593E+000, -1.195820E+000
+7.46984210000000E+004, -1.190088E+000, -1.138433E+000
+7.50971950000000E+004, -1.161865E+000, -1.159433E+000
+7.54959700000000E+004, -1.144884E+000, -1.151127E+000
+7.58947440000000E+004, -1.131591E+000, -1.153710E+000
+7.62935180000000E+004, -1.132439E+000, -1.170185E+000
+7.66922930000000E+004, -1.129152E+000, -1.151744E+000
+7.70910670000000E+004, -1.104793E+000, -1.155531E+000
+7.74898410000000E+004, -1.097094E+000, -1.159304E+000
+7.78886160000000E+004, -1.099489E+000, -1.158091E+000
+7.82873900000000E+004, -1.093128E+000, -1.155757E+000
+7.86861640000000E+004, -1.119594E+000, -1.161854E+000
+7.90849390000000E+004, -1.098118E+000, -1.157160E+000
+7.94837130000000E+004, -1.075943E+000, -1.132689E+000
+7.98824870000000E+004, -1.071552E+000, -1.127615E+000
+8.02812620000000E+004, -1.072543E+000, -1.132771E+000
+8.06800360000000E+004, -1.058850E+000, -1.111865E+000
+8.10788100000000E+004, -1.047300E+000, -1.112255E+000
+8.14775850000000E+004, -1.044574E+000, -1.111582E+000
+8.18763590000000E+004, -1.036893E+000, -1.108271E+000
+8.22751330000000E+004, -1.039009E+000, -1.112835E+000
+8.26739070000000E+004, -1.021894E+000, -1.103740E+000
+8.30726820000000E+004, -1.000235E+000, -1.103378E+000
+8.34714560000000E+004, -9.931425E-001, -1.106763E+000
+8.38702300000000E+004, -9.850730E-001, -1.119946E+000
+8.42690050000000E+004, -9.845780E-001, -1.123590E+000
+8.46677790000000E+004, -9.756116E-001, -1.133930E+000
+8.50665530000000E+004, -9.963344E-001, -1.135636E+000
+8.54653280000000E+004, -9.915789E-001, -1.130334E+000
+8.58641020000000E+004, -9.982629E-001, -1.141890E+000
+8.62628760000000E+004, -1.015429E+000, -1.130507E+000
+8.66616510000000E+004, -1.005619E+000, -1.120310E+000
+8.70604250000000E+004, -1.001395E+000, -1.104275E+000
+8.74591990000000E+004, -9.902397E-001, -1.096753E+000
+8.78579740000000E+004, -9.773965E-001, -1.085901E+000
+8.82567480000000E+004, -9.676090E-001, -1.088496E+000
+8.86555220000000E+004, -9.766568E-001, -1.075334E+000
+8.90542970000000E+004, -9.560987E-001, -1.087423E+000
+8.94530710000000E+004, -9.591874E-001, -1.078556E+000
+8.98518450000000E+004, -9.614058E-001, -1.082967E+000
+9.02506190000000E+004, -9.539554E-001, -1.079671E+000
+9.06493940000000E+004, -9.639766E-001, -1.085550E+000
+9.10481680000000E+004, -9.457134E-001, -1.070852E+000
+9.14469420000000E+004, -9.444391E-001, -1.061749E+000
+9.18457170000000E+004, -9.346361E-001, -1.064314E+000
+9.22444910000000E+004, -9.310735E-001, -1.064430E+000
+9.26432650000000E+004, -9.366705E-001, -1.062115E+000
+9.30420400000000E+004, -9.314739E-001, -1.065409E+000
+9.34408140000000E+004, -9.273337E-001, -1.060213E+000
+9.38988620000000E+004, -9.199557E-001, -1.065720E+000
+9.44270540000000E+004, -9.087697E-001, -1.061976E+000
+9.49552460000000E+004, -9.020650E-001, -1.065545E+000
+9.54834380000000E+004, -9.006809E-001, -1.065678E+000
+9.60116300000000E+004, -9.121472E-001, -1.077859E+000
+9.65398220000000E+004, -8.787686E-001, -1.052664E+000
+9.70680140000000E+004, -8.736102E-001, -1.070228E+000
+9.75962060000000E+004, -8.687789E-001, -1.088635E+000
+9.81243980000000E+004, -8.752434E-001, -1.093679E+000
+9.86525900000000E+004, -8.795413E-001, -1.119163E+000
+9.91807820000000E+004, -8.873020E-001, -1.149141E+000
+9.97089740000000E+004, -9.296164E-001, -1.165945E+000
+1.00237166000000E+005, -1.000820E+000, -1.170771E+000
+1.00765358000000E+005, -1.058700E+000, -1.129488E+000
+1.01293550000000E+005, -1.065270E+000, -1.069945E+000
+1.01821742000000E+005, -1.054956E+000, -1.023696E+000
+1.02349934000000E+005, -1.042984E+000, -9.915110E-001
+1.02878126000000E+005, -1.023676E+000, -9.678467E-001
+1.03406318000000E+005, -1.010290E+000, -9.578582E-001
+1.03934510000000E+005, -9.988116E-001, -9.465391E-001
+1.04462702000000E+005, -9.863222E-001, -9.360104E-001
+1.04990894000000E+005, -9.810090E-001, -9.378051E-001
+1.05519086000000E+005, -9.738864E-001, -9.260294E-001
+1.06047278000000E+005, -9.850475E-001, -9.182372E-001
+1.06575470000000E+005, -9.694025E-001, -9.089778E-001
+1.07103662000000E+005, -9.697909E-001, -8.899944E-001
+1.07631854000000E+005, -9.588667E-001, -8.799741E-001
+1.08160046000000E+005, -9.408944E-001, -8.707520E-001
+1.08688238000000E+005, -9.292778E-001, -8.645099E-001
+1.09216430000000E+005, -9.194250E-001, -8.701053E-001
+1.09744622000000E+005, -9.092983E-001, -8.648518E-001
+1.10272814000000E+005, -9.039687E-001, -8.722264E-001
+1.10801006000000E+005, -8.986088E-001, -8.771910E-001
+1.11329198000000E+005, -8.981755E-001, -8.776318E-001
+1.11857390000000E+005, -8.976736E-001, -8.866719E-001
+1.12385582000000E+005, -9.107970E-001, -8.991336E-001
+1.12913774000000E+005, -9.290144E-001, -8.969895E-001
+1.13441966000000E+005, -9.615954E-001, -8.903976E-001
+1.13970158000000E+005, -9.726361E-001, -8.624094E-001
+1.14498350000000E+005, -9.751990E-001, -8.345042E-001
+1.15026542000000E+005, -9.709951E-001, -8.085607E-001
+1.15554734000000E+005, -9.546974E-001, -7.766019E-001
+1.16082926000000E+005, -9.394222E-001, -7.718754E-001
+1.16611118000000E+005, -9.327201E-001, -7.663845E-001
+1.17139310000000E+005, -9.300059E-001, -7.599126E-001
+1.17667502000000E+005, -9.228282E-001, -7.499315E-001
+1.18195694000000E+005, -9.140535E-001, -7.357261E-001
+1.18723886000000E+005, -9.061226E-001, -7.335044E-001
+1.19252078000000E+005, -8.965874E-001, -7.280396E-001
+1.19780270000000E+005, -8.945571E-001, -7.227303E-001
+1.20308462000000E+005, -8.862306E-001, -7.098057E-001
+1.20836654000000E+005, -8.829151E-001, -7.086104E-001
+1.21364846000000E+005, -8.792803E-001, -7.014683E-001
+1.21893038000000E+005, -8.722004E-001, -6.950600E-001
+1.22421230000000E+005, -8.707860E-001, -6.917353E-001
+1.22949422000000E+005, -8.720555E-001, -6.752583E-001
+1.23477614000000E+005, -8.656219E-001, -6.614504E-001
+1.24082902000000E+005, -8.566418E-001, -6.460955E-001
+1.24780883000000E+005, -8.459516E-001, -6.263875E-001
+1.25478863000000E+005, -7.823467E-001, -5.744193E-001
+1.26176844000000E+005, -7.282542E-001, -5.539153E-001
+1.26874825000000E+005, -6.572887E-001, -5.681354E-001
+1.27572806000000E+005, -6.100267E-001, -6.181109E-001
+1.28270786000000E+005, -5.858188E-001, -6.788528E-001
+1.28968767000000E+005, -6.209084E-001, -7.300591E-001
+1.29666748000000E+005, -6.106101E-001, -7.478637E-001
+1.30364728000000E+005, -6.217247E-001, -8.193253E-001
+1.31062709000000E+005, -6.756625E-001, -8.630890E-001
+1.31760690000000E+005, -7.379333E-001, -8.534168E-001
+1.32458671000000E+005, -7.807694E-001, -8.276660E-001
+1.33156651000000E+005, -7.885133E-001, -7.975109E-001
+1.33854632000000E+005, -7.986834E-001, -7.552084E-001
+1.34552613000000E+005, -7.763652E-001, -7.450705E-001
+1.35250593000000E+005, -8.028734E-001, -7.395381E-001
+1.35948574000000E+005, -8.158167E-001, -7.314457E-001
+1.36646555000000E+005, -8.177882E-001, -7.067226E-001
+1.37344536000000E+005, -8.171053E-001, -6.882890E-001
+1.38042516000000E+005, -8.204689E-001, -6.776288E-001
+1.38740497000000E+005, -7.845262E-001, -5.902839E-001
+1.39438478000000E+005, -8.132458E-001, -6.566119E-001
+1.40136458000000E+005, -8.102503E-001, -6.431937E-001
+1.40834439000000E+005, -8.154702E-001, -6.307335E-001
+1.41532420000000E+005, -8.081844E-001, -6.280859E-001
+1.42230401000000E+005, -8.030209E-001, -6.226083E-001
+1.42928381000000E+005, -8.040112E-001, -6.132815E-001
+1.43626362000000E+005, -8.002242E-001, -6.049473E-001
+1.44324343000000E+005, -7.964829E-001, -6.013179E-001
+1.45022323000000E+005, -7.934186E-001, -5.949955E-001
+1.45720304000000E+005, -7.978778E-001, -5.877448E-001
+1.46418285000000E+005, -7.974988E-001, -5.870972E-001
+1.47116266000000E+005, -7.972644E-001, -5.777656E-001
+1.47814246000000E+005, -7.936216E-001, -5.764978E-001
+1.48512227000000E+005, -7.957379E-001, -5.703040E-001
+1.49210208000000E+005, -7.360167E-001, -4.279126E-001
+1.49908188000000E+005, -8.114887E-001, -5.514266E-001
+1.50606169000000E+005, -7.996524E-001, -5.391878E-001
+1.51304150000000E+005, -7.997072E-001, -5.297144E-001
+1.52002131000000E+005, -8.072252E-001, -5.158470E-001
+1.52700111000000E+005, -8.036509E-001, -5.040144E-001
+1.53398092000000E+005, -7.880020E-001, -4.977509E-001
+1.54096073000000E+005, -7.845758E-001, -4.869604E-001
+1.54794053000000E+005, -7.836981E-001, -4.786726E-001
+1.55492034000000E+005, -7.781680E-001, -4.711456E-001
+1.56190015000000E+005, -7.709866E-001, -4.594145E-001
+1.56887996000000E+005, -7.625420E-001, -4.534850E-001
+1.57585976000000E+005, -7.546070E-001, -4.467069E-001
+1.58283957000000E+005, -7.484941E-001, -4.403927E-001
+1.58981938000000E+005, -7.358223E-001, -4.395645E-001
+1.59679918000000E+005, -7.362261E-001, -4.375797E-001
+1.60377899000000E+005, -7.301013E-001, -4.363405E-001
+1.61075880000000E+005, -7.302922E-001, -4.335395E-001
+1.61773861000000E+005, -7.261800E-001, -4.264943E-001
+1.62471841000000E+005, -7.225471E-001, -4.211212E-001
+1.63169822000000E+005, -7.150104E-001, -4.254995E-001
+1.63969682000000E+005, -7.235004E-001, -4.051018E-001
+1.64892030000000E+005, -7.183709E-001, -4.050964E-001
+1.65814379000000E+005, -7.125753E-001, -3.985884E-001
+1.66736727000000E+005, -7.098044E-001, -3.845769E-001
+1.67659076000000E+005, -7.033578E-001, -3.728442E-001
+1.68581424000000E+005, -6.895558E-001, -3.608828E-001
+1.69503773000000E+005, -6.673556E-001, -3.585157E-001
+1.70426121000000E+005, -6.547475E-001, -3.641203E-001
+1.71348470000000E+005, -6.504535E-001, -3.704138E-001
+1.72270818000000E+005, -6.465741E-001, -3.734502E-001
+1.73193167000000E+005, -6.447990E-001, -3.699833E-001
+1.74115515000000E+005, -6.409384E-001, -3.719752E-001
+1.75037864000000E+005, -6.403276E-001, -3.713071E-001
+1.75960212000000E+005, -6.407253E-001, -3.718530E-001
+1.76882561000000E+005, -6.392733E-001, -3.693620E-001
+1.77804909000000E+005, -6.384989E-001, -3.666694E-001
+1.78727258000000E+005, -6.362934E-001, -3.677537E-001
+1.79649606000000E+005, -6.404321E-001, -3.651845E-001
+1.80571955000000E+005, -6.443995E-001, -3.623679E-001
+1.81494303000000E+005, -6.478876E-001, -3.531365E-001
+1.82416652000000E+005, -6.444795E-001, -3.439848E-001
+1.83339000000000E+005, -6.421102E-001, -3.319896E-001
+1.84261349000000E+005, -6.349568E-001, -3.263388E-001
+1.85183697000000E+005, -6.277841E-001, -3.202368E-001
+1.86106046000000E+005, -6.220043E-001, -3.153563E-001
+1.87028394000000E+005, -6.137846E-001, -3.096289E-001
+1.87950743000000E+005, -6.052142E-001, -3.099817E-001
+1.88873091000000E+005, -6.004348E-001, -3.128239E-001
+1.89795440000000E+005, -6.010604E-001, -3.120387E-001
+1.90717788000000E+005, -6.013128E-001, -3.096071E-001
+1.91640136000000E+005, -6.067840E-001, -3.047851E-001
+1.92562485000000E+005, -6.039761E-001, -3.004464E-001
+1.93484833000000E+005, -6.000909E-001, -2.928053E-001
+1.94407182000000E+005, -5.963122E-001, -2.862794E-001
+1.95329530000000E+005, -5.907136E-001, -2.822238E-001
+1.96251879000000E+005, -5.841519E-001, -2.773267E-001
+1.97174227000000E+005, -5.801976E-001, -2.771501E-001
+1.98096576000000E+005, -5.730493E-001, -2.759454E-001
+1.99018924000000E+005, -5.660492E-001, -2.776284E-001
+1.99941273000000E+005, -5.673977E-001, -2.736427E-001
+2.00863621000000E+005, -5.635381E-001, -2.717527E-001
+2.01785970000000E+005, -5.590883E-001, -2.733234E-001
+2.02708318000000E+005, -5.539721E-001, -2.754536E-001
+2.03630667000000E+005, -5.540450E-001, -2.787053E-001
+2.04553015000000E+005, -5.555911E-001, -2.824271E-001
+2.05475364000000E+005, -5.607926E-001, -2.853819E-001
+2.06397712000000E+005, -5.670105E-001, -2.817900E-001
+2.07320061000000E+005, -5.723074E-001, -2.791995E-001
+2.08242409000000E+005, -5.822875E-001, -2.711336E-001
+2.09164758000000E+005, -5.711325E-001, -2.575352E-001
+2.10087106000000E+005, -5.688487E-001, -2.502818E-001
+2.11009455000000E+005, -5.661346E-001, -2.496744E-001
+2.11931803000000E+005, -5.647417E-001, -2.421445E-001
+2.12854152000000E+005, -5.639960E-001, -2.273930E-001
+2.13776500000000E+005, -5.614150E-001, -2.266005E-001
+2.14698849000000E+005, -5.509555E-001, -2.213490E-001
+2.15621197000000E+005, -5.402251E-001, -2.176985E-001
+2.16678173000000E+005, -5.294082E-001, -2.214864E-001
+2.17897013000000E+005, -5.271944E-001, -2.273056E-001
+2.19115853000000E+005, -5.317440E-001, -2.268911E-001
+2.20334693000000E+005, -5.340925E-001, -2.282483E-001
+2.21553533000000E+005, -5.354587E-001, -2.205210E-001
+2.22772372000000E+005, -5.365316E-001, -2.138959E-001
+2.23991212000000E+005, -5.329049E-001, -2.053720E-001
+2.25210052000000E+005, -5.279680E-001, -1.991415E-001
+2.26428892000000E+005, -5.248820E-001, -1.955139E-001
+2.27647732000000E+005, -5.211939E-001, -1.848021E-001
+2.28866572000000E+005, -5.067917E-001, -1.838001E-001
+2.30085412000000E+005, -5.011836E-001, -1.820002E-001
+2.31304252000000E+005, -4.915169E-001, -1.760991E-001
+2.32523092000000E+005, -4.868870E-001, -1.891842E-001
+2.33741931000000E+005, -4.868242E-001, -1.875177E-001
+2.34960771000000E+005, -4.890828E-001, -1.895115E-001
+2.36179611000000E+005, -4.901893E-001, -1.883534E-001
+2.37398451000000E+005, -4.833879E-001, -1.831460E-001
+2.38617291000000E+005, -4.816487E-001, -1.855475E-001
+2.39836131000000E+005, -4.826865E-001, -1.855073E-001
+2.41054971000000E+005, -4.795416E-001, -1.850118E-001
+2.42273811000000E+005, -4.805605E-001, -1.835297E-001
+2.43492651000000E+005, -4.792439E-001, -1.823122E-001
+2.44711491000000E+005, -4.781217E-001, -1.789575E-001
+2.45930330000000E+005, -4.754680E-001, -1.764713E-001
+2.47149170000000E+005, -4.795269E-001, -1.747755E-001
+2.48368010000000E+005, -4.714383E-001, -1.684278E-001
+2.49586850000000E+005, -4.758422E-001, -1.719896E-001
+2.50805690000000E+005, -4.719078E-001, -1.727377E-001
+2.52024530000000E+005, -4.719437E-001, -1.699292E-001
+2.53243370000000E+005, -4.713736E-001, -1.660804E-001
+2.54462210000000E+005, -4.699729E-001, -1.634412E-001
+2.55681050000000E+005, -4.669566E-001, -1.585557E-001
+2.56899889000000E+005, -4.649650E-001, -1.580653E-001
+2.58118729000000E+005, -4.652445E-001, -1.546484E-001
+2.59337569000000E+005, -4.599797E-001, -1.548362E-001
+2.60556409000000E+005, -4.617682E-001, -1.534388E-001
+2.61775249000000E+005, -4.648942E-001, -1.494043E-001
+2.62994089000000E+005, -4.586230E-001, -1.475437E-001
+2.64212929000000E+005, -4.598627E-001, -1.453648E-001
+2.65431769000000E+005, -4.617084E-001, -1.423989E-001
+2.66650609000000E+005, -4.591296E-001, -1.388040E-001
+2.67869448000000E+005, -4.509637E-001, -1.334007E-001
+2.69088288000000E+005, -4.548979E-001, -1.353441E-001
+2.70307128000000E+005, -4.471089E-001, -1.358869E-001
+2.71525968000000E+005, -4.511345E-001, -1.320525E-001
+2.72744808000000E+005, -4.464628E-001, -1.277740E-001
+2.73963648000000E+005, -4.470545E-001, -1.239183E-001
+2.75182488000000E+005, -4.405187E-001, -1.262562E-001
+2.76401328000000E+005, -4.396467E-001, -1.247330E-001
+2.77620168000000E+005, -4.384964E-001, -1.175333E-001
+2.78839008000000E+005, -4.332866E-001, -1.254363E-001
+2.80057847000000E+005, -4.353265E-001, -1.187719E-001
+2.81276687000000E+005, -4.297428E-001, -1.239611E-001
+2.82495527000000E+005, -4.278681E-001, -1.216382E-001
+2.83714367000000E+005, -4.291609E-001, -1.233950E-001
+2.84933207000000E+005, -4.188955E-001, -1.209672E-001
+2.86329951000000E+005, -4.244362E-001, -1.290984E-001
+2.87940590000000E+005, -4.277445E-001, -1.344598E-001
+2.89551229000000E+005, -4.316669E-001, -1.312456E-001
+2.91161869000000E+005, -4.331189E-001, -1.264680E-001
+2.92772508000000E+005, -4.333090E-001, -1.218142E-001
+2.94383147000000E+005, -4.327290E-001, -1.236025E-001
+2.95993786000000E+005, -4.349666E-001, -1.235170E-001
+2.97604426000000E+005, -4.321332E-001, -1.203469E-001
+2.99215065000000E+005, -4.356063E-001, -1.206502E-001
+3.00825704000000E+005, -4.379763E-001, -1.173567E-001
+3.02436343000000E+005, -4.381979E-001, -1.145916E-001
+3.04046982000000E+005, -4.379277E-001, -1.146521E-001
+3.05657622000000E+005, -4.408419E-001, -1.096632E-001
+3.07268261000000E+005, -4.390310E-001, -1.061012E-001
+3.08878900000000E+005, -4.460877E-001, -1.039023E-001
+3.10489539000000E+005, -4.455966E-001, -1.008354E-001
+3.12100178000000E+005, -4.475200E-001, -9.760892E-002
+3.13710818000000E+005, -4.481048E-001, -9.358769E-002
+3.15321457000000E+005, -4.483576E-001, -8.820219E-002
+3.16932096000000E+005, -4.467220E-001, -8.616010E-002
+3.18542735000000E+005, -4.470397E-001, -8.056664E-002
+3.20153375000000E+005, -4.486088E-001, -8.014837E-002
+3.21764014000000E+005, -4.493273E-001, -7.625105E-002
+3.23374653000000E+005, -4.512288E-001, -7.213105E-002
+3.24985292000000E+005, -4.497570E-001, -6.758986E-002
+3.26595931000000E+005, -4.490255E-001, -6.430139E-002
+3.28206571000000E+005, -4.474732E-001, -6.025689E-002
+3.29817210000000E+005, -4.466728E-001, -5.706690E-002
+3.31427849000000E+005, -4.470440E-001, -5.269333E-002
+3.33038488000000E+005, -4.445905E-001, -4.977170E-002
+3.34649127000000E+005, -4.464695E-001, -4.614213E-002
+3.36259767000000E+005, -4.455657E-001, -4.285717E-002
+3.37870406000000E+005, -4.449863E-001, -4.021661E-002
+3.39481045000000E+005, -4.462396E-001, -3.731135E-002
+3.41091684000000E+005, -4.466720E-001, -3.419269E-002
+3.42702324000000E+005, -4.467456E-001, -3.126008E-002
+3.44312963000000E+005, -4.455284E-001, -2.551236E-002
+3.45923602000000E+005, -4.447656E-001, -2.194623E-002
+3.47534241000000E+005, -4.428455E-001, -1.977439E-002
+3.49144880000000E+005, -4.429914E-001, -1.564675E-002
+3.50755520000000E+005, -4.432366E-001, -1.163194E-002
+3.52366159000000E+005, -4.431649E-001, -8.518013E-003
+3.53976798000000E+005, -4.435630E-001, -4.137089E-003
+3.55587437000000E+005, -4.395069E-001, +1.833313E-003
+3.57198076000000E+005, -4.386212E-001, +2.383220E-003
+3.58808716000000E+005, -4.364671E-001, +6.097612E-003
+3.60419355000000E+005, -4.349622E-001, +8.962295E-003
+3.62029994000000E+005, -4.336749E-001, +1.191212E-002
+3.63640633000000E+005, -4.326856E-001, +1.447442E-002
+3.65251273000000E+005, -4.323495E-001, +1.804402E-002
+3.66861912000000E+005, -4.312874E-001, +2.143893E-002
+3.68472551000000E+005, -4.287996E-001, +2.372545E-002
+3.70083190000000E+005, -4.285322E-001, +2.515132E-002
+3.71693829000000E+005, -4.271334E-001, +2.679210E-002
+3.73304469000000E+005, -4.278634E-001, +2.846555E-002
+3.74915108000000E+005, -4.292777E-001, +3.047555E-002
+3.76525747000000E+005, -4.289452E-001, +3.540131E-002
+3.78371478000000E+005, -4.282031E-001, +3.874640E-002
+3.80505312000000E+005, -4.265168E-001, +4.213698E-002
+3.82639145000000E+005, -4.282065E-001, +4.821739E-002
+3.84772979000000E+005, -4.278049E-001, +5.316397E-002
+3.86906813000000E+005, -4.197512E-001, +6.815121E-002
+3.89040647000000E+005, -4.196816E-001, +6.094678E-002
+3.91174480000000E+005, -4.200059E-001, +6.341125E-002
+3.93308314000000E+005, -4.188538E-001, +6.853291E-002
+3.95442148000000E+005, -4.196487E-001, +7.220224E-002
+3.97575981000000E+005, -4.156465E-001, +8.116688E-002
+3.99709815000000E+005, -4.150256E-001, +7.798874E-002
+4.01843649000000E+005, -4.200977E-001, +8.370256E-002
+4.03977483000000E+005, -4.172159E-001, +9.141830E-002
+4.06111316000000E+005, -4.142723E-001, +9.552389E-002
+4.08245150000000E+005, -4.137928E-001, +9.968747E-002
+4.10378984000000E+005, -4.126128E-001, +1.035914E-001
+4.12512818000000E+005, -4.111075E-001, +1.084144E-001
+4.14646651000000E+005, -4.102525E-001, +1.122009E-001
+4.16780485000000E+005, -4.089227E-001, +1.173075E-001
+4.18914319000000E+005, -4.081900E-001, +1.217909E-001
+4.21048152000000E+005, -4.052789E-001, +1.272139E-001
+4.23181986000000E+005, -4.024591E-001, +1.322145E-001
+4.25315820000000E+005, -4.003475E-001, +1.357704E-001
+4.27449654000000E+005, -3.986643E-001, +1.405953E-001
+4.29583487000000E+005, -3.967357E-001, +1.440997E-001
+4.31717321000000E+005, -3.947036E-001, +1.490684E-001
+4.33851155000000E+005, -3.931269E-001, +1.531714E-001
+4.35984988000000E+005, -3.920057E-001, +1.584796E-001
+4.38118822000000E+005, -3.892680E-001, +1.629659E-001
+4.40252656000000E+005, -3.856449E-001, +1.661341E-001
+4.42386490000000E+005, -3.841552E-001, +1.705440E-001
+4.44520323000000E+005, -3.816979E-001, +1.752227E-001
+4.46654157000000E+005, -3.785467E-001, +1.795659E-001
+4.48787991000000E+005, -3.758300E-001, +1.840237E-001
+4.50921824000000E+005, -3.729616E-001, +1.876956E-001
+4.53055658000000E+005, -3.696347E-001, +1.915884E-001
+4.55189492000000E+005, -3.679363E-001, +1.952517E-001
+4.57323326000000E+005, -3.658044E-001, +1.999678E-001
+4.59457159000000E+005, -3.638794E-001, +2.026892E-001
+4.61590993000000E+005, -3.611969E-001, +2.079863E-001
+4.63724827000000E+005, -3.576935E-001, +2.120333E-001
+4.65858660000000E+005, -3.542435E-001, +2.156956E-001
+4.67992494000000E+005, -3.509500E-001, +2.197888E-001
+4.70126328000000E+005, -3.490424E-001, +2.236803E-001
+4.72260162000000E+005, -3.460472E-001, +2.279932E-001
+4.74393995000000E+005, -3.427371E-001, +2.317181E-001
+4.76527829000000E+005, -3.391428E-001, +2.358424E-001
+4.78661663000000E+005, -3.365990E-001, +2.394821E-001
+4.80795497000000E+005, -3.323688E-001, +2.436612E-001
+4.82929330000000E+005, -3.289552E-001, +2.466421E-001
+4.85063164000000E+005, -3.263218E-001, +2.491630E-001
+4.87196998000000E+005, -3.232794E-001, +2.530636E-001
+4.89330831000000E+005, -3.202961E-001, +2.571815E-001
+4.91464665000000E+005, -3.163607E-001, +2.606651E-001
+4.93598499000000E+005, -3.140883E-001, +2.638458E-001
+4.95732333000000E+005, -3.110135E-001, +2.662288E-001
+4.97866166000000E+005, -3.091204E-001, +2.704737E-001
+5.00000000000000E+005, -3.042523E-001, +2.749494E-001
