+3.00000000000000E+004, -2.429075E+000, +4.545241E-001
+3.02508640000000E+004, -2.331450E+000, +3.714817E-001
+3.05017280000000E+004, -2.333344E+000, +4.459583E-001
+3.07525920000000E+004, -2.316224E+000, +3.488360E-001
+3.10034570000000E+004, -2.305934E+000, +3.418999E-001
+3.12543210000000E+004, -2.243796E+000, +3.380076E-001
+3.15051850000000E+004, -2.200916E+000, +3.152372E-001
+3.17560490000000E+004, -2.139477E+000, +2.938052E-001
+3.20069130000000E+004, -2.113051E+000, +2.768114E-001
+3.22577770000000E+004, -2.077981E+000, +3.050738E-001
+3.25086420000000E+004, -2.150599E+000, +2.417345E-001
+3.27595060000000E+004, -2.100241E+000, +2.826372E-001
+3.30103700000000E+004, -2.052838E+000, +2.713314E-001
+3.32612340000000E+004, -2.001256E+000, +2.790715E-001
+3.35120980000000E+004, -1.915086E+000, +2.878306E-001
+3.37629620000000E+004, -1.896093E+000, +2.225533E-001
+3.40138270000000E+004, -1.849689E+000, +2.425271E-001
+3.42646910000000E+004, -1.866935E+000, +3.743339E-001
+3.45155550000000E+004, -1.796555E+000, +3.113259E-001
+3.47664190000000E+004, -1.878742E+000, +2.349057E-001
+3.50172830000000E+004, -1.697057E+000, +1.936678E-001
+3.52681470000000E+004, -1.597436E+000, +4.463416E-001
+3.55190110000000E+004, -1.504722E+000, +6.795443E-001
+3.57698760000000E+004, -4.446175E-001, +9.617509E-001
+3.60207400000000E+004, -4.459846E-001, -4.079534E-001
+3.62716040000000E+004, -9.540225E-001, +8.568054E-001
+3.65224680000000E+004, +1.201788E+000, +3.399866E+000
+3.67733320000000E+004, -1.089579E+000, -6.339390E-001
+3.70241960000000E+004, -1.118726E+000, -2.420380E-001
+3.72750610000000E+004, -1.659798E+000, +6.645252E-002
+3.75259250000000E+004, -1.531762E+000, +1.982775E-002
+3.77767890000000E+004, -1.613511E+000, +5.147452E-002
+3.80276530000000E+004, -1.613447E+000, -7.465322E-002
+3.82785170000000E+004, -1.551879E+000, +2.108796E-002
+3.85293810000000E+004, -1.547603E+000, +3.576728E-002
+3.87802460000000E+004, -1.539043E+000, +4.009733E-002
+3.90311100000000E+004, -1.512303E+000, +2.209381E-002
+3.92819740000000E+004, -1.497079E+000, -2.430716E-003
+3.95328380000000E+004, -1.479517E+000, +8.102402E-003
+3.98209480000000E+004, -1.462538E+000, +1.089971E-002
+4.01526750000000E+004, -1.460744E+000, +1.281658E-003
+4.04844020000000E+004, -1.422722E+000, +1.363117E-002
+4.08161290000000E+004, -1.401862E+000, +5.330483E-003
+4.11478560000000E+004, -1.396955E+000, -3.964949E-004
+4.14795820000000E+004, -1.365333E+000, +1.142919E-003
+4.18113090000000E+004, -1.341961E+000, +1.075651E-002
+4.21430360000000E+004, -1.326337E+000, +2.439709E-003
+4.24747630000000E+004, -1.305744E+000, -9.195341E-003
+4.28064900000000E+004, -1.282384E+000, -2.859404E-002
+4.31382170000000E+004, -1.280369E+000, -2.964546E-002
+4.34699440000000E+004, -1.265337E+000, -1.234508E-002
+4.38016710000000E+004, -1.262770E+000, -2.321059E-002
+4.41333980000000E+004, -1.194878E+000, -6.934015E-002
+4.44651240000000E+004, -1.218768E+000, -5.089639E-002
+4.47968510000000E+004, -1.187632E+000, -5.585763E-002
+4.51285780000000E+004, -1.156658E+000, -8.915828E-002
+4.54603050000000E+004, -1.137563E+000, -1.160064E-001
+4.57920320000000E+004, -1.122821E+000, -1.247008E-001
+4.61237590000000E+004, -1.115776E+000, -1.160910E-001
+4.64554860000000E+004, -1.096019E+000, -1.430313E-001
+4.67872130000000E+004, -1.080255E+000, -1.497788E-001
+4.71189400000000E+004, -1.073986E+000, -1.490217E-001
+4.74506670000000E+004, -1.058953E+000, -1.446867E-001
+4.77823930000000E+004, -1.059177E+000, -1.430643E-001
+4.81141200000000E+004, -1.050978E+000, -1.447756E-001
+4.84458470000000E+004, -1.034787E+000, -1.472219E-001
+4.87775740000000E+004, -1.028873E+000, -1.701013E-001
+4.91093010000000E+004, -9.997734E-001, -1.588952E-001
+4.94410280000000E+004, -9.707956E-001, -1.820143E-001
+4.97727550000000E+004, -1.003943E+000, -1.549592E-001
+5.01044820000000E+004, -9.649731E-001, -2.039460E-001
+5.04362090000000E+004, -9.609209E-001, -1.508727E-001
+5.07679350000000E+004, -9.256376E-001, -1.372633E-001
+5.10996620000000E+004, -9.034495E-001, -1.511746E-001
+5.14313890000000E+004, -8.719927E-001, -1.395084E-001
+5.17631160000000E+004, -8.957372E-001, -1.505598E-001
+5.20948430000000E+004, -8.871555E-001, -1.168310E-001
+5.24745030000000E+004, -8.850170E-001, -1.225289E-001
+5.29116400000000E+004, -8.771858E-001, -1.268042E-001
+5.33487770000000E+004, -8.705998E-001, -1.050955E-001
+5.37859140000000E+004, -8.489143E-001, -8.984447E-002
+5.42230500000000E+004, -8.439306E-001, -1.134530E-001
+5.46601870000000E+004, -8.244183E-001, -7.771970E-002
+5.50973240000000E+004, -8.194492E-001, -8.304141E-002
+5.55344610000000E+004, -8.122351E-001, -7.878944E-002
+5.59715980000000E+004, -8.034837E-001, -7.938351E-002
+5.64087350000000E+004, -7.822593E-001, -6.010071E-002
+5.68458720000000E+004, -7.724185E-001, -6.523780E-002
+5.72830090000000E+004, -7.680464E-001, -6.603576E-002
+5.77201450000000E+004, -7.573799E-001, -5.957986E-002
+5.81572820000000E+004, -7.478828E-001, -6.112252E-002
+5.85944190000000E+004, -7.428958E-001, -7.871117E-002
+5.90315560000000E+004, -7.375408E-001, -7.462157E-002
+5.94686930000000E+004, -7.522311E-001, -7.526174E-002
+5.99058300000000E+004, -7.469321E-001, -6.481872E-002
+6.03429670000000E+004, -7.346544E-001, -4.317802E-002
+6.07801030000000E+004, -7.104272E-001, -5.092591E-002
+6.12172400000000E+004, -7.040758E-001, -4.425834E-002
+6.16543770000000E+004, -6.865338E-001, -6.214641E-002
+6.20915140000000E+004, -7.028276E-001, -5.859407E-002
+6.25286510000000E+004, -6.958839E-001, -4.717423E-002
+6.29657880000000E+004, -6.773174E-001, -5.010508E-002
+6.34029250000000E+004, -6.685815E-001, -2.812034E-002
+6.38400610000000E+004, -6.509655E-001, -4.137065E-002
+6.42771980000000E+004, -6.478828E-001, -4.141958E-002
+6.47143350000000E+004, -6.345516E-001, -5.508706E-002
+6.51514720000000E+004, -6.367902E-001, -4.919339E-002
+6.55886090000000E+004, -6.268139E-001, -5.344867E-002
+6.60257460000000E+004, -6.189138E-001, -4.975630E-002
+6.64628830000000E+004, -6.190229E-001, -4.645362E-002
+6.69000200000000E+004, -6.116513E-001, -5.243193E-002
+6.73371560000000E+004, -6.012771E-001, -4.784848E-002
+6.77742930000000E+004, -6.025845E-001, -4.980068E-002
+6.82114300000000E+004, -5.882135E-001, -4.412530E-002
+6.86485670000000E+004, -5.782868E-001, -4.650883E-002
+6.91488680000000E+004, -5.727199E-001, -4.961541E-002
+6.97249100000000E+004, -5.720490E-001, -5.457222E-002
+7.03009520000000E+004, -5.598508E-001, -5.472602E-002
+7.08769940000000E+004, -5.546215E-001, -5.135610E-002
+7.14530360000000E+004, -5.531337E-001, -3.733787E-002
+7.20290780000000E+004, -5.471438E-001, -7.736175E-002
+7.26051200000000E+004, -4.717010E-001, -8.575608E-002
+7.31811620000000E+004, -5.118368E-001, -3.395576E-002
+7.37572040000000E+004, -5.313234E-001, -3.730639E-002
+7.43332460000000E+004, -5.246602E-001, -2.604583E-002
+7.49092880000000E+004, -5.026497E-001, -1.956246E-002
+7.54853300000000E+004, -4.962906E-001, -3.157131E-002
+7.60613720000000E+004, -4.869031E-001, -3.804415E-002
+7.66374140000000E+004, -4.828332E-001, -2.966506E-002
+7.72134560000000E+004, -4.715439E-001, -3.301965E-002
+7.77894980000000E+004, -4.680486E-001, -3.742623E-002
+7.83655400000000E+004, -4.612640E-001, -3.100276E-002
+7.89415820000000E+004, -4.631828E-001, -2.756958E-002
+7.95176240000000E+004, -4.482739E-001, -2.065734E-002
+8.00936670000000E+004, -4.491386E-001, -2.813698E-002
+8.06697090000000E+004, -4.380772E-001, -2.404339E-002
+8.12457510000000E+004, -4.312194E-001, -2.896218E-002
+8.18217930000000E+004, -4.237328E-001, -2.637463E-002
+8.23978350000000E+004, -4.240041E-001, -2.837034E-002
+8.29738770000000E+004, -4.155087E-001, -3.120004E-002
+8.35499190000000E+004, -4.074264E-001, -3.242911E-002
+8.41259610000000E+004, -4.052822E-001, -3.710759E-002
+8.47020030000000E+004, -4.004962E-001, -3.966009E-002
+8.52780450000000E+004, -4.032231E-001, -4.073878E-002
+8.58540870000000E+004, -4.008192E-001, -3.742895E-002
+8.64301290000000E+004, -4.049988E-001, -2.738772E-002
+8.70061710000000E+004, -3.954465E-001, -2.779284E-002
+8.75822130000000E+004, -3.894851E-001, -2.767906E-002
+8.81582550000000E+004, -3.844473E-001, -2.581961E-002
+8.87342970000000E+004, -3.752174E-001, -2.683449E-002
+8.93103390000000E+004, -3.743106E-001, -3.200723E-002
+8.98863810000000E+004, -3.727120E-001, -2.516727E-002
+9.04624230000000E+004, -3.648245E-001, -2.393226E-002
+9.11217000000000E+004, -3.634679E-001, -2.292164E-002
+9.18807860000000E+004, -3.581540E-001, -2.570592E-002
+9.26398720000000E+004, -3.504210E-001, -2.528297E-002
+9.33989580000000E+004, -3.428259E-001, -2.292300E-002
+9.41580440000000E+004, -3.423333E-001, -2.674638E-002
+9.49171290000000E+004, -3.381991E-001, -2.760179E-002
+9.56762150000000E+004, -3.333076E-001, -2.754015E-002
+9.64353010000000E+004, -3.319128E-001, -2.489806E-002
+9.71943870000000E+004, -3.218931E-001, -2.840180E-002
+9.79534730000000E+004, -3.234945E-001, -3.243897E-002
+9.87125590000000E+004, -3.223892E-001, -3.641432E-002
+9.94716450000000E+004, -3.204099E-001, -3.980623E-002
+1.00230731000000E+005, -3.325858E-001, -3.733526E-002
+1.00989817000000E+005, -3.379333E-001, -2.889823E-002
+1.01748902000000E+005, -3.377951E-001, -1.379387E-002
+1.02507988000000E+005, -3.252861E-001, -7.152762E-003
+1.03267074000000E+005, -3.166845E-001, -3.056899E-003
+1.04026160000000E+005, -3.113732E-001, -3.840448E-004
+1.04785246000000E+005, -3.053045E-001, +6.551356E-004
+1.05544332000000E+005, -3.003443E-001, +5.806178E-004
+1.06303418000000E+005, -2.951206E-001, +3.580610E-003
+1.07062504000000E+005, -2.932453E-001, +5.316993E-003
+1.07821590000000E+005, -2.793156E-001, +2.510305E-003
+1.08580676000000E+005, -2.486872E-001, +2.245956E-002
+1.09339761000000E+005, -2.819524E-001, +1.705611E-002
+1.10098847000000E+005, -2.678443E-001, -5.789650E-006
+1.10857933000000E+005, -2.661102E-001, +1.883635E-003
+1.11617019000000E+005, -2.666644E-001, -4.293324E-005
+1.12376105000000E+005, -2.638281E-001, -3.152374E-003
+1.13135191000000E+005, -2.692980E-001, +2.013779E-004
+1.13894277000000E+005, -2.695597E-001, +6.028446E-003
+1.14653363000000E+005, -2.663469E-001, +1.309513E-002
+1.15412449000000E+005, -2.575094E-001, +1.583915E-002
+1.16171534000000E+005, -2.520793E-001, +1.954030E-002
+1.16930620000000E+005, -2.462772E-001, +1.941859E-002
+1.17689706000000E+005, -2.419392E-001, +1.988020E-002
+1.18448792000000E+005, -2.404137E-001, +1.965472E-002
+1.19207878000000E+005, -2.352579E-001, +2.071040E-002
+1.20076648000000E+005, -2.303175E-001, +2.202501E-002
+1.21076942000000E+005, -2.255405E-001, +2.068523E-002
+1.22077236000000E+005, -2.231824E-001, +2.266491E-002
+1.23077530000000E+005, -2.178367E-001, +2.231920E-002
+1.24077824000000E+005, -2.111440E-001, +2.521427E-002
+1.25078118000000E+005, -2.019345E-001, +2.620093E-002
+1.26078412000000E+005, -1.966250E-001, +2.749131E-002
+1.27078706000000E+005, -1.864057E-001, +1.960958E-002
+1.28079000000000E+005, -1.786536E-001, +1.416651E-002
+1.29079294000000E+005, -1.838110E-001, +8.387387E-003
+1.30079588000000E+005, -1.811127E-001, +6.360135E-003
+1.31079882000000E+005, -1.823954E-001, +2.483587E-004
+1.32080176000000E+005, -1.861492E-001, -2.369934E-003
+1.33080470000000E+005, -1.873938E-001, +2.633897E-003
+1.34080764000000E+005, -1.860833E-001, +4.988573E-003
+1.35081058000000E+005, -1.857834E-001, +5.116489E-003
+1.36081352000000E+005, -1.868079E-001, +6.336779E-003
+1.37081646000000E+005, -1.856223E-001, +1.044268E-002
+1.38081940000000E+005, -1.800798E-001, +1.428829E-002
+1.39082233000000E+005, -1.776458E-001, +1.532960E-002
+1.40082527000000E+005, -1.744076E-001, +1.782302E-002
+1.41082821000000E+005, -1.732056E-001, +1.479563E-002
+1.42083115000000E+005, -1.701065E-001, +1.720089E-002
+1.43083409000000E+005, -1.680304E-001, +1.509193E-002
+1.44083703000000E+005, -1.662606E-001, +1.639214E-002
+1.45083997000000E+005, -1.630085E-001, +1.450734E-002
+1.46084291000000E+005, -1.606793E-001, +1.705552E-002
+1.47084585000000E+005, -1.604734E-001, +1.774870E-002
+1.48084879000000E+005, -1.573240E-001, +1.617669E-002
+1.49085173000000E+005, -1.578216E-001, +1.783467E-002
+1.50085467000000E+005, -1.549665E-001, +1.817986E-002
+1.51085761000000E+005, -1.521068E-001, +1.897733E-002
+1.52086055000000E+005, -1.509745E-001, +1.957736E-002
+1.53086349000000E+005, -1.485609E-001, +2.195903E-002
+1.54086643000000E+005, -1.460674E-001, +2.217748E-002
+1.55086937000000E+005, -1.436767E-001, +2.237319E-002
+1.56087231000000E+005, -1.412250E-001, +2.513807E-002
+1.57087525000000E+005, -1.389100E-001, +2.435457E-002
+1.58232356000000E+005, -1.354837E-001, +2.497563E-002
+1.59550505000000E+005, -1.306783E-001, +2.450737E-002
+1.60868653000000E+005, -1.287909E-001, +2.372818E-002
+1.62186802000000E+005, -1.267793E-001, +2.345201E-002
+1.63504951000000E+005, -1.256629E-001, +2.146912E-002
+1.64823099000000E+005, -1.234916E-001, +2.207514E-002
+1.66141248000000E+005, -1.218280E-001, +2.257877E-002
+1.67459397000000E+005, -1.199874E-001, +2.359128E-002
+1.68777545000000E+005, -1.177141E-001, +2.466117E-002
+1.70095694000000E+005, -1.133656E-001, +2.313651E-002
+1.71413843000000E+005, -1.110966E-001, +2.312382E-002
+1.72731991000000E+005, -1.091888E-001, +2.086682E-002
+1.74050140000000E+005, -1.081028E-001, +2.019352E-002
+1.75368289000000E+005, -1.071035E-001, +2.052211E-002
+1.76686437000000E+005, -1.058674E-001, +2.019447E-002
+1.78004586000000E+005, -1.031276E-001, +1.955519E-002
+1.79322735000000E+005, -1.025994E-001, +1.872397E-002
+1.80640883000000E+005, -1.005989E-001, +2.026820E-002
+1.81959032000000E+005, -1.008158E-001, +1.944379E-002
+1.83277181000000E+005, -9.958230E-002, +1.906981E-002
+1.84595330000000E+005, -9.706567E-002, +1.930747E-002
+1.85913478000000E+005, -9.696391E-002, +1.922382E-002
+1.87231627000000E+005, -9.412882E-002, +1.943997E-002
+1.88549776000000E+005, -9.356791E-002, +1.851584E-002
+1.89867924000000E+005, -9.113102E-002, +1.835924E-002
+1.91186073000000E+005, -9.060833E-002, +1.781493E-002
+1.92504222000000E+005, -8.988604E-002, +1.735863E-002
+1.93822370000000E+005, -8.947420E-002, +1.861566E-002
+1.95140519000000E+005, -8.818175E-002, +1.769541E-002
+1.96458668000000E+005, -8.586644E-002, +1.877766E-002
+1.97776816000000E+005, -8.457610E-002, +1.802987E-002
+1.99094965000000E+005, -8.361845E-002, +1.679745E-002
+2.00413114000000E+005, -8.278853E-002, +1.745499E-002
+2.01731262000000E+005, -8.071594E-002, +1.740506E-002
+2.03049411000000E+005, -7.982783E-002, +1.694845E-002
+2.04367560000000E+005, -7.906178E-002, +1.562485E-002
+2.05685708000000E+005, -7.820772E-002, +1.597762E-002
+2.07003857000000E+005, -7.824229E-002, +1.512657E-002
+2.08512471000000E+005, -7.763144E-002, +1.518754E-002
+2.10249476000000E+005, -7.675473E-002, +1.616539E-002
+2.11986482000000E+005, -7.629749E-002, +1.559984E-002
+2.13723487000000E+005, -7.432056E-002, +1.510800E-002
+2.15460492000000E+005, -7.345242E-002, +1.649122E-002
+2.17197497000000E+005, -7.123722E-002, +1.538654E-002
+2.18934503000000E+005, -7.042655E-002, +1.480850E-002
+2.20671508000000E+005, -6.940594E-002, +1.497560E-002
+2.22408513000000E+005, -6.903618E-002, +1.483468E-002
+2.24145518000000E+005, -6.837402E-002, +1.556701E-002
+2.25882524000000E+005, -6.733187E-002, +1.357988E-002
+2.27619529000000E+005, -6.653929E-002, +1.497255E-002
+2.29356534000000E+005, -6.566328E-002, +1.468388E-002
+2.31093540000000E+005, -6.414546E-002, +1.528781E-002
+2.32830545000000E+005, -6.386373E-002, +1.455575E-002
+2.34567550000000E+005, -6.198424E-002, +1.460589E-002
+2.36304555000000E+005, -6.183997E-002, +1.345773E-002
+2.38041561000000E+005, -6.185107E-002, +1.403565E-002
+2.39778566000000E+005, -6.084730E-002, +1.352528E-002
+2.41515571000000E+005, -5.988350E-002, +1.389084E-002
+2.43252576000000E+005, -5.888444E-002, +1.364155E-002
+2.44989582000000E+005, -5.874338E-002, +1.310016E-002
+2.46726587000000E+005, -5.799402E-002, +1.343171E-002
+2.48463592000000E+005, -5.772422E-002, +1.354045E-002
+2.50200597000000E+005, -5.680689E-002, +1.350478E-002
+2.51937603000000E+005, -5.647062E-002, +1.324416E-002
+2.53674608000000E+005, -5.589280E-002, +1.331966E-002
+2.55411613000000E+005, -5.498004E-002, +1.320684E-002
+2.57148619000000E+005, -5.414952E-002, +1.284086E-002
+2.58885624000000E+005, -5.406554E-002, +1.248949E-002
+2.60622629000000E+005, -5.447702E-002, +1.336936E-002
+2.62359634000000E+005, -5.386242E-002, +1.298901E-002
+2.64096640000000E+005, -5.271714E-002, +1.331320E-002
+2.65833645000000E+005, -5.179769E-002, +1.313557E-002
+2.67570650000000E+005, -5.137183E-002, +1.240260E-002
+2.69307655000000E+005, -5.163959E-002, +1.156537E-002
+2.71044661000000E+005, -5.101458E-002, +1.344020E-002
+2.72781666000000E+005, -5.009071E-002, +1.273932E-002
+2.74769660000000E+005, -5.053024E-002, +1.278282E-002
+2.77058618000000E+005, -4.940898E-002, +1.243031E-002
+2.79347577000000E+005, -4.896529E-002, +1.413973E-002
+2.81636535000000E+005, -4.806407E-002, +1.330140E-002
+2.83925493000000E+005, -4.862976E-002, +1.360690E-002
+2.86214451000000E+005, -4.693460E-002, +1.376089E-002
+2.88503410000000E+005, -4.565658E-002, +1.354154E-002
+2.90792368000000E+005, -4.575828E-002, +1.336818E-002
+2.93081326000000E+005, -4.537286E-002, +1.290575E-002
+2.95370284000000E+005, -4.413859E-002, +1.334459E-002
+2.97659243000000E+005, -4.378732E-002, +1.266579E-002
+2.99948201000000E+005, -4.327821E-002, +1.303324E-002
+3.02237159000000E+005, -4.290863E-002, +1.364699E-002
+3.04526118000000E+005, -4.245409E-002, +1.336375E-002
+3.06815076000000E+005, -4.251014E-002, +1.316700E-002
+3.09104034000000E+005, -4.266957E-002, +1.338105E-002
+3.11392992000000E+005, -4.172210E-002, +1.324915E-002
+3.13681951000000E+005, -4.200642E-002, +1.311847E-002
+3.15970909000000E+005, -4.094520E-002, +1.300065E-002
+3.18259867000000E+005, -4.121333E-002, +1.308805E-002
+3.20548825000000E+005, -4.022711E-002, +1.371833E-002
+3.22837784000000E+005, -3.972963E-002, +1.402011E-002
+3.25126742000000E+005, -3.995059E-002, +1.310917E-002
+3.27415700000000E+005, -3.962318E-002, +1.385000E-002
+3.29704658000000E+005, -3.892478E-002, +1.334118E-002
+3.31993617000000E+005, -3.955939E-002, +1.379131E-002
+3.34282575000000E+005, -3.834632E-002, +1.412374E-002
+3.36571533000000E+005, -3.808216E-002, +1.399403E-002
+3.38860492000000E+005, -3.776888E-002, +1.417859E-002
+3.41149450000000E+005, -3.751672E-002, +1.415047E-002
+3.43438408000000E+005, -3.684826E-002, +1.450444E-002
+3.45727366000000E+005, -3.685146E-002, +1.445743E-002
+3.48016325000000E+005, -3.684276E-002, +1.425203E-002
+3.50305283000000E+005, -3.681613E-002, +1.483914E-002
+3.52594241000000E+005, -3.618638E-002, +1.461204E-002
+3.54883199000000E+005, -3.607413E-002, +1.527461E-002
+3.57172158000000E+005, -3.511992E-002, +1.474573E-002
+3.59461116000000E+005, -3.514820E-002, +1.580190E-002
+3.62080817000000E+005, -3.501992E-002, +1.531317E-002
+3.65097118000000E+005, -3.477535E-002, +1.542164E-002
+3.68113418000000E+005, -3.405004E-002, +1.616941E-002
+3.71129719000000E+005, -3.438481E-002, +1.609412E-002
+3.74146019000000E+005, -3.305090E-002, +1.628795E-002
+3.77162320000000E+005, -3.278584E-002, +1.640861E-002
+3.80178620000000E+005, -3.312318E-002, +1.667403E-002
+3.83194921000000E+005, -3.245485E-002, +1.702840E-002
+3.86211222000000E+005, -3.211616E-002, +1.733793E-002
+3.89227522000000E+005, -3.111517E-002, +1.777823E-002
+3.92243823000000E+005, -3.100577E-002, +1.709887E-002
+3.95260123000000E+005, -3.098400E-002, +1.695074E-002
+3.98276424000000E+005, -3.137802E-002, +1.731201E-002
+4.01292724000000E+005, -3.098491E-002, +1.759778E-002
+4.04309025000000E+005, -3.048868E-002, +1.859903E-002
+4.07325326000000E+005, -2.916857E-002, +1.859996E-002
+4.10341626000000E+005, -2.882582E-002, +1.867116E-002
+4.13357927000000E+005, -2.852055E-002, +1.824985E-002
+4.16374227000000E+005, -2.781501E-002, +1.864309E-002
+4.19390528000000E+005, -2.799242E-002, +1.935464E-002
+4.22406828000000E+005, -2.804946E-002, +1.885371E-002
+4.25423129000000E+005, -2.692835E-002, +1.946676E-002
+4.28439429000000E+005, -2.659362E-002, +1.956091E-002
+4.31455730000000E+005, -2.641338E-002, +1.936477E-002
+4.34472031000000E+005, -2.706626E-002, +1.973642E-002
+4.37488331000000E+005, -2.545352E-002, +2.006369E-002
+4.40504632000000E+005, -2.579233E-002, +1.994710E-002
+4.43520932000000E+005, -2.491450E-002, +2.035602E-002
+4.46537233000000E+005, -2.450873E-002, +2.087266E-002
+4.49553533000000E+005, -2.441857E-002, +2.098829E-002
+4.52569834000000E+005, -2.374618E-002, +2.055113E-002
+4.55586135000000E+005, -2.370831E-002, +2.037023E-002
+4.58602435000000E+005, -2.315946E-002, +2.136496E-002
+4.61618736000000E+005, -2.350723E-002, +2.125696E-002
+4.64635036000000E+005, -2.285882E-002, +2.169026E-002
+4.67651337000000E+005, -2.219013E-002, +2.136610E-002
+4.70667637000000E+005, -2.216825E-002, +2.194000E-002
+4.73683938000000E+005, -2.188697E-002, +2.219654E-002
+4.77136079000000E+005, -2.094487E-002, +2.185546E-002
+4.81125957000000E+005, -2.062473E-002, +2.205690E-002
+4.85115835000000E+005, -2.014042E-002, +2.249296E-002
+4.89105713000000E+005, -2.017625E-002, +2.272762E-002
+4.93095591000000E+005, -1.891690E-002, +2.300762E-002
+4.97085470000000E+005, -1.886955E-002, +2.282384E-002
+5.01075348000000E+005, -1.835090E-002, +2.307635E-002
+5.05065226000000E+005, -1.848415E-002, +2.294141E-002
+5.09055104000000E+005, -1.725250E-002, +2.337391E-002
+5.13044982000000E+005, -1.715794E-002, +2.315322E-002
+5.17034860000000E+005, -1.613554E-002, +2.395548E-002
+5.21024738000000E+005, -1.587782E-002, +2.379689E-002
+5.25014616000000E+005, -1.572239E-002, +2.380728E-002
+5.29004494000000E+005, -1.531710E-002, +2.431580E-002
+5.32994372000000E+005, -1.485673E-002, +2.433769E-002
+5.36984251000000E+005, -1.377097E-002, +2.400923E-002
+5.40974129000000E+005, -1.308800E-002, +2.431426E-002
+5.44964007000000E+005, -1.264806E-002, +2.426034E-002
+5.48953885000000E+005, -1.289862E-002, +2.422355E-002
+5.52943763000000E+005, -1.200519E-002, +2.409346E-002
+5.56933641000000E+005, -1.158320E-002, +2.407493E-002
+5.60923519000000E+005, -1.128731E-002, +2.455460E-002
+5.64913397000000E+005, -1.048681E-002, +2.423678E-002
+5.68903275000000E+005, -9.478938E-003, +2.438593E-002
+5.72893154000000E+005, -9.740354E-003, +2.446494E-002
+5.76883032000000E+005, -9.446497E-003, +2.476146E-002
+5.80872910000000E+005, -8.844662E-003, +2.449859E-002
+5.84862788000000E+005, -7.938946E-003, +2.421869E-002
+5.88852666000000E+005, -7.389786E-003, +2.449172E-002
+5.92842544000000E+005, -7.985037E-003, +2.438020E-002
+5.96832422000000E+005, -7.263020E-003, +2.496793E-002
+6.00822300000000E+005, -6.529196E-003, +2.379909E-002
+6.04812178000000E+005, -6.265003E-003, +2.431302E-002
+6.08802056000000E+005, -5.757316E-003, +2.412537E-002
+6.12791935000000E+005, -5.068779E-003, +2.419466E-002
+6.16781813000000E+005, -4.817758E-003, +2.385448E-002
+6.20771691000000E+005, -4.313641E-003, +2.393018E-002
+6.24761569000000E+005, -4.003074E-003, +2.389796E-002
+6.28751447000000E+005, -3.164609E-003, +2.426860E-002
+6.33333698000000E+005, -3.096079E-003, +2.362047E-002
+6.38609660000000E+005, -2.402923E-003, +2.359777E-002
+6.43885623000000E+005, -1.926600E-003, +2.388929E-002
+6.49161585000000E+005, -1.118668E-003, +2.347592E-002
+6.54437548000000E+005, -2.649361E-004, +2.351803E-002
+6.59713510000000E+005, -8.968092E-005, +2.355291E-002
+6.64989473000000E+005, +4.622093E-004, +2.312237E-002
+6.70265435000000E+005, +1.043247E-003, +2.323763E-002
+6.75541397000000E+005, +1.603384E-003, +2.268250E-002
+6.80817360000000E+005, +2.165714E-003, +2.200295E-002
+6.86093322000000E+005, +2.374674E-003, +2.220279E-002
+6.91369285000000E+005, +2.695643E-003, +2.172425E-002
+6.96645247000000E+005, +3.196339E-003, +2.171221E-002
+7.01921210000000E+005, +4.238851E-003, +2.151392E-002
+7.07197172000000E+005, +4.551562E-003, +2.073536E-002
+7.12473134000000E+005, +4.558852E-003, +2.099389E-002
+7.17749097000000E+005, +5.766592E-003, +2.005232E-002
+7.23025059000000E+005, +5.462470E-003, +1.975638E-002
+7.28301022000000E+005, +5.989857E-003, +1.951754E-002
+7.33576984000000E+005, +6.020546E-003, +1.932893E-002
+7.38852947000000E+005, +6.864988E-003, +1.870141E-002
+7.44128909000000E+005, +6.714386E-003, +1.783409E-002
+7.49404872000000E+005, +7.148908E-003, +1.669735E-002
+7.54680834000000E+005, +3.571493E-003, +1.533096E-002
+7.59956796000000E+005, +6.776640E-003, +1.498501E-002
+7.65232759000000E+005, -4.118358E-003, +1.691569E-002
+7.70508721000000E+005, +8.330493E-003, +2.790703E-002
+7.75784684000000E+005, -2.921840E-003, +2.641235E-002
+7.81060646000000E+005, +9.712577E-003, +2.495252E-002
+7.86336609000000E+005, +1.156043E-002, +2.086655E-002
+7.91612571000000E+005, +1.186735E-002, +1.973951E-002
+7.96888533000000E+005, +1.230148E-002, +1.883220E-002
+8.02164496000000E+005, +1.226913E-002, +1.835724E-002
+8.07440458000000E+005, +1.281283E-002, +1.728338E-002
+8.12716421000000E+005, +1.308274E-002, +1.676673E-002
+8.17992383000000E+005, +1.343817E-002, +1.637902E-002
+8.23268346000000E+005, +1.362596E-002, +1.629900E-002
+8.28544308000000E+005, +1.423327E-002, +1.550716E-002
+8.34582620000000E+005, +1.447797E-002, +1.501781E-002
+8.41535079000000E+005, +1.473112E-002, +1.436501E-002
+8.48487538000000E+005, +1.472968E-002, +1.382999E-002
+8.55439997000000E+005, +1.554504E-002, +1.338089E-002
+8.62392456000000E+005, +1.523081E-002, +1.266561E-002
+8.69344915000000E+005, +1.593274E-002, +1.249401E-002
+8.76297374000000E+005, +1.623284E-002, +1.209361E-002
+8.83249833000000E+005, +1.663095E-002, +1.122578E-002
+8.90202292000000E+005, +1.576442E-002, +1.039449E-002
+8.97154751000000E+005, +1.620138E-002, +9.748431E-003
+9.04107210000000E+005, +1.739769E-002, +1.018974E-002
+9.11059669000000E+005, +1.708778E-002, +9.035056E-003
+9.18012128000000E+005, +1.743400E-002, +8.019557E-003
+9.24964587000000E+005, +1.742893E-002, +7.022494E-003
+9.31917046000000E+005, +1.777610E-002, +6.750395E-003
+9.38869505000000E+005, +1.781143E-002, +6.199177E-003
+9.45821964000000E+005, +1.769996E-002, +5.919755E-003
+9.52774423000000E+005, +1.772207E-002, +5.615065E-003
+9.59726882000000E+005, +1.801595E-002, +4.245936E-003
+9.66679340000000E+005, +1.807478E-002, +3.676903E-003
+9.73631799000000E+005, +1.833840E-002, +3.898337E-003
+9.80584258000000E+005, +1.790432E-002, +3.368576E-003
+9.87536717000000E+005, +1.795448E-002, +2.561697E-003
+9.94489176000000E+005, +1.800263E-002, +1.066450E-003
+1.00144163500000E+006, +1.781948E-002, +1.195407E-003
+1.00839409400000E+006, +1.787320E-002, +6.987962E-004
+1.01534655300000E+006, +1.771384E-002, -2.625628E-004
+1.02229901200000E+006, +1.709583E-002, -1.920918E-005
+1.02925147100000E+006, +1.778025E-002, -7.934060E-004
+1.03620393000000E+006, +1.744284E-002, -2.257332E-003
+1.04315638900000E+006, +1.746088E-002, -2.126214E-003
+1.05010884800000E+006, +1.737833E-002, -2.575923E-003
+1.05706130700000E+006, +1.758545E-002, -2.896633E-003
+1.06401376600000E+006, +1.684845E-002, -4.020814E-003
+1.07096622500000E+006, +1.631804E-002, -3.660349E-003
+1.07791868400000E+006, +1.627674E-002, -4.867073E-003
+1.08487114300000E+006, +1.623446E-002, -5.194255E-003
+1.09182360200000E+006, +1.639782E-002, -5.558445E-003
+1.09978065600000E+006, +1.577223E-002, -6.664812E-003
+1.10894233700000E+006, +1.520096E-002, -6.521706E-003
+1.11810401800000E+006, +1.490728E-002, -7.439788E-003
+1.12726570000000E+006, +1.525998E-002, -7.926888E-003
+1.13642738100000E+006, +1.410432E-002, -8.737658E-003
+1.14558906200000E+006, +1.387966E-002, -9.239670E-003
+1.15475074300000E+006, +1.341714E-002, -1.013626E-002
+1.16391242500000E+006, +1.302028E-002, -1.018021E-002
+1.17307410600000E+006, +1.269465E-002, -1.087338E-002
+1.18223578700000E+006, +1.217318E-002, -1.111926E-002
+1.19139746800000E+006, +1.101623E-002, -1.113301E-002
+1.20055914900000E+006, +1.065690E-002, -1.181513E-002
+1.20972083100000E+006, +1.072195E-002, -1.191800E-002
+1.21888251200000E+006, +9.860189E-003, -1.241399E-002
+1.22804419300000E+006, +9.458518E-003, -1.242598E-002
+1.23720587400000E+006, +8.689586E-003, -1.292848E-002
+1.24636755500000E+006, +8.392144E-003, -1.345682E-002
+1.25552923700000E+006, +7.170818E-003, -1.375944E-002
+1.26469091800000E+006, +7.547040E-003, -1.347542E-002
+1.27385259900000E+006, +5.871539E-003, -1.433734E-002
+1.28301428000000E+006, +5.663862E-003, -1.421191E-002
+1.29217596200000E+006, +5.002522E-003, -1.459100E-002
+1.30133764300000E+006, +5.029560E-003, -1.468910E-002
+1.31049932400000E+006, +3.862838E-003, -1.482042E-002
+1.31966100500000E+006, +2.996157E-003, -1.592468E-002
+1.32882268600000E+006, +2.791185E-003, -1.499025E-002
+1.33798436800000E+006, +1.828488E-003, -1.512339E-002
+1.34714604900000E+006, +1.342914E-003, -1.480640E-002
+1.35630773000000E+006, +6.674042E-004, -1.469851E-002
+1.36546941100000E+006, -1.884924E-004, -1.547162E-002
+1.37463109200000E+006, -1.613873E-003, -1.556649E-002
+1.38379277400000E+006, -1.494180E-003, -1.551180E-002
+1.39295445500000E+006, -2.345804E-003, -1.557272E-002
+1.40211613600000E+006, -2.997902E-003, -1.557301E-002
+1.41127781700000E+006, -3.263735E-003, -1.412157E-002
+1.42043949900000E+006, -4.624059E-003, -1.479795E-002
+1.42960118000000E+006, -4.815017E-003, -1.455800E-002
+1.43876286100000E+006, -5.726697E-003, -1.406576E-002
+1.44924835900000E+006, -6.585633E-003, -1.337850E-002
+1.46132126800000E+006, -7.039614E-003, -1.252428E-002
+1.47339417600000E+006, -8.268474E-003, -1.248320E-002
+1.48546708500000E+006, -9.026143E-003, -1.158034E-002
+1.49753999400000E+006, -9.440261E-003, -1.041440E-002
+1.50961290200000E+006, -1.064208E-002, -1.017529E-002
+1.52168581100000E+006, -1.131691E-002, -8.572133E-003
+1.53375872000000E+006, -1.210631E-002, -7.934297E-003
+1.54583162800000E+006, -1.265670E-002, -6.721092E-003
+1.55790453700000E+006, -1.259879E-002, -5.448258E-003
+1.56997744600000E+006, -1.338789E-002, -4.933170E-003
+1.58205035400000E+006, -1.400749E-002, -3.135826E-003
+1.59412326300000E+006, -1.341030E-002, -1.453344E-003
+1.60619617200000E+006, -1.391483E-002, +2.437076E-004
+1.61826908000000E+006, -1.292336E-002, +2.026491E-003
+1.63034198900000E+006, -1.198782E-002, +3.799738E-003
+1.64241489800000E+006, -9.560582E-003, +5.702309E-003
+1.65448780600000E+006, -6.938763E-003, +6.605282E-003
+1.66656071500000E+006, -5.585062E-003, +5.161382E-003
+1.67863362400000E+006, -5.205885E-003, +3.260310E-003
+1.69070653300000E+006, -1.397243E-002, +2.900642E-003
+1.70277944100000E+006, +7.195513E-003, +9.003632E-003
+1.71485235000000E+006, +2.401033E-003, +6.319276E-004
+1.72692525900000E+006, +4.540185E-004, -1.248074E-003
+1.73899816700000E+006, -2.247114E-003, +1.881745E-004
+1.75107107600000E+006, -1.946415E-003, -1.130500E-003
+1.76314398500000E+006, -2.052129E-003, -1.380924E-003
+1.77521689300000E+006, -3.339406E-003, -4.403137E-004
+1.78728980200000E+006, -2.728783E-003, -1.342141E-003
+1.79936271100000E+006, -4.575196E-003, -5.412091E-004
+1.81143561900000E+006, -3.865780E-003, -4.123847E-003
+1.82350852800000E+006, -7.253480E-003, -2.483406E-004
+1.83558143700000E+006, -7.011831E-003, +1.852760E-003
+1.84765434500000E+006, -5.647908E-003, +2.132681E-003
+1.85972725400000E+006, -5.268476E-003, +2.652378E-003
+1.87180016300000E+006, -5.011646E-003, +3.087011E-003
+1.88387307100000E+006, -4.796071E-003, +3.506683E-003
+1.89594598000000E+006, -4.697522E-003, +3.679651E-003
+1.90976336300000E+006, -3.684999E-003, +3.902497E-003
+1.92567257500000E+006, -3.717526E-003, +4.834722E-003
+1.94158178600000E+006, -2.591074E-003, +4.218088E-003
+1.95749099800000E+006, -1.929485E-003, +4.549838E-003
+1.97340020900000E+006, -1.376994E-003, +5.463000E-003
+1.98930942100000E+006, -1.142878E-003, +5.092670E-003
+2.00521863200000E+006, -7.478977E-004, +5.188238E-003
+2.02112784400000E+006, +9.906798E-005, +5.058937E-003
+2.03703705500000E+006, +1.104197E-003, +5.360211E-003
+2.05294626700000E+006, +1.583896E-003, +5.417389E-003
+2.06885547800000E+006, +1.427841E-003, +4.686822E-003
+2.08476469000000E+006, +2.444423E-003, +4.312247E-003
+2.10067390100000E+006, +2.708523E-003, +4.379164E-003
+2.11658311300000E+006, +3.427233E-003, +3.850732E-003
+2.13249232500000E+006, +3.733810E-003, +3.371669E-003
+2.14840153600000E+006, +3.725250E-003, +3.040426E-003
+2.16431074800000E+006, +3.761325E-003, +2.650262E-003
+2.18021995900000E+006, +3.229413E-003, +2.256306E-003
+2.19612917100000E+006, +4.246714E-003, +2.240512E-003
+2.21203838200000E+006, +4.716079E-003, +1.472330E-003
+2.22794759400000E+006, +4.097656E-003, +9.368549E-004
+2.24385680500000E+006, -1.190292E-004, +6.925516E-003
+2.25976601700000E+006, +5.841072E-003, +3.963127E-004
+2.27567522800000E+006, +4.718921E-003, +2.526804E-004
+2.29158444000000E+006, +4.991005E-003, -2.797938E-004
+2.30749365200000E+006, +4.748748E-003, -6.308465E-004
+2.32340286300000E+006, +4.716408E-003, -1.663794E-003
+2.33931207500000E+006, +4.816105E-003, -1.822998E-003
+2.35522128600000E+006, +4.048213E-003, -2.148389E-003
+2.37113049800000E+006, +4.675623E-003, -3.260250E-003
+2.38703970900000E+006, +3.233513E-003, -2.734393E-003
+2.40294892100000E+006, +2.509930E-003, -2.944874E-003
+2.41885813200000E+006, +2.855005E-003, -3.602114E-003
+2.43476734400000E+006, +1.830353E-003, -2.510470E-003
+2.45067655500000E+006, +1.699000E-003, -2.529642E-003
+2.46658576700000E+006, +7.709138E-004, +1.062055E-003
+2.48249497800000E+006, +4.010695E-003, -7.926675E-003
+2.49840419000000E+006, +2.064116E-003, -5.405224E-003
+2.51661220200000E+006, +1.345694E-003, -4.520221E-003
+2.53757674500000E+006, +9.483377E-004, -4.786548E-003
+2.55854128800000E+006, +1.245075E-004, -4.430749E-003
+2.57950583100000E+006, -1.539348E-004, -4.638767E-003
+2.60047037300000E+006, -5.071858E-004, -3.955835E-003
+2.62143491600000E+006, -8.744278E-004, -3.936978E-003
+2.64239945900000E+006, -1.622877E-003, -3.707827E-003
+2.66336400200000E+006, -2.500049E-003, -3.651060E-003
+2.68432854500000E+006, -2.365689E-003, -2.857368E-003
+2.70529308800000E+006, -2.763562E-003, -2.271061E-003
+2.72625763100000E+006, -2.993418E-003, -1.956031E-003
+2.74722217400000E+006, -4.695247E-003, +1.815719E-003
+2.76818671600000E+006, -2.780091E-003, -7.618286E-004
+2.78915125900000E+006, -2.709750E-003, +1.779169E-004
+2.81011580200000E+006, -2.882400E-003, +6.613492E-005
+2.83108034500000E+006, -2.670406E-003, +1.053148E-004
+2.85204488800000E+006, -2.628739E-003, +8.271565E-004
+2.87300943100000E+006, -2.654517E-003, +1.300875E-003
+2.89397397400000E+006, -2.131603E-003, +1.734162E-003
+2.91493851600000E+006, -1.966343E-003, +2.030126E-003
+2.93590305900000E+006, -1.915882E-003, +2.549254E-003
+2.95686760200000E+006, -1.547081E-003, +2.722983E-003
+2.97783214500000E+006, -1.542381E-003, +3.335303E-003
+2.99879668800000E+006, -1.188156E-003, +2.982028E-003
+3.01976123100000E+006, -6.423180E-004, +3.509763E-003
+3.04072577400000E+006, -1.493384E-004, +4.184689E-003
+3.06169031600000E+006, +1.790055E-004, +4.081456E-003
+3.08265485900000E+006, +8.952874E-004, +4.410506E-003
+3.10361940200000E+006, +6.819008E-004, +4.290880E-003
+3.12458394500000E+006, +1.107750E-003, +4.260160E-003
+3.14554848800000E+006, +1.637246E-003, +3.614256E-003
+3.16651303100000E+006, +2.465518E-003, +4.034900E-003
+3.18747757400000E+006, +2.437435E-003, +3.477836E-003
+3.20844211700000E+006, +2.905739E-003, +3.498604E-003
+3.22940665900000E+006, +3.964436E-003, +3.414180E-003
+3.25037120200000E+006, +3.718662E-003, +3.213041E-003
+3.27133574500000E+006, +4.044706E-003, +2.446056E-003
+3.29230028800000E+006, +4.523154E-003, +2.820258E-003
+3.31629410100000E+006, +4.329915E-003, +2.286317E-003
+3.34392036400000E+006, +4.839669E-003, +1.839509E-003
+3.37154662600000E+006, +5.206175E-003, +1.953025E-003
+3.39917288900000E+006, +5.257654E-003, +1.733271E-003
+3.42679915200000E+006, +5.503558E-003, +1.119703E-003
+3.45442541500000E+006, +5.954191E-003, +9.871529E-004
+3.48205167700000E+006, +5.800798E-003, -5.828932E-005
+3.50967794000000E+006, +5.729903E-003, -2.620712E-004
+3.53730420300000E+006, +5.569876E-003, -5.721221E-004
+3.56493046500000E+006, +5.981421E-003, -3.649312E-004
+3.59255672800000E+006, +5.859586E-003, -1.394350E-003
+3.62018299100000E+006, +5.692470E-003, -1.395000E-003
+3.64780925300000E+006, +5.150831E-003, -1.395553E-003
+3.67543551600000E+006, +8.875929E-003, -1.201634E-004
+3.70306177900000E+006, +5.310889E-003, -2.446975E-003
+3.73068804200000E+006, +5.083406E-003, -2.533601E-003
+3.75831430400000E+006, +5.097636E-003, -2.368635E-003
+3.78594056700000E+006, +5.160520E-003, -2.677272E-003
+3.81356683000000E+006, +4.605772E-003, -2.844549E-003
+3.84119309200000E+006, +4.179452E-003, -3.520017E-003
+3.86881935500000E+006, +4.129198E-003, -3.467341E-003
+3.89644561800000E+006, +3.836162E-003, -3.333344E-003
+3.92407188000000E+006, +3.571573E-003, -3.733799E-003
+3.95169814300000E+006, +3.253458E-003, -4.305508E-003
+3.97932440600000E+006, +3.026813E-003, -3.850698E-003
+4.00695066900000E+006, +2.562121E-003, -3.810355E-003
+4.03457693100000E+006, +2.495489E-003, -3.842863E-003
+4.06220319400000E+006, +2.264106E-003, -3.655219E-003
+4.08982945700000E+006, +1.922650E-003, -3.983826E-003
+4.11745571900000E+006, +1.889426E-003, -3.697834E-003
+4.14508198200000E+006, +1.771183E-003, -3.561774E-003
+4.17270824500000E+006, +2.405686E-003, -3.729508E-003
+4.20033450700000E+006, +2.153927E-003, -3.425716E-003
+4.22796077000000E+006, +2.472800E-003, -3.410280E-003
+4.25558703300000E+006, +1.789931E-003, -3.792836E-003
+4.28321329600000E+006, +1.434710E-003, -4.315125E-003
+4.31083955800000E+006, +6.989709E-004, -4.154652E-003
+4.33846582100000E+006, +7.841893E-004, -4.714300E-003
+4.37008393900000E+006, +1.649867E-004, -4.885376E-003
+4.40648875800000E+006, -7.923755E-004, -4.305895E-003
+4.44289357700000E+006, -1.747323E-003, -4.113581E-003
+4.47929839600000E+006, -2.020180E-003, -4.348383E-003
+4.51570321500000E+006, -2.930866E-003, -3.481853E-003
+4.55210803500000E+006, -3.621351E-003, -3.184795E-003
+4.58851285400000E+006, -4.387282E-003, -2.311534E-003
+4.62491767300000E+006, -4.627925E-003, -1.597371E-003
+4.66132249200000E+006, -4.590912E-003, -3.219846E-004
+4.69772731100000E+006, -5.174435E-003, +1.065892E-003
+4.73413213000000E+006, -5.027264E-003, +1.599358E-003
+4.77053694900000E+006, -4.515709E-003, +2.564948E-003
+4.80694176800000E+006, -4.769560E-003, +3.977568E-003
+4.84334658700000E+006, -3.984011E-003, +4.405523E-003
+4.87975140700000E+006, -3.442869E-003, +4.824547E-003
+4.91615622600000E+006, -3.325933E-003, +5.837906E-003
+4.95256104500000E+006, -2.278913E-003, +6.175132E-003
+4.98896586400000E+006, -1.620239E-003, +6.415406E-003
+5.02537068300000E+006, -1.061517E-003, +6.875277E-003
+5.06177550200000E+006, -5.489835E-004, +6.953085E-003
+5.09818032100000E+006, -1.041821E-004, +7.691863E-003
+5.13458514000000E+006, +9.930549E-004, +7.561624E-003
+5.17098995900000E+006, +1.454704E-003, +7.805249E-003
+5.20739477800000E+006, +1.732088E-003, +8.403933E-003
+5.24379959800000E+006, +2.316205E-003, +7.977905E-003
+5.28020441700000E+006, +2.869063E-003, +8.337732E-003
+5.31660923600000E+006, +3.425135E-003, +7.775167E-003
+5.35301405500000E+006, +4.181005E-003, +8.075483E-003
+5.38941887400000E+006, +4.355854E-003, +8.144908E-003
+5.42582369300000E+006, +5.342390E-003, +8.067880E-003
+5.46222851200000E+006, +6.209937E-003, +7.885051E-003
+5.49863333100000E+006, +6.049005E-003, +7.885700E-003
+5.53503815000000E+006, +6.647530E-003, +7.379947E-003
+5.57144297000000E+006, +7.081552E-003, +6.567362E-003
+5.60784778900000E+006, +7.329381E-003, +6.052155E-003
+5.64425260800000E+006, +7.201052E-003, +5.979597E-003
+5.68065742700000E+006, +7.940693E-003, +5.138097E-003
+5.71706224600000E+006, +8.091852E-003, +5.221670E-003
+5.75872737800000E+006, +7.633685E-003, +4.294834E-003
+5.80670023900000E+006, +7.664964E-003, +4.360885E-003
+5.85467310000000E+006, +7.339577E-003, +3.703330E-003
+5.90264596000000E+006, +7.244808E-003, +3.201575E-003
+5.95061882100000E+006, +7.017944E-003, +3.163043E-003
+5.99859168200000E+006, +6.850214E-003, +3.118655E-003
+6.04656454300000E+006, +6.391272E-003, +2.925787E-003
+6.09453740400000E+006, +5.950389E-003, +3.208860E-003
+6.14251026400000E+006, +5.600994E-003, +3.315555E-003
+6.19048312500000E+006, +5.833392E-003, +2.794478E-003
+6.23845598600000E+006, +5.329760E-003, +3.436318E-003
+6.28642884700000E+006, +6.000996E-003, +3.221971E-003
+6.33440170800000E+006, +5.137794E-003, +3.383299E-003
+6.38237456900000E+006, +5.455872E-003, +3.663463E-003
+6.43034742900000E+006, +4.781274E-003, +3.622361E-003
+6.47832029000000E+006, +4.974917E-003, +3.135349E-003
+6.52629315100000E+006, +4.938151E-003, +3.803329E-003
+6.57426601200000E+006, +4.551615E-003, +3.411053E-003
+6.62223887300000E+006, +3.984824E-003, +3.933910E-003
+6.67021173300000E+006, +4.602951E-003, +4.099719E-003
+6.71818459400000E+006, +4.171829E-003, +4.050191E-003
+6.76615745500000E+006, +3.747858E-003, +4.160541E-003
+6.81413031600000E+006, +3.886915E-003, +4.571336E-003
+6.86210317700000E+006, +3.521950E-003, +5.277294E-003
+6.91007603700000E+006, +3.694804E-003, +5.180193E-003
+6.95804889800000E+006, +3.729475E-003, +5.545927E-003
+7.00602175900000E+006, +3.654768E-003, +5.755750E-003
+7.05399462000000E+006, +3.270633E-003, +5.924684E-003
+7.10196748100000E+006, +3.109843E-003, +6.162542E-003
+7.14994034200000E+006, +3.019290E-003, +6.813032E-003
+7.19791320200000E+006, +2.725211E-003, +7.040303E-003
+7.24588606300000E+006, +3.154672E-003, +7.228683E-003
+7.29385892400000E+006, +2.780403E-003, +7.075714E-003
+7.34183178500000E+006, +3.335589E-003, +7.558576E-003
+7.38980464600000E+006, +2.509739E-003, +8.092618E-003
+7.43777750600000E+006, +2.535633E-003, +8.748705E-003
+7.48575036700000E+006, +3.003319E-003, +9.055502E-003
+7.53372322800000E+006, +3.057099E-003, +9.282556E-003
+7.58862792400000E+006, +2.639528E-003, +9.476474E-003
+7.65208508400000E+006, +3.557947E-003, +9.960106E-003
+7.71554224400000E+006, +2.642474E-003, +1.035589E-002
+7.77899940400000E+006, +3.134260E-003, +1.095639E-002
+7.84245656400000E+006, +3.073322E-003, +1.145590E-002
+7.90591372300000E+006, +2.678223E-003, +1.085127E-002
+7.96937088300000E+006, +2.994763E-003, +1.203086E-002
+8.03282804300000E+006, +2.630023E-003, +1.201221E-002
+8.09628520300000E+006, +2.352485E-003, +1.355484E-002
+8.15974236300000E+006, +2.830663E-003, +1.317938E-002
+8.22319952300000E+006, +2.203370E-003, +1.376270E-002
+8.28665668300000E+006, +2.217047E-003, +1.413229E-002
+8.35011384300000E+006, +2.447089E-003, +1.462020E-002
+8.41357100300000E+006, +2.831528E-003, +1.504198E-002
+8.47702816300000E+006, +1.741447E-003, +1.574121E-002
+8.54048532200000E+006, +2.103552E-003, +1.564318E-002
+8.60394248200000E+006, +1.356230E-003, +1.611639E-002
+8.66739964200000E+006, +1.344394E-003, +1.689840E-002
+8.73085680200000E+006, +1.253345E-003, +1.788443E-002
+8.79431396200000E+006, +1.050037E-003, +1.862705E-002
+8.85777112200000E+006, +1.193901E-003, +1.945791E-002
+8.92122828200000E+006, +2.193028E-004, +1.967780E-002
+8.98468544200000E+006, +5.811234E-004, +2.083258E-002
+9.04814260200000E+006, +6.782942E-004, +2.141144E-002
+9.11159976100000E+006, +6.069600E-004, +2.235204E-002
+9.17505692100000E+006, +6.419702E-004, +2.304944E-002
+9.23851408100000E+006, +7.510664E-004, +2.365014E-002
+9.30197124100000E+006, +1.791085E-004, +2.498511E-002
+9.36542840100000E+006, -3.140503E-004, +2.620934E-002
+9.42888556100000E+006, +1.327320E-004, +2.631017E-002
+9.49234272100000E+006, -1.059691E-004, +2.793917E-002
+9.55579988100000E+006, -5.963199E-004, +2.949098E-002
+9.61925704100000E+006, +1.946945E-004, +3.089820E-002
+9.68271420100000E+006, +1.644675E-003, +3.146983E-002
+9.74617136000000E+006, +7.434814E-004, +3.119173E-002
+9.80962852000000E+006, +1.349046E-003, +3.255774E-002
+9.87308568000000E+006, +2.242408E-004, +3.403416E-002
+9.93654284000000E+006, +1.943224E-003, +3.564806E-002
+1.00000000000000E+007, +6.383202E-004, +3.659782E-002
