+1.00000000000000E+004, +2.853265E+001, +7.248282E+001
+1.00999060000000E+004, -6.027634E+001, +8.922274E+001
+1.01998110000000E+004, +1.471799E+001, +9.010760E+001
+1.02997170000000E+004, +1.924828E+001, +6.730596E+001
+1.03996230000000E+004, +5.937477E+000, +9.816629E+001
+1.04995280000000E+004, +1.169954E+001, +9.877223E+001
+1.05994340000000E+004, +4.989729E+001, +8.212800E+001
+1.06993400000000E+004, +2.955170E+001, +8.960705E+001
+1.07992460000000E+004, +3.807767E+001, +8.279659E+001
+1.08991510000000E+004, +4.762595E+001, +9.171595E+001
+1.09990570000000E+004, +1.756094E+001, +7.903541E+001
+1.10989630000000E+004, +3.822840E+001, +6.684117E+001
+1.11988680000000E+004, -1.156454E+001, +8.880531E+001
+1.12987740000000E+004, -1.475388E+001, +6.855032E+001
+1.13986800000000E+004, +1.570375E+001, +7.699750E+001
+1.14985850000000E+004, +1.318661E+001, +7.454723E+001
+1.15984910000000E+004, +3.529909E+001, +9.262096E+001
+1.16983970000000E+004, +2.134144E+001, +7.213036E+001
+1.17983030000000E+004, +4.152136E+000, +6.183505E+001
+1.18982080000000E+004, +2.444157E+001, +7.318943E+001
+1.19981140000000E+004, +1.550392E+001, +7.092997E+001
+1.20980200000000E+004, +2.186816E+000, +7.266475E+001
+1.21979250000000E+004, +2.442296E+000, +7.330244E+001
+1.22978310000000E+004, +5.274194E+000, +6.273580E+001
+1.23977370000000E+004, +5.298992E+000, +5.977050E+001
+1.24976420000000E+004, -8.544497E+000, +6.399864E+001
+1.25975480000000E+004, +3.397492E+000, +6.321572E+001
+1.26974540000000E+004, -6.692290E-001, +6.935139E+001
+1.27973600000000E+004, +6.748956E+000, +6.165478E+001
+1.28972650000000E+004, +8.354884E+000, +6.588400E+001
+1.29971710000000E+004, -2.401478E+000, +5.613326E+001
+1.30970770000000E+004, +9.398094E+000, +5.586084E+001
+1.31969820000000E+004, -2.155184E+000, +5.474899E+001
+1.32968880000000E+004, +3.341911E+000, +5.748436E+001
+1.34121990000000E+004, -3.804658E+000, +4.997434E+001
+1.35455900000000E+004, +1.243668E+000, +4.769829E+001
+1.36789820000000E+004, +1.570371E-001, +4.701166E+001
+1.38123730000000E+004, +9.512986E-001, +4.701420E+001
+1.39457640000000E+004, +2.512399E+000, +4.396650E+001
+1.40791560000000E+004, -1.704326E+000, +4.210833E+001
+1.42125470000000E+004, +1.690436E+000, +4.205701E+001
+1.43459380000000E+004, -1.818067E+000, +4.069749E+001
+1.44793300000000E+004, -1.837441E+000, +3.856084E+001
+1.46127210000000E+004, -4.507224E-001, +3.479728E+001
+1.47461120000000E+004, -3.682456E-001, +3.747574E+001
+1.48795040000000E+004, -2.940076E+000, +3.611751E+001
+1.50128950000000E+004, -5.607075E+000, +3.215741E+001
+1.51462860000000E+004, -5.930984E+000, +3.172671E+001
+1.52796780000000E+004, -5.638619E+000, +2.955928E+001
+1.54130690000000E+004, -4.985243E+000, +3.038019E+001
+1.55464610000000E+004, -6.018826E+000, +2.797893E+001
+1.56798520000000E+004, -4.430806E+000, +2.886311E+001
+1.58132430000000E+004, -4.445013E+000, +2.769382E+001
+1.59466350000000E+004, -6.048163E+000, +2.644746E+001
+1.60800260000000E+004, -5.726027E+000, +2.560098E+001
+1.62134170000000E+004, -5.407179E+000, +2.632661E+001
+1.63468090000000E+004, -5.248753E+000, +2.461855E+001
+1.64802000000000E+004, -5.494303E+000, +2.390704E+001
+1.66135910000000E+004, -6.116151E+000, +2.371412E+001
+1.67469830000000E+004, -6.089434E+000, +2.207638E+001
+1.68803740000000E+004, -5.419103E+000, +2.125461E+001
+1.70137650000000E+004, -5.931677E+000, +2.183042E+001
+1.71471570000000E+004, -7.286809E+000, +2.110577E+001
+1.72805480000000E+004, -5.718228E+000, +1.954521E+001
+1.74139390000000E+004, -6.913787E+000, +2.006572E+001
+1.75473310000000E+004, -5.726424E+000, +1.888689E+001
+1.76807220000000E+004, -5.741190E+000, +1.858801E+001
+1.78340510000000E+004, -5.671305E+000, +1.809257E+001
+1.80114200000000E+004, -6.458864E+000, +1.730925E+001
+1.81887890000000E+004, -6.630824E+000, +1.601270E+001
+1.83661580000000E+004, -6.940001E+000, +1.604758E+001
+1.85435270000000E+004, -6.382727E+000, +1.528545E+001
+1.87208960000000E+004, -6.517598E+000, +1.519591E+001
+1.88982650000000E+004, -6.797757E+000, +1.360449E+001
+1.90756340000000E+004, -6.668739E+000, +1.362010E+001
+1.92530030000000E+004, -6.465826E+000, +1.319378E+001
+1.94303720000000E+004, -7.196352E+000, +1.284711E+001
+1.96077410000000E+004, -6.655741E+000, +1.210397E+001
+1.97851100000000E+004, -6.850785E+000, +1.176827E+001
+1.99624790000000E+004, -6.529644E+000, +1.119854E+001
+2.01398480000000E+004, -6.917571E+000, +1.096632E+001
+2.03172170000000E+004, -6.772396E+000, +1.050823E+001
+2.04945860000000E+004, -6.893880E+000, +1.030564E+001
+2.06719550000000E+004, -6.945675E+000, +9.544697E+000
+2.08493230000000E+004, -7.080249E+000, +9.390159E+000
+2.10266920000000E+004, -6.690235E+000, +9.074751E+000
+2.12040610000000E+004, -6.560632E+000, +8.647415E+000
+2.13814300000000E+004, -6.538419E+000, +8.430787E+000
+2.15587990000000E+004, -6.814316E+000, +8.218360E+000
+2.17361680000000E+004, -6.689745E+000, +8.180556E+000
+2.19135370000000E+004, -6.564421E+000, +7.645534E+000
+2.20909060000000E+004, -6.681079E+000, +7.394187E+000
+2.22682750000000E+004, -6.554202E+000, +7.189865E+000
+2.24456440000000E+004, -6.604990E+000, +6.842638E+000
+2.26230130000000E+004, -6.394661E+000, +6.686325E+000
+2.28003820000000E+004, -6.203197E+000, +6.363188E+000
+2.29777510000000E+004, -6.434977E+000, +6.186066E+000
+2.31551200000000E+004, -6.418542E+000, +5.916509E+000
+2.33324890000000E+004, -6.312383E+000, +5.766068E+000
+2.35098580000000E+004, -6.165846E+000, +5.660747E+000
+2.37137370000000E+004, -6.176196E+000, +5.228136E+000
+2.39506510000000E+004, -6.115361E+000, +5.051696E+000
+2.41875640000000E+004, -6.237180E+000, +4.692657E+000
+2.44244780000000E+004, -6.024609E+000, +4.634957E+000
+2.46613920000000E+004, -6.252868E+000, +4.367202E+000
+2.48983060000000E+004, -5.872257E+000, +4.181908E+000
+2.51352190000000E+004, -5.796628E+000, +3.933071E+000
+2.53721330000000E+004, -5.775348E+000, +3.654707E+000
+2.56090470000000E+004, -5.679787E+000, +3.603795E+000
+2.58459610000000E+004, -5.694787E+000, +3.403650E+000
+2.60828740000000E+004, -5.560707E+000, +3.315071E+000
+2.63197880000000E+004, -5.588741E+000, +3.102932E+000
+2.65567020000000E+004, -5.503781E+000, +2.993614E+000
+2.67936150000000E+004, -5.379642E+000, +2.712596E+000
+2.70305290000000E+004, -5.380438E+000, +2.620145E+000
+2.72674430000000E+004, -5.272242E+000, +2.541634E+000
+2.75043570000000E+004, -5.234819E+000, +2.363619E+000
+2.77412700000000E+004, -5.170273E+000, +2.272216E+000
+2.79781840000000E+004, -5.180115E+000, +2.133489E+000
+2.82150980000000E+004, -5.049836E+000, +2.013854E+000
+2.84520120000000E+004, -5.038061E+000, +1.933247E+000
+2.86889250000000E+004, -4.967749E+000, +1.809216E+000
+2.89258390000000E+004, -4.981522E+000, +1.691936E+000
+2.91627530000000E+004, -4.913499E+000, +1.583030E+000
+2.93996660000000E+004, -4.810048E+000, +1.455288E+000
+2.96365800000000E+004, -4.826895E+000, +1.400505E+000
+2.98734940000000E+004, -4.746793E+000, +1.289911E+000
+3.01104080000000E+004, -4.616829E+000, +1.201259E+000
+3.03473210000000E+004, -4.650196E+000, +1.090861E+000
+3.05842350000000E+004, -4.576057E+000, +1.021551E+000
+3.08211490000000E+004, -4.530319E+000, +9.412539E-001
+3.10580630000000E+004, -4.470417E+000, +8.840894E-001
+3.12949760000000E+004, -4.427594E+000, +7.992721E-001
+3.15318900000000E+004, -4.382266E+000, +7.330797E-001
+3.18053370000000E+004, -4.333515E+000, +6.233416E-001
+3.21216580000000E+004, -4.304995E+000, +5.386470E-001
+3.24379780000000E+004, -4.287182E+000, +5.104675E-001
+3.27542990000000E+004, -4.221942E+000, +4.550537E-001
+3.30706200000000E+004, -4.164506E+000, +4.952207E-001
+3.33869410000000E+004, -4.046327E+000, +4.083351E-001
+3.37032610000000E+004, -3.937285E+000, +3.249423E-001
+3.40195820000000E+004, -3.901009E+000, +2.332157E-001
+3.43359030000000E+004, -3.868166E+000, +1.717404E-001
+3.46522230000000E+004, -3.789526E+000, +1.290063E-001
+3.49685440000000E+004, -3.739629E+000, +3.884746E-002
+3.52848650000000E+004, -3.666556E+000, +1.639022E-002
+3.56011860000000E+004, -3.531554E+000, -2.758065E-002
+3.59175060000000E+004, -3.504348E+000, -6.953839E-002
+3.62338270000000E+004, -3.443980E+000, -1.467379E-001
+3.65501480000000E+004, -3.430385E+000, -1.654243E-001
+3.68664690000000E+004, -3.560581E+000, -1.421188E-001
+3.71827890000000E+004, -3.352881E+000, +2.738192E-001
+3.74991100000000E+004, -2.844284E+000, -1.313565E-001
+3.78154310000000E+004, -2.382717E+000, -5.790272E-001
+3.81317510000000E+004, -2.345800E+000, -1.011230E+000
+3.84480720000000E+004, -3.086948E+000, -2.226905E+000
+3.87643930000000E+004, -3.342209E+000, -7.145912E-001
+3.90807140000000E+004, -3.240140E+000, -7.704496E-001
+3.93970340000000E+004, -3.154506E+000, -7.179865E-001
+3.97133550000000E+004, -3.130137E+000, -7.239822E-001
+4.00296760000000E+004, -3.042209E+000, -7.804628E-001
+4.03459960000000E+004, -3.011219E+000, -8.031754E-001
+4.06623170000000E+004, -2.952391E+000, -8.175360E-001
+4.09786380000000E+004, -2.918674E+000, -8.468106E-001
+4.12949590000000E+004, -2.881064E+000, -8.694209E-001
+4.16112790000000E+004, -2.854939E+000, -8.824742E-001
+4.19276000000000E+004, -2.801579E+000, -9.007272E-001
+4.22911990000000E+004, -2.786633E+000, -9.371845E-001
+4.27118070000000E+004, -2.745703E+000, -9.589527E-001
+4.31324150000000E+004, -2.697033E+000, -9.865489E-001
+4.35530230000000E+004, -2.653886E+000, -1.022702E+000
+4.39736310000000E+004, -2.610855E+000, -1.020806E+000
+4.43942390000000E+004, -2.580517E+000, -1.028572E+000
+4.48148480000000E+004, -2.547362E+000, -1.056665E+000
+4.52354560000000E+004, -2.517514E+000, -1.082691E+000
+4.56560640000000E+004, -2.468726E+000, -1.084637E+000
+4.60766720000000E+004, -2.445171E+000, -1.095446E+000
+4.64972800000000E+004, -2.420035E+000, -1.142516E+000
+4.69178880000000E+004, -2.372591E+000, -1.149926E+000
+4.73384960000000E+004, -2.357530E+000, -1.156540E+000
+4.77591040000000E+004, -2.328281E+000, -1.165973E+000
+4.81797120000000E+004, -2.297923E+000, -1.171327E+000
+4.86003200000000E+004, -2.268667E+000, -1.171739E+000
+4.90209290000000E+004, -2.254079E+000, -1.183863E+000
+4.94415370000000E+004, -2.215341E+000, -1.210512E+000
+4.98621450000000E+004, -2.237238E+000, -1.205518E+000
+5.02827530000000E+004, -2.201620E+000, -1.142091E+000
+5.07033610000000E+004, -2.123768E+000, -1.135983E+000
+5.11239690000000E+004, -2.062692E+000, -1.149713E+000
+5.15445770000000E+004, -2.027289E+000, -1.171042E+000
+5.19651850000000E+004, -2.001858E+000, -1.177488E+000
+5.23857930000000E+004, -1.962525E+000, -1.185743E+000
+5.28064010000000E+004, -1.935590E+000, -1.227162E+000
+5.32270090000000E+004, -1.927878E+000, -1.236653E+000
+5.36476180000000E+004, -1.895260E+000, -1.236834E+000
+5.40682260000000E+004, -1.892477E+000, -1.254875E+000
+5.44888340000000E+004, -1.856763E+000, -1.242588E+000
+5.49094420000000E+004, -1.830219E+000, -1.239348E+000
+5.53300500000000E+004, -1.800689E+000, -1.247065E+000
+5.57506580000000E+004, -1.774792E+000, -1.248790E+000
+5.62341330000000E+004, -1.757855E+000, -1.251203E+000
+5.67959440000000E+004, -1.708382E+000, -1.265117E+000
+5.73577550000000E+004, -1.666054E+000, -1.286373E+000
+5.79195660000000E+004, -1.639398E+000, -1.292924E+000
+5.84813770000000E+004, -1.608052E+000, -1.333696E+000
+5.90431880000000E+004, -1.618494E+000, -1.365829E+000
+5.96049990000000E+004, -1.648656E+000, -1.353520E+000
+6.01668100000000E+004, -1.632090E+000, -1.321704E+000
+6.07286210000000E+004, -1.608408E+000, -1.312369E+000
+6.12904310000000E+004, -1.571016E+000, -1.273485E+000
+6.18522420000000E+004, -1.546961E+000, -1.334650E+000
+6.24140530000000E+004, -1.549196E+000, -1.311338E+000
+6.29758640000000E+004, -1.527835E+000, -1.303026E+000
+6.35376750000000E+004, -1.499511E+000, -1.280304E+000
+6.40994860000000E+004, -1.469252E+000, -1.283786E+000
+6.46612970000000E+004, -1.435073E+000, -1.285086E+000
+6.52231080000000E+004, -1.420369E+000, -1.299676E+000
+6.57849190000000E+004, -1.419291E+000, -1.298899E+000
+6.63467300000000E+004, -1.395499E+000, -1.298357E+000
+6.69085410000000E+004, -1.393756E+000, -1.297938E+000
+6.74703520000000E+004, -1.380782E+000, -1.282269E+000
+6.80321630000000E+004, -1.351833E+000, -1.282989E+000
+6.85939740000000E+004, -1.332211E+000, -1.272426E+000
+6.91557850000000E+004, -1.305891E+000, -1.275004E+000
+6.97175960000000E+004, -1.283365E+000, -1.286748E+000
+7.02794060000000E+004, -1.295005E+000, -1.290073E+000
+7.08412170000000E+004, -1.295434E+000, -1.279950E+000
+7.14030280000000E+004, -1.279165E+000, -1.269758E+000
+7.19648390000000E+004, -1.261418E+000, -1.267238E+000
+7.25266500000000E+004, -1.256862E+000, -1.263844E+000
+7.30884610000000E+004, -1.236070E+000, -1.250014E+000
+7.36502720000000E+004, -1.226865E+000, -1.251757E+000
+7.42120830000000E+004, -1.253256E+000, -1.231877E+000
+7.47738940000000E+004, -1.172820E+000, -1.189550E+000
+7.54223400000000E+004, -1.140426E+000, -1.233757E+000
+7.61724550000000E+004, -1.124083E+000, -1.249363E+000
+7.69225690000000E+004, -1.111682E+000, -1.238007E+000
+7.76726840000000E+004, -1.094871E+000, -1.259201E+000
+7.84227980000000E+004, -1.087677E+000, -1.231998E+000
+7.91729130000000E+004, -1.060868E+000, -1.217883E+000
+7.99230280000000E+004, -1.004527E+000, -1.248039E+000
+8.06731420000000E+004, -9.641590E-001, -1.299282E+000
+8.14232570000000E+004, -9.426994E-001, -1.332265E+000
+8.21733710000000E+004, -9.173644E-001, -1.351662E+000
+8.29234860000000E+004, -8.938299E-001, -1.364818E+000
+8.36736010000000E+004, -8.774144E-001, -1.381212E+000
+8.44237150000000E+004, -8.729221E-001, -1.394626E+000
+8.51738300000000E+004, -9.065333E-001, -1.410619E+000
+8.59239440000000E+004, -9.352932E-001, -1.420498E+000
+8.66740590000000E+004, -9.637911E-001, -1.406229E+000
+8.74241740000000E+004, -9.592813E-001, -1.398123E+000
+8.81742880000000E+004, -9.545310E-001, -1.399559E+000
+8.89244030000000E+004, -9.589276E-001, -1.393873E+000
+8.96745170000000E+004, -9.561034E-001, -1.391911E+000
+9.04246320000000E+004, -9.601600E-001, -1.391666E+000
+9.11747460000000E+004, -9.717575E-001, -1.373212E+000
+9.19248610000000E+004, -9.696522E-001, -1.373785E+000
+9.26749760000000E+004, -9.724903E-001, -1.363385E+000
+9.34250900000000E+004, -9.699068E-001, -1.358728E+000
+9.41752050000000E+004, -9.755901E-001, -1.357907E+000
+9.49253190000000E+004, -9.731530E-001, -1.354362E+000
+9.56754340000000E+004, -9.881527E-001, -1.348001E+000
+9.64255490000000E+004, -9.812993E-001, -1.329678E+000
+9.71756630000000E+004, -9.719479E-001, -1.357909E+000
+9.79257780000000E+004, -9.961572E-001, -1.365450E+000
+9.86758920000000E+004, -1.015931E+000, -1.370455E+000
+9.94260070000000E+004, -1.063959E+000, -1.385648E+000
+1.00288238000000E+005, -1.162289E+000, -1.304154E+000
+1.01285657000000E+005, -1.166718E+000, -1.138144E+000
+1.02283076000000E+005, -1.103282E+000, -1.090619E+000
+1.03280495000000E+005, -1.067495E+000, -1.075120E+000
+1.04277914000000E+005, -1.043075E+000, -1.065168E+000
+1.05275333000000E+005, -1.030210E+000, -1.060143E+000
+1.06272752000000E+005, -1.023188E+000, -1.038112E+000
+1.07270171000000E+005, -1.002227E+000, -1.018820E+000
+1.08267590000000E+005, -9.828101E-001, -1.014595E+000
+1.09265009000000E+005, -9.700850E-001, -1.008522E+000
+1.10262428000000E+005, -9.626149E-001, -1.007241E+000
+1.11259847000000E+005, -9.582617E-001, -1.009390E+000
+1.12257266000000E+005, -9.956221E-001, -1.008273E+000
+1.13254685000000E+005, -1.013937E+000, -9.631422E-001
+1.14252104000000E+005, -9.928871E-001, -9.093098E-001
+1.15249523000000E+005, -9.626488E-001, -8.825314E-001
+1.16246942000000E+005, -9.364251E-001, -8.770695E-001
+1.17244360000000E+005, -9.257594E-001, -8.719615E-001
+1.18241779000000E+005, -9.115248E-001, -8.603824E-001
+1.19239198000000E+005, -9.006307E-001, -8.498940E-001
+1.20236617000000E+005, -8.882000E-001, -8.415138E-001
+1.21234036000000E+005, -8.752999E-001, -8.353273E-001
+1.22231455000000E+005, -8.657320E-001, -8.297309E-001
+1.23228874000000E+005, -8.559332E-001, -8.136786E-001
+1.24226293000000E+005, -8.397757E-001, -8.039476E-001
+1.25223712000000E+005, -8.207653E-001, -7.937906E-001
+1.26221131000000E+005, -7.931286E-001, -7.889610E-001
+1.27218550000000E+005, -7.681220E-001, -8.097672E-001
+1.28215969000000E+005, -7.693965E-001, -8.318484E-001
+1.29213388000000E+005, -7.795165E-001, -8.281886E-001
+1.30210807000000E+005, -7.782233E-001, -8.365350E-001
+1.31208226000000E+005, -7.988433E-001, -8.424800E-001
+1.32205645000000E+005, -8.182759E-001, -8.238267E-001
+1.33352143000000E+005, -8.218138E-001, -7.966005E-001
+1.34684407000000E+005, -8.176463E-001, -7.816999E-001
+1.36016671000000E+005, -8.208096E-001, -7.598209E-001
+1.37348934000000E+005, -8.113817E-001, -7.356724E-001
+1.38681198000000E+005, -8.029845E-001, -7.223696E-001
+1.40013462000000E+005, -7.933717E-001, -7.069316E-001
+1.41345726000000E+005, -7.835803E-001, -6.955593E-001
+1.42677989000000E+005, -7.752708E-001, -6.826291E-001
+1.44010253000000E+005, -7.661864E-001, -6.755778E-001
+1.45342517000000E+005, -7.609584E-001, -6.676404E-001
+1.46674781000000E+005, -7.544743E-001, -6.592537E-001
+1.48007044000000E+005, -7.518131E-001, -6.514930E-001
+1.49339308000000E+005, -7.513719E-001, -6.357964E-001
+1.50671572000000E+005, -7.418060E-001, -6.223217E-001
+1.52003836000000E+005, -7.380964E-001, -6.117057E-001
+1.53336099000000E+005, -7.297103E-001, -6.011447E-001
+1.54668363000000E+005, -7.231558E-001, -5.929999E-001
+1.56000627000000E+005, -7.175043E-001, -5.800356E-001
+1.57332891000000E+005, -7.073689E-001, -5.700859E-001
+1.58665154000000E+005, -6.978730E-001, -5.612243E-001
+1.59997418000000E+005, -6.898075E-001, -5.564319E-001
+1.61329682000000E+005, -6.835423E-001, -5.493911E-001
+1.62661946000000E+005, -6.775209E-001, -5.436202E-001
+1.63994209000000E+005, -6.728293E-001, -5.367923E-001
+1.65326473000000E+005, -6.661620E-001, -5.298183E-001
+1.66658737000000E+005, -6.620941E-001, -5.222253E-001
+1.67991001000000E+005, -6.554440E-001, -5.116642E-001
+1.69323264000000E+005, -6.458247E-001, -5.043408E-001
+1.70655528000000E+005, -6.377594E-001, -5.009609E-001
+1.71987792000000E+005, -6.320636E-001, -4.984597E-001
+1.73320056000000E+005, -6.269697E-001, -4.952410E-001
+1.74652319000000E+005, -6.228607E-001, -4.902945E-001
+1.75984583000000E+005, -6.179562E-001, -4.875779E-001
+1.77316847000000E+005, -6.138776E-001, -4.837348E-001
+1.78854553000000E+005, -6.091134E-001, -4.803913E-001
+1.80633355000000E+005, -6.078538E-001, -4.762477E-001
+1.82412157000000E+005, -6.071156E-001, -4.673146E-001
+1.84190959000000E+005, -6.013917E-001, -4.566732E-001
+1.85969761000000E+005, -5.943573E-001, -4.471890E-001
+1.87748563000000E+005, -5.856615E-001, -4.404341E-001
+1.89527366000000E+005, -5.782481E-001, -4.375931E-001
+1.91306168000000E+005, -5.740017E-001, -4.353899E-001
+1.93084970000000E+005, -5.729522E-001, -4.289287E-001
+1.94863772000000E+005, -5.681481E-001, -4.218448E-001
+1.96642574000000E+005, -5.639586E-001, -4.152890E-001
+1.98421376000000E+005, -5.578180E-001, -4.089215E-001
+2.00200178000000E+005, -5.520563E-001, -4.043158E-001
+2.01978980000000E+005, -5.453180E-001, -3.988580E-001
+2.03757782000000E+005, -5.372255E-001, -3.948659E-001
+2.05536584000000E+005, -5.299118E-001, -3.966871E-001
+2.07315387000000E+005, -5.269281E-001, -4.011639E-001
+2.09094189000000E+005, -5.344288E-001, -4.005230E-001
+2.10872991000000E+005, -5.343541E-001, -3.923752E-001
+2.12651793000000E+005, -5.362151E-001, -3.875213E-001
+2.14430595000000E+005, -5.370573E-001, -3.771232E-001
+2.16209397000000E+005, -5.290922E-001, -3.664160E-001
+2.17988199000000E+005, -5.204312E-001, -3.617857E-001
+2.19767001000000E+005, -5.149236E-001, -3.613569E-001
+2.21545803000000E+005, -5.112826E-001, -3.606137E-001
+2.23324605000000E+005, -5.101913E-001, -3.586083E-001
+2.25103407000000E+005, -5.082259E-001, -3.543469E-001
+2.26882210000000E+005, -5.078699E-001, -3.524969E-001
+2.28661012000000E+005, -5.089712E-001, -3.467202E-001
+2.30439814000000E+005, -5.083783E-001, -3.395703E-001
+2.32218616000000E+005, -4.996973E-001, -3.335167E-001
+2.33997418000000E+005, -4.973519E-001, -3.286369E-001
+2.35776220000000E+005, -4.935206E-001, -3.308091E-001
+2.37820890000000E+005, -4.954450E-001, -3.251183E-001
+2.40186143000000E+005, -4.911631E-001, -3.178654E-001
+2.42551396000000E+005, -4.870493E-001, -3.149546E-001
+2.44916649000000E+005, -4.849293E-001, -3.106779E-001
+2.47281903000000E+005, -4.827863E-001, -3.075241E-001
+2.49647156000000E+005, -4.809706E-001, -3.029793E-001
+2.52012409000000E+005, -4.780673E-001, -2.989680E-001
+2.54377662000000E+005, -4.769964E-001, -2.963359E-001
+2.56742915000000E+005, -4.758345E-001, -2.928478E-001
+2.59108168000000E+005, -4.746671E-001, -2.880295E-001
+2.61473422000000E+005, -4.734539E-001, -2.846491E-001
+2.63838675000000E+005, -4.736971E-001, -2.808985E-001
+2.66203928000000E+005, -4.707922E-001, -2.767360E-001
+2.68569181000000E+005, -4.705987E-001, -2.747997E-001
+2.70934434000000E+005, -4.739226E-001, -2.699059E-001
+2.73299687000000E+005, -4.728172E-001, -2.641477E-001
+2.75664941000000E+005, -4.733462E-001, -2.600728E-001
+2.78030194000000E+005, -4.740635E-001, -2.540687E-001
+2.80395447000000E+005, -4.737367E-001, -2.452613E-001
+2.82760700000000E+005, -4.692937E-001, -2.405976E-001
+2.85125953000000E+005, -4.678558E-001, -2.336026E-001
+2.87491206000000E+005, -4.613872E-001, -2.306316E-001
+2.89856459000000E+005, -4.600236E-001, -2.301342E-001
+2.92221713000000E+005, -4.598216E-001, -2.277422E-001
+2.94586966000000E+005, -4.613575E-001, -2.249476E-001
+2.96952219000000E+005, -4.592192E-001, -2.191127E-001
+2.99317472000000E+005, -4.569626E-001, -2.164384E-001
+3.01682725000000E+005, -4.552277E-001, -2.146736E-001
+3.04047978000000E+005, -4.565996E-001, -2.128393E-001
+3.06413232000000E+005, -4.562275E-001, -2.101260E-001
+3.08778485000000E+005, -4.564366E-001, -2.065075E-001
+3.11143738000000E+005, -4.563226E-001, -2.044698E-001
+3.13508991000000E+005, -4.578613E-001, -2.015156E-001
+3.16227766000000E+005, -4.584740E-001, -1.971756E-001
+3.19387061000000E+005, -4.595758E-001, -1.923798E-001
+3.22546356000000E+005, -4.593351E-001, -1.884188E-001
+3.25705652000000E+005, -4.620360E-001, -1.844079E-001
+3.28864947000000E+005, -4.628931E-001, -1.787446E-001
+3.32024242000000E+005, -4.639996E-001, -1.736747E-001
+3.35183537000000E+005, -4.653780E-001, -1.699301E-001
+3.38342832000000E+005, -4.668537E-001, -1.643201E-001
+3.41502128000000E+005, -4.672905E-001, -1.583331E-001
+3.44661423000000E+005, -4.685636E-001, -1.540744E-001
+3.47820718000000E+005, -4.710127E-001, -1.503271E-001
+3.50980013000000E+005, -4.739808E-001, -1.424390E-001
+3.54139309000000E+005, -4.753136E-001, -1.351165E-001
+3.57298604000000E+005, -4.747792E-001, -1.290431E-001
+3.60457899000000E+005, -4.751792E-001, -1.228965E-001
+3.63617194000000E+005, -4.758295E-001, -1.179355E-001
+3.66776489000000E+005, -4.789599E-001, -1.114870E-001
+3.69935785000000E+005, -4.784234E-001, -1.048276E-001
+3.73095080000000E+005, -4.789813E-001, -9.859760E-002
+3.76254375000000E+005, -4.796820E-001, -9.150153E-002
+3.79413670000000E+005, -4.794627E-001, -8.629002E-002
+3.82572965000000E+005, -4.828112E-001, -8.115622E-002
+3.85732261000000E+005, -4.865897E-001, -7.208495E-002
+3.88891556000000E+005, -4.781690E-001, -6.518753E-002
+3.92050851000000E+005, -4.802446E-001, -5.993921E-002
+3.95210146000000E+005, -4.799878E-001, -5.460142E-002
+3.98369442000000E+005, -4.794654E-001, -4.947683E-002
+4.01528737000000E+005, -4.855669E-001, -4.792924E-002
+4.04688032000000E+005, -4.862249E-001, -3.612840E-002
+4.07847327000000E+005, -4.864900E-001, -2.965254E-002
+4.11006622000000E+005, -4.855444E-001, -2.026530E-002
+4.14165918000000E+005, -4.842905E-001, -1.452672E-002
+4.17325213000000E+005, -4.845791E-001, -8.325028E-003
+4.20484508000000E+005, -4.857477E-001, -1.233722E-003
+4.24130984000000E+005, -4.854897E-001, +7.613005E-003
+4.28349189000000E+005, -4.841131E-001, +1.714272E-002
+4.32567393000000E+005, -4.831067E-001, +2.602986E-002
+4.36785598000000E+005, -4.831095E-001, +3.553169E-002
+4.41003802000000E+005, -4.823366E-001, +4.505648E-002
+4.45222007000000E+005, -4.809041E-001, +5.523462E-002
+4.49440211000000E+005, -4.793341E-001, +6.486742E-002
+4.53658416000000E+005, -4.768532E-001, +7.422125E-002
+4.57876620000000E+005, -4.751863E-001, +8.397828E-002
+4.62094825000000E+005, -4.733726E-001, +9.376393E-002
+4.66313029000000E+005, -4.713074E-001, +1.035348E-001
+4.70531234000000E+005, -4.691038E-001, +1.128740E-001
+4.74749438000000E+005, -4.660850E-001, +1.229976E-001
+4.78967643000000E+005, -4.641898E-001, +1.325861E-001
+4.83185847000000E+005, -4.596653E-001, +1.418175E-001
+4.87404052000000E+005, -4.572395E-001, +1.512433E-001
+4.91622256000000E+005, -4.530616E-001, +1.616196E-001
+4.95840461000000E+005, -4.495800E-001, +1.695972E-001
+5.00058665000000E+005, -4.461304E-001, +1.797862E-001
+5.04276870000000E+005, -4.422212E-001, +1.887887E-001
+5.08495074000000E+005, -4.395109E-001, +1.987846E-001
+5.12713279000000E+005, -4.343301E-001, +2.087491E-001
+5.16931483000000E+005, -4.287380E-001, +2.193965E-001
+5.21149688000000E+005, -4.215052E-001, +2.279720E-001
+5.25367892000000E+005, -4.218665E-001, +2.360306E-001
+5.29586097000000E+005, -4.172874E-001, +2.415704E-001
+5.33804301000000E+005, -4.032661E-001, +2.596919E-001
+5.38022506000000E+005, -3.982360E-001, +2.608756E-001
+5.42240710000000E+005, -3.933308E-001, +2.730989E-001
+5.46458915000000E+005, -3.872828E-001, +2.783940E-001
+5.50677119000000E+005, -3.817565E-001, +2.871759E-001
+5.54895324000000E+005, -3.758333E-001, +2.956890E-001
+5.59113528000000E+005, -3.686962E-001, +3.034873E-001
+5.63962205000000E+005, -3.590148E-001, +3.141072E-001
+5.69571104000000E+005, -3.504281E-001, +3.224316E-001
+5.75180003000000E+005, -3.430374E-001, +3.322299E-001
+5.80788902000000E+005, -3.306510E-001, +3.430006E-001
+5.86397802000000E+005, -3.219552E-001, +3.521480E-001
+5.92006701000000E+005, -3.106035E-001, +3.614693E-001
+5.97615600000000E+005, -2.999483E-001, +3.707784E-001
+6.03224499000000E+005, -2.888872E-001, +3.790043E-001
+6.08833398000000E+005, -2.780811E-001, +3.875833E-001
+6.14442297000000E+005, -2.662416E-001, +3.962912E-001
+6.20051196000000E+005, -2.545005E-001, +4.034923E-001
+6.25660095000000E+005, -2.418948E-001, +4.118092E-001
+6.31268995000000E+005, -2.282953E-001, +4.181606E-001
+6.36877894000000E+005, -2.159788E-001, +4.248656E-001
+6.42486793000000E+005, -2.040154E-001, +4.312985E-001
+6.48095692000000E+005, -1.908474E-001, +4.375768E-001
+6.53704591000000E+005, -1.778336E-001, +4.424978E-001
+6.59313490000000E+005, -1.645568E-001, +4.499079E-001
+6.64922389000000E+005, -1.502257E-001, +4.546032E-001
+6.70531288000000E+005, -1.355982E-001, +4.582947E-001
+6.76140188000000E+005, -1.198827E-001, +4.602135E-001
+6.81749087000000E+005, -1.072868E-001, +4.626741E-001
+6.87357986000000E+005, -9.348496E-002, +4.662558E-001
+6.92966885000000E+005, -1.316133E-001, +4.269825E-001
+6.98575784000000E+005, -6.797186E-002, +4.795852E-001
+7.04184683000000E+005, -4.970002E-002, +4.760441E-001
+7.09793582000000E+005, -3.420537E-002, +4.752303E-001
+7.15402481000000E+005, -2.006061E-002, +4.744535E-001
+7.21011381000000E+005, -5.913168E-003, +4.726813E-001
+7.26620280000000E+005, +9.462208E-003, +4.710101E-001
+7.32229179000000E+005, +2.196640E-002, +4.649956E-001
+7.37838078000000E+005, +3.708326E-002, +4.602761E-001
+7.43446977000000E+005, +4.802714E-002, +4.494959E-001
+7.49894209000000E+005, +5.886801E-002, +4.253579E-001
+7.57386079000000E+005, +6.475753E-002, +4.228371E-001
+7.64877948000000E+005, -1.601222E-001, +3.696142E-001
+7.72369818000000E+005, +1.115085E-001, +5.846823E-001
+7.79861688000000E+005, +9.180884E-002, +6.377353E-001
+7.87353557000000E+005, +1.945203E-001, +5.880136E-001
+7.94845427000000E+005, +2.188266E-001, +5.363583E-001
+8.02337296000000E+005, +2.412622E-001, +5.216839E-001
+8.09829166000000E+005, +2.638650E-001, +5.104555E-001
+8.17321036000000E+005, +2.893806E-001, +4.917860E-001
+8.24812905000000E+005, +3.075249E-001, +4.758392E-001
+8.32304775000000E+005, +3.321932E-001, +4.653327E-001
+8.39796645000000E+005, +3.560567E-001, +4.471231E-001
+8.47288514000000E+005, +3.836000E-001, +4.342268E-001
+8.54780384000000E+005, +4.024860E-001, +4.134154E-001
+8.62272254000000E+005, +4.265092E-001, +4.040241E-001
+8.69764123000000E+005, +4.523190E-001, +3.811049E-001
+8.77255993000000E+005, +4.700339E-001, +3.578614E-001
+8.84747862000000E+005, +4.928476E-001, +3.350312E-001
+8.92239732000000E+005, +5.101611E-001, +3.157120E-001
+8.99731602000000E+005, +5.243936E-001, +2.951016E-001
+9.07223471000000E+005, +5.663583E-001, +2.742537E-001
+9.14715341000000E+005, +5.768436E-001, +2.402312E-001
+9.22207211000000E+005, +5.932660E-001, +2.112332E-001
+9.29699080000000E+005, +6.093245E-001, +1.811619E-001
+9.37190950000000E+005, +6.255035E-001, +1.502193E-001
+9.44682820000000E+005, +6.401895E-001, +1.156199E-001
+9.52174689000000E+005, +6.539518E-001, +7.925356E-002
+9.59666559000000E+005, +6.653326E-001, +4.183495E-002
+9.67158428000000E+005, +6.725545E-001, +6.005093E-004
+9.74650298000000E+005, +6.792551E-001, -3.841332E-002
+9.82142168000000E+005, +6.844097E-001, -8.127828E-002
+9.89634037000000E+005, +6.846273E-001, -1.249723E-001
+9.97125907000000E+005, +6.853113E-001, -1.704781E-001
+1.00577306300000E+006, +6.788707E-001, -2.257103E-001
+1.01577600200000E+006, +6.588741E-001, -2.914958E-001
+1.02577894100000E+006, +6.412939E-001, -3.568552E-001
+1.03578188100000E+006, +6.125764E-001, -4.211964E-001
+1.04578482000000E+006, +5.640942E-001, -4.780216E-001
+1.05578775900000E+006, +5.207183E-001, -5.499229E-001
+1.06579069800000E+006, +4.622509E-001, -5.981032E-001
+1.07579363800000E+006, +3.927283E-001, -6.531451E-001
+1.08579657700000E+006, +3.119197E-001, -6.882107E-001
+1.09579951600000E+006, +2.286856E-001, -7.095973E-001
+1.10580245500000E+006, +1.440765E-001, -7.157453E-001
+1.11580539400000E+006, +6.180737E-002, -7.122166E-001
+1.12580833400000E+006, -1.624601E-002, -6.950390E-001
+1.13581127300000E+006, -8.860335E-002, -6.672777E-001
+1.14581421200000E+006, -1.512874E-001, -6.359219E-001
+1.15581715100000E+006, -2.082362E-001, -5.915424E-001
+1.16582009100000E+006, -2.595989E-001, -5.495775E-001
+1.17582303000000E+006, -2.982808E-001, -4.988362E-001
+1.18582596900000E+006, -3.323061E-001, -4.499249E-001
+1.19582890800000E+006, -3.574004E-001, -3.971957E-001
+1.20583184700000E+006, -3.743143E-001, -3.478494E-001
+1.21583478700000E+006, -3.868059E-001, -2.982786E-001
+1.22583772600000E+006, -3.942703E-001, -2.524499E-001
+1.23584066500000E+006, -3.945171E-001, -2.092907E-001
+1.24584360400000E+006, -3.918158E-001, -1.696803E-001
+1.25584654300000E+006, -3.876880E-001, -1.314238E-001
+1.26584948300000E+006, -3.791282E-001, -9.657176E-002
+1.27585242200000E+006, -3.683263E-001, -5.984031E-002
+1.28585536100000E+006, -3.553472E-001, -3.221672E-002
+1.29585830000000E+006, -3.374111E-001, -7.411862E-003
+1.30586124000000E+006, -3.221571E-001, +1.380189E-002
+1.31586417900000E+006, -3.828683E-001, -1.621738E-002
+1.32586711800000E+006, -2.959402E-001, +5.885258E-002
+1.33736514400000E+006, -2.744099E-001, +7.578894E-002
+1.35066594000000E+006, -2.523420E-001, +8.145103E-002
+1.36396673600000E+006, -2.420073E-001, +1.095098E-001
+1.37726753200000E+006, -2.116000E-001, +1.274229E-001
+1.39056832800000E+006, -1.918665E-001, +1.431075E-001
+1.40386912400000E+006, -1.681204E-001, +1.477289E-001
+1.41716991900000E+006, -1.398782E-001, +1.512369E-001
+1.43047071500000E+006, -1.246774E-001, +1.513027E-001
+1.44377151100000E+006, -1.069916E-001, +1.534257E-001
+1.45707230700000E+006, -8.440107E-002, +1.540979E-001
+1.47037310300000E+006, -6.988016E-002, +1.549122E-001
+1.48367389900000E+006, -5.387314E-002, +1.514567E-001
+1.49697469500000E+006, -3.694659E-002, +1.480880E-001
+1.51027549100000E+006, -2.391352E-002, +1.454757E-001
+1.52357628700000E+006, -8.317157E-003, +1.400989E-001
+1.53687708300000E+006, +7.899449E-003, +1.333462E-001
+1.55017787900000E+006, +2.140635E-002, +1.258912E-001
+1.56347867400000E+006, +2.977242E-002, +1.182218E-001
+1.57677947000000E+006, +4.227302E-002, +1.075113E-001
+1.59008026600000E+006, +5.237915E-002, +9.718977E-002
+1.60338106200000E+006, +6.041096E-002, +8.453826E-002
+1.61668185800000E+006, +6.768942E-002, +6.835233E-002
+1.62998265400000E+006, +7.125089E-002, +4.971174E-002
+1.64328345000000E+006, +6.634959E-002, +3.057696E-002
+1.65658424600000E+006, +5.225273E-002, +1.802075E-002
+1.66988504200000E+006, +3.988589E-002, +2.102376E-002
+1.68318583800000E+006, +3.810979E-002, +4.974156E-002
+1.69648663300000E+006, +1.673353E-001, -1.605993E-001
+1.70978742900000E+006, +1.337571E-002, -2.323974E-002
+1.72308822500000E+006, +6.339759E-003, -1.920317E-004
+1.73638902100000E+006, +1.050139E-002, +1.267861E-002
+1.74968981700000E+006, +8.110006E-003, +9.045931E-003
+1.76299061300000E+006, +1.051748E-002, +1.174745E-002
+1.77827941000000E+006, +1.323693E-002, +1.330209E-002
+1.79604543300000E+006, +8.739250E-003, +1.218427E-002
+1.81381145500000E+006, +9.829658E-003, +1.466917E-002
+1.83157747800000E+006, +2.051749E-002, +1.250894E-002
+1.84934350100000E+006, +2.194162E-002, +1.027877E-002
+1.86710952300000E+006, +2.045267E-002, +9.158914E-003
+1.88487554600000E+006, +2.119818E-002, +6.045370E-003
+1.90264156800000E+006, +2.008461E-002, +4.125833E-003
+1.92040759100000E+006, +1.918659E-002, +1.707098E-003
+1.93817361400000E+006, +1.820283E-002, -1.409217E-004
+1.95593963600000E+006, +1.686674E-002, -1.541924E-003
+1.97370565900000E+006, +1.551490E-002, -2.855155E-003
+1.99147168200000E+006, +1.443059E-002, -3.909392E-003
+2.00923770400000E+006, +1.303004E-002, -4.721218E-003
+2.02700372700000E+006, +1.138059E-002, -5.279860E-003
+2.04476975000000E+006, +9.987149E-003, -5.851612E-003
+2.06253577200000E+006, +8.721958E-003, -5.798802E-003
+2.08030179500000E+006, +7.631338E-003, -5.691150E-003
+2.09806781700000E+006, +6.416587E-003, -5.693573E-003
+2.11583384000000E+006, +5.314309E-003, -5.756450E-003
+2.13359986300000E+006, +4.418000E-003, -5.124898E-003
+2.15136588500000E+006, +3.559527E-003, -4.949319E-003
+2.16913190800000E+006, +3.066021E-003, -3.976473E-003
+2.18689793100000E+006, +2.363517E-003, -3.646642E-003
+2.20466395300000E+006, +2.087833E-003, -2.922912E-003
+2.22242997600000E+006, +1.580056E-003, -2.254537E-003
+2.24019599900000E+006, +1.760202E-003, -8.861930E-004
+2.25796202100000E+006, +2.030971E-003, -1.487506E-003
+2.27572804400000E+006, +1.849918E-003, -9.602263E-004
+2.29349406600000E+006, +1.956853E-003, -2.500315E-004
+2.31126008900000E+006, +2.219912E-003, -8.617005E-005
+2.32902611200000E+006, +2.329637E-003, +3.391955E-004
+2.34679213400000E+006, +2.839998E-003, +5.870506E-004
+2.36455815700000E+006, +3.229927E-003, +3.723344E-004
+2.38506379500000E+006, +3.357903E-003, +1.003947E-003
+2.40878450200000E+006, +3.796848E-003, +9.100267E-004
+2.43250520900000E+006, +4.222121E-003, +6.793368E-004
+2.45622591600000E+006, +3.527270E-003, +8.331243E-004
+2.47994662300000E+006, +1.140515E-002, +1.190086E-003
+2.50366733000000E+006, +7.997942E-003, -4.106493E-004
+2.52738803700000E+006, +8.167499E-003, -1.148713E-003
+2.55110874400000E+006, +8.406122E-003, -2.036312E-003
+2.57482945100000E+006, +8.520720E-003, -2.895102E-003
+2.59855015800000E+006, +8.725875E-003, -3.906377E-003
+2.62227086500000E+006, +8.587235E-003, -4.986499E-003
+2.64599157200000E+006, +8.462153E-003, -6.331595E-003
+2.66971227900000E+006, +7.929297E-003, -7.072695E-003
+2.69343298600000E+006, +7.353829E-003, -8.332561E-003
+2.71715369300000E+006, +6.951893E-003, -9.265384E-003
+2.74087440000000E+006, +6.214429E-003, -1.279950E-002
+2.76459510800000E+006, +4.647525E-003, -1.000414E-002
+2.78831581500000E+006, +3.236157E-003, -1.101703E-002
+2.81203652200000E+006, +2.051339E-003, -1.164999E-002
+2.83575722900000E+006, +8.188715E-004, -1.249560E-002
+2.85947793600000E+006, -5.896799E-004, -1.227761E-002
+2.88319864300000E+006, -2.344772E-003, -1.270057E-002
+2.90691935000000E+006, -3.976566E-003, -1.251992E-002
+2.93064005700000E+006, -5.592634E-003, -1.231407E-002
+2.95436076400000E+006, -7.262683E-003, -1.152480E-002
+2.97808147100000E+006, -8.819295E-003, -1.068751E-002
+3.00180217800000E+006, -1.034681E-002, -9.305275E-003
+3.02552288500000E+006, -1.197364E-002, -8.046503E-003
+3.04924359200000E+006, -1.296873E-002, -6.507637E-003
+3.07296429900000E+006, -1.440925E-002, -4.744853E-003
+3.09668500600000E+006, -1.549245E-002, -2.471735E-003
+3.12040571300000E+006, -1.673079E-002, -1.187290E-004
+3.14412642000000E+006, -1.405600E-002, +2.187626E-003
+3.17139253800000E+006, -1.547204E-002, +5.070155E-003
+3.20293369600000E+006, -1.488956E-002, +8.299858E-003
+3.23447485300000E+006, -1.360209E-002, +1.178497E-002
+3.26601601100000E+006, -1.163345E-002, +1.554892E-002
+3.29755716900000E+006, -8.423903E-003, +1.731621E-002
+3.32909832600000E+006, -5.063470E-003, +1.942540E-002
+3.36063948400000E+006, -2.732168E-003, +2.204151E-002
+3.39218064200000E+006, +2.712493E-003, +2.239865E-002
+3.42372180000000E+006, +7.432737E-003, +2.201619E-002
+3.45526295700000E+006, +8.561288E-003, +2.580053E-002
+3.48680411500000E+006, +1.739790E-002, +2.018220E-002
+3.51834527300000E+006, +2.167208E-002, +1.662741E-002
+3.54988643000000E+006, +2.490940E-002, +1.224739E-002
+3.58142758800000E+006, +2.743520E-002, +7.630555E-003
+3.61296874600000E+006, +2.875470E-002, +2.419893E-003
+3.64450990300000E+006, +2.867475E-002, -3.255909E-003
+3.67605106100000E+006, +2.773905E-002, -8.652024E-003
+3.70759221900000E+006, +2.530107E-002, -1.314522E-002
+3.73913337600000E+006, +2.239986E-002, -1.744697E-002
+3.77067453400000E+006, +1.875016E-002, -2.084878E-002
+3.80221569200000E+006, +1.417353E-002, -2.303686E-002
+3.83375684900000E+006, +9.678946E-003, -2.433151E-002
+3.86529800700000E+006, +5.775379E-003, -2.353954E-002
+3.89683916500000E+006, +8.994971E-004, -2.431061E-002
+3.92838032300000E+006, -2.982927E-003, -2.295907E-002
+3.95992148000000E+006, -6.273072E-003, -2.092282E-002
+3.99146263800000E+006, -9.177621E-003, -1.851363E-002
+4.02300379600000E+006, -1.141589E-002, -1.559019E-002
+4.05454495300000E+006, -1.301286E-002, -1.282090E-002
+4.08608611100000E+006, -1.404579E-002, -9.154574E-003
+4.11762726900000E+006, -1.451064E-002, -6.788061E-003
+4.14916842600000E+006, -1.274433E-002, -3.742473E-003
+4.18070958400000E+006, -1.245613E-002, -1.413525E-003
+4.21696503400000E+006, -5.931345E-003, -2.087790E-003
+4.25909491300000E+006, -7.778682E-003, -1.917398E-004
+4.30122479200000E+006, -7.353348E-003, +6.506737E-004
+4.34335467100000E+006, -6.461053E-003, +1.247101E-003
+4.38548455000000E+006, -5.719473E-003, +1.577707E-003
+4.42761442900000E+006, -5.319217E-003, +1.799257E-003
+4.46974430700000E+006, -5.007710E-003, +1.930744E-003
+4.51187418600000E+006, -5.101786E-003, +2.218261E-003
+4.55400406500000E+006, -5.018599E-003, +2.466085E-003
+4.59613394400000E+006, -5.401790E-003, +3.032981E-003
+4.63826382300000E+006, -4.401435E-003, +4.174576E-003
+4.68039370200000E+006, -4.590057E-003, +4.556748E-003
+4.72252358100000E+006, -4.438583E-003, +5.347552E-003
+4.76465346000000E+006, -4.008606E-003, +6.304028E-003
+4.80678333900000E+006, -3.271555E-003, +6.930051E-003
+4.84891321800000E+006, -2.592520E-003, +7.698017E-003
+4.89104309700000E+006, -2.049519E-003, +8.302796E-003
+4.93317297500000E+006, -7.543320E-004, +8.862676E-003
+4.97530285400000E+006, -7.132083E-006, +8.982948E-003
+5.01743273300000E+006, +6.258807E-004, +9.256708E-003
+5.05956261200000E+006, +1.291544E-003, +9.686470E-003
+5.10169249100000E+006, +2.218205E-003, +9.752906E-003
+5.14382237000000E+006, +3.355943E-003, +9.793489E-003
+5.18595224900000E+006, +4.423941E-003, +9.978732E-003
+5.22808212800000E+006, +5.322364E-003, +9.705325E-003
+5.27021200700000E+006, +6.255526E-003, +9.317459E-003
+5.31234188600000E+006, +7.090429E-003, +9.193227E-003
+5.35447176500000E+006, +8.250248E-003, +8.567112E-003
+5.39660164300000E+006, +9.176699E-003, +7.638921E-003
+5.43873152200000E+006, +1.127457E-002, +5.620451E-003
+5.48086140100000E+006, +1.011585E-002, +5.428430E-003
+5.52299128000000E+006, +1.017404E-002, +4.752224E-003
+5.56512115900000E+006, +1.039536E-002, +4.048883E-003
+5.60725103800000E+006, +1.066342E-002, +3.318945E-003
+5.65587757100000E+006, +1.041572E-002, +2.301989E-003
+5.71212823200000E+006, +1.007936E-002, +1.255760E-003
+5.76837889300000E+006, +9.501728E-003, +4.219495E-004
+5.82462955400000E+006, +8.954414E-003, -1.097714E-004
+5.88088021500000E+006, +8.456542E-003, -6.091616E-004
+5.93713087600000E+006, +7.792388E-003, -7.715877E-004
+5.99338153600000E+006, +6.983816E-003, -6.369179E-004
+6.04963219700000E+006, +6.712155E-003, -6.786179E-004
+6.10588285800000E+006, +6.248385E-003, -6.527692E-004
+6.16213351900000E+006, +6.060303E-003, -6.931129E-004
+6.21838418000000E+006, +5.786009E-003, -5.835255E-004
+6.27463484100000E+006, +5.507867E-003, -5.144481E-004
+6.33088550200000E+006, +4.947066E-003, -5.552464E-004
+6.38713616300000E+006, +4.846918E-003, -4.476102E-004
+6.44338682400000E+006, +4.616839E-003, -3.022522E-004
+6.49963748500000E+006, +4.106760E-003, -3.134572E-004
+6.55588814600000E+006, +3.734784E-003, -7.709246E-005
+6.61213880600000E+006, +3.263502E-003, +3.919648E-004
+6.66838946700000E+006, +3.014705E-003, +5.686579E-004
+6.72464012800000E+006, +2.734872E-003, +9.091706E-004
+6.78089078900000E+006, +2.469867E-003, +1.580895E-003
+6.83714145000000E+006, +2.392807E-003, +2.057270E-003
+6.89339211100000E+006, +2.225485E-003, +2.313460E-003
+6.94964277200000E+006, +2.196862E-003, +2.854732E-003
+7.00589343300000E+006, +2.199938E-003, +3.170671E-003
+7.06214409400000E+006, +2.287383E-003, +3.690857E-003
+7.11839475500000E+006, +2.385629E-003, +3.934089E-003
+7.17464541500000E+006, +2.375087E-003, +4.394871E-003
+7.23089607600000E+006, +2.682941E-003, +4.764179E-003
+7.28714673700000E+006, +2.569804E-003, +4.854036E-003
+7.34339739800000E+006, +2.850404E-003, +5.288811E-003
+7.39964805900000E+006, +3.065513E-003, +5.567045E-003
+7.45589872000000E+006, +2.985622E-003, +5.848212E-003
+7.52055687500000E+006, +3.057915E-003, +5.910908E-003
+7.59569151500000E+006, +3.304239E-003, +6.257954E-003
+7.67082615500000E+006, +3.555689E-003, +6.335568E-003
+7.74596079500000E+006, +3.304332E-003, +6.680923E-003
+7.82109543600000E+006, +3.412850E-003, +6.726139E-003
+7.89623007600000E+006, +3.424373E-003, +7.030162E-003
+7.97136471600000E+006, +3.510966E-003, +7.463539E-003
+8.04649935600000E+006, +3.518733E-003, +7.668496E-003
+8.12163399600000E+006, +3.468263E-003, +8.053503E-003
+8.19676863600000E+006, +3.268498E-003, +8.288833E-003
+8.27190327700000E+006, +3.448836E-003, +8.657551E-003
+8.34703791700000E+006, +3.375978E-003, +9.053994E-003
+8.42217255700000E+006, +3.274024E-003, +9.183909E-003
+8.49730719700000E+006, +3.392799E-003, +9.591972E-003
+8.57244183700000E+006, +3.329864E-003, +1.018096E-002
+8.64757647700000E+006, +3.254850E-003, +1.048722E-002
+8.72271111700000E+006, +2.969995E-003, +1.124231E-002
+8.79784575800000E+006, +3.255946E-003, +1.135312E-002
+8.87298039800000E+006, +3.273858E-003, +1.171996E-002
+8.94811503800000E+006, +3.344964E-003, +1.214900E-002
+9.02324967800000E+006, +3.073343E-003, +1.266672E-002
+9.09838431800000E+006, +3.045512E-003, +1.300536E-002
+9.17351895800000E+006, +3.084592E-003, +1.342435E-002
+9.24865359800000E+006, +3.168482E-003, +1.408599E-002
+9.32378823900000E+006, +3.061033E-003, +1.468318E-002
+9.39892287900000E+006, +2.822199E-003, +1.521980E-002
+9.47405751900000E+006, +3.033076E-003, +1.588073E-002
+9.54919215900000E+006, +3.064351E-003, +1.681884E-002
+9.62432679900000E+006, +3.436938E-003, +1.754140E-002
+9.69946143900000E+006, +3.752837E-003, +1.748183E-002
+9.77459608000000E+006, +3.667310E-003, +1.784178E-002
+9.84973072000000E+006, +3.535446E-003, +1.866275E-002
+9.92486536000000E+006, +3.583423E-003, +1.926009E-002
+1.00000000000000E+007, +3.393853E-003, +1.999259E-002
