+1.00000000000000E+004, +8.261290E+001, -3.216742E+001
+1.00999060000000E+004, -5.809603E+000, +1.478564E+002
+1.01998110000000E+004, +8.266446E+001, +8.620409E+001
+1.02997170000000E+004, +1.841496E+001, +8.715468E+001
+1.03996230000000E+004, +1.404081E+001, +9.031802E+001
+1.04995280000000E+004, +3.757499E+001, +1.010135E+002
+1.05994340000000E+004, +5.632129E+001, +6.163187E+001
+1.06993400000000E+004, +3.472554E+001, +1.028609E+002
+1.07992460000000E+004, +5.473508E+001, +9.480683E+001
+1.08991510000000E+004, +2.838494E+001, +9.892377E+001
+1.09990570000000E+004, +3.272422E+001, +9.153033E+001
+1.10989630000000E+004, +1.085402E+001, +9.150212E+001
+1.11988680000000E+004, +7.633304E+000, +3.975544E+001
+1.12987740000000E+004, +1.639633E+001, +8.781776E+001
+1.13986800000000E+004, +2.328884E+001, +7.817012E+001
+1.14985850000000E+004, +3.105180E+001, +8.378008E+001
+1.15984910000000E+004, +2.138095E+001, +8.523601E+001
+1.16983970000000E+004, +2.871470E+001, +1.042061E+002
+1.17983030000000E+004, +3.893716E+001, +7.413311E+001
+1.18982080000000E+004, +4.587824E+000, +9.481494E+001
+1.19981140000000E+004, +2.068686E+001, +7.374348E+001
+1.20980200000000E+004, +1.446411E+001, +8.433765E+001
+1.21979250000000E+004, +1.980741E+001, +9.676836E+001
+1.22978310000000E+004, +4.576480E+000, +6.656383E+001
+1.23977370000000E+004, +6.805263E-001, +7.147922E+001
+1.24976420000000E+004, +7.169210E+000, +7.536097E+001
+1.25975480000000E+004, +1.235995E+001, +7.952422E+001
+1.26974540000000E+004, +1.054585E+001, +6.451311E+001
+1.27973600000000E+004, -5.297627E+000, +7.004981E+001
+1.28972650000000E+004, +8.692236E+000, +6.285998E+001
+1.29971710000000E+004, -1.128750E+000, +6.427194E+001
+1.30970770000000E+004, +7.624993E+000, +5.535496E+001
+1.31969820000000E+004, +5.765337E+000, +6.592398E+001
+1.32968880000000E+004, -1.187381E+000, +5.714323E+001
+1.34121990000000E+004, +3.613203E+000, +5.457106E+001
+1.35455900000000E+004, -2.140935E+000, +5.314894E+001
+1.36789820000000E+004, -1.786604E+000, +5.037541E+001
+1.38123730000000E+004, -3.225174E+000, +4.859596E+001
+1.39457640000000E+004, -3.523072E+000, +5.164882E+001
+1.40791560000000E+004, -1.238486E+000, +4.638645E+001
+1.42125470000000E+004, +9.410456E-001, +4.783249E+001
+1.43459380000000E+004, -1.610889E+000, +4.345437E+001
+1.44793300000000E+004, -2.635866E+000, +4.609085E+001
+1.46127210000000E+004, -3.662426E+000, +4.105801E+001
+1.47461120000000E+004, -1.198561E+000, +4.355850E+001
+1.48795040000000E+004, -4.736983E+000, +4.034513E+001
+1.50128950000000E+004, -5.132055E+000, +3.707280E+001
+1.51462860000000E+004, -2.507375E+000, +3.800944E+001
+1.52796780000000E+004, -5.653094E+000, +3.452995E+001
+1.54130690000000E+004, -5.712864E+000, +3.496777E+001
+1.55464610000000E+004, -5.641570E+000, +3.344895E+001
+1.56798520000000E+004, -3.561972E+000, +3.126228E+001
+1.58132430000000E+004, -5.007649E+000, +3.101268E+001
+1.59466350000000E+004, -7.251627E+000, +2.897428E+001
+1.60800260000000E+004, -6.692776E+000, +2.905838E+001
+1.62134170000000E+004, -6.130716E+000, +2.960861E+001
+1.63468090000000E+004, -4.629595E+000, +2.680758E+001
+1.64802000000000E+004, -7.515945E+000, +2.758899E+001
+1.66135910000000E+004, -6.358404E+000, +2.635545E+001
+1.67469830000000E+004, -7.184800E+000, +2.487543E+001
+1.68803740000000E+004, -7.289018E+000, +2.585684E+001
+1.70137650000000E+004, -7.467873E+000, +2.419844E+001
+1.71471570000000E+004, -5.470673E+000, +2.398157E+001
+1.72805480000000E+004, -6.947514E+000, +2.319179E+001
+1.74139390000000E+004, -6.228179E+000, +2.319872E+001
+1.75473310000000E+004, -6.633847E+000, +2.078098E+001
+1.76807220000000E+004, -6.471500E+000, +2.103093E+001
+1.78340510000000E+004, -7.370771E+000, +1.959290E+001
+1.80114200000000E+004, -7.409940E+000, +1.938192E+001
+1.81887890000000E+004, -7.087380E+000, +1.947653E+001
+1.83661580000000E+004, -7.571775E+000, +1.859675E+001
+1.85435270000000E+004, -7.106886E+000, +1.687526E+001
+1.87208960000000E+004, -7.071593E+000, +1.737919E+001
+1.88982650000000E+004, -7.824780E+000, +1.568542E+001
+1.90756340000000E+004, -7.660616E+000, +1.499904E+001
+1.92530030000000E+004, -7.747365E+000, +1.479865E+001
+1.94303720000000E+004, -7.788296E+000, +1.435949E+001
+1.96077410000000E+004, -7.434335E+000, +1.387371E+001
+1.97851100000000E+004, -7.935667E+000, +1.339500E+001
+1.99624790000000E+004, -7.677034E+000, +1.253157E+001
+2.01398480000000E+004, -8.194476E+000, +1.242299E+001
+2.03172170000000E+004, -7.732175E+000, +1.178095E+001
+2.04945860000000E+004, -7.616615E+000, +1.170190E+001
+2.06719550000000E+004, -7.823663E+000, +1.065630E+001
+2.08493230000000E+004, -7.696026E+000, +1.043879E+001
+2.10266920000000E+004, -7.875093E+000, +1.021683E+001
+2.12040610000000E+004, -7.377408E+000, +9.999557E+000
+2.13814300000000E+004, -7.530695E+000, +9.915246E+000
+2.15587990000000E+004, -7.690495E+000, +9.133291E+000
+2.17361680000000E+004, -7.235573E+000, +8.982202E+000
+2.19135370000000E+004, -7.421157E+000, +8.862799E+000
+2.20909060000000E+004, -7.464771E+000, +8.413278E+000
+2.22682750000000E+004, -7.476569E+000, +8.271784E+000
+2.24456440000000E+004, -7.346725E+000, +8.062469E+000
+2.26230130000000E+004, -7.230330E+000, +7.338706E+000
+2.28003820000000E+004, -7.353832E+000, +7.236123E+000
+2.29777510000000E+004, -7.071517E+000, +6.927535E+000
+2.31551200000000E+004, -7.297979E+000, +6.746802E+000
+2.33324890000000E+004, -7.192388E+000, +6.477224E+000
+2.35098580000000E+004, -7.134926E+000, +6.256054E+000
+2.37137370000000E+004, -7.076931E+000, +6.149663E+000
+2.39506510000000E+004, -6.835366E+000, +5.791295E+000
+2.41875640000000E+004, -6.881139E+000, +5.511620E+000
+2.44244780000000E+004, -6.830166E+000, +5.209535E+000
+2.46613920000000E+004, -6.739997E+000, +4.948163E+000
+2.48983060000000E+004, -6.683502E+000, +4.821155E+000
+2.51352190000000E+004, -6.639791E+000, +4.319808E+000
+2.53721330000000E+004, -6.629395E+000, +4.312006E+000
+2.56090470000000E+004, -6.426445E+000, +4.067914E+000
+2.58459610000000E+004, -6.416684E+000, +3.904047E+000
+2.60828740000000E+004, -6.440596E+000, +3.782538E+000
+2.63197880000000E+004, -6.406935E+000, +3.492862E+000
+2.65567020000000E+004, -6.240944E+000, +3.368070E+000
+2.67936150000000E+004, -6.193990E+000, +3.136440E+000
+2.70305290000000E+004, -6.160358E+000, +3.006794E+000
+2.72674430000000E+004, -6.020432E+000, +2.872286E+000
+2.75043570000000E+004, -5.914886E+000, +2.810377E+000
+2.77412700000000E+004, -5.943074E+000, +2.547919E+000
+2.79781840000000E+004, -5.815134E+000, +2.483124E+000
+2.82150980000000E+004, -5.775685E+000, +2.359334E+000
+2.84520120000000E+004, -5.728746E+000, +2.102890E+000
+2.86889250000000E+004, -5.671328E+000, +1.981781E+000
+2.89258390000000E+004, -5.570941E+000, +1.921075E+000
+2.91627530000000E+004, -5.546629E+000, +1.870580E+000
+2.93996660000000E+004, -5.456453E+000, +1.680786E+000
+2.96365800000000E+004, -5.350203E+000, +1.578833E+000
+2.98734940000000E+004, -5.402439E+000, +1.523364E+000
+3.01104080000000E+004, -5.341424E+000, +1.300270E+000
+3.03473210000000E+004, -5.284576E+000, +1.289326E+000
+3.05842350000000E+004, -5.139082E+000, +1.181554E+000
+3.08211490000000E+004, -5.125412E+000, +1.015726E+000
+3.10580630000000E+004, -5.115525E+000, +9.787281E-001
+3.12949760000000E+004, -5.086120E+000, +8.502533E-001
+3.15318900000000E+004, -5.038027E+000, +8.231554E-001
+3.18053370000000E+004, -4.953994E+000, +7.557831E-001
+3.21216580000000E+004, -4.888205E+000, +6.239140E-001
+3.24379780000000E+004, -4.829326E+000, +5.220950E-001
+3.27542990000000E+004, -4.839228E+000, +5.033911E-001
+3.30706200000000E+004, -4.780794E+000, +5.418716E-001
+3.33869410000000E+004, -4.589805E+000, +4.668734E-001
+3.37032610000000E+004, -4.553201E+000, +3.708615E-001
+3.40195820000000E+004, -4.474807E+000, +2.777169E-001
+3.43359030000000E+004, -4.410052E+000, +2.181950E-001
+3.46522230000000E+004, -4.356888E+000, +1.559844E-001
+3.49685440000000E+004, -4.253169E+000, +9.534529E-002
+3.52848650000000E+004, -4.200387E+000, +5.820353E-002
+3.56011860000000E+004, -4.115490E+000, +7.073814E-003
+3.59175060000000E+004, -4.072438E+000, -3.838356E-002
+3.62338270000000E+004, -4.079477E+000, -8.382136E-002
+3.65501480000000E+004, -4.051788E+000, -9.800265E-003
+3.68664690000000E+004, -3.932190E+000, +1.059504E-001
+3.71827890000000E+004, -4.106938E+000, +2.738321E+000
+3.74991100000000E+004, -2.270247E+000, +1.476172E-001
+3.78154310000000E+004, -2.171384E+000, -5.490730E-001
+3.81317510000000E+004, -1.958309E+000, -1.195860E+000
+3.84480720000000E+004, -1.105497E+000, -5.703915E+000
+3.87643930000000E+004, -4.174154E+000, -2.018587E+000
+3.90807140000000E+004, -3.720869E+000, -1.026497E+000
+3.93970340000000E+004, -3.830491E+000, -8.101669E-001
+3.97133550000000E+004, -3.711828E+000, -8.653145E-001
+4.00296760000000E+004, -3.526968E+000, -9.045131E-001
+4.03459960000000E+004, -3.469355E+000, -8.958262E-001
+4.06623170000000E+004, -3.422571E+000, -9.428358E-001
+4.09786380000000E+004, -3.362890E+000, -9.782119E-001
+4.12949590000000E+004, -3.307280E+000, -9.810787E-001
+4.16112790000000E+004, -3.276429E+000, -1.019435E+000
+4.19276000000000E+004, -3.218557E+000, -1.040038E+000
+4.22911990000000E+004, -3.155883E+000, -1.060145E+000
+4.27118070000000E+004, -3.120934E+000, -1.102536E+000
+4.31324150000000E+004, -3.076814E+000, -1.115355E+000
+4.35530230000000E+004, -3.041765E+000, -1.130036E+000
+4.39736310000000E+004, -2.987764E+000, -1.144278E+000
+4.43942390000000E+004, -2.934221E+000, -1.198961E+000
+4.48148480000000E+004, -2.894602E+000, -1.203930E+000
+4.52354560000000E+004, -2.844760E+000, -1.222373E+000
+4.56560640000000E+004, -2.821907E+000, -1.255799E+000
+4.60766720000000E+004, -2.811601E+000, -1.277309E+000
+4.64972800000000E+004, -2.743535E+000, -1.283692E+000
+4.69178880000000E+004, -2.702105E+000, -1.305056E+000
+4.73384960000000E+004, -2.689478E+000, -1.328914E+000
+4.77591040000000E+004, -2.655809E+000, -1.312592E+000
+4.81797120000000E+004, -2.614145E+000, -1.332414E+000
+4.86003200000000E+004, -2.593013E+000, -1.341575E+000
+4.90209290000000E+004, -2.559743E+000, -1.346364E+000
+4.94415370000000E+004, -2.537689E+000, -1.376689E+000
+4.98621450000000E+004, -2.548516E+000, -1.351549E+000
+5.02827530000000E+004, -2.500544E+000, -1.305031E+000
+5.07033610000000E+004, -2.411466E+000, -1.283112E+000
+5.11239690000000E+004, -2.356681E+000, -1.311544E+000
+5.15445770000000E+004, -2.305105E+000, -1.337037E+000
+5.19651850000000E+004, -2.268155E+000, -1.349382E+000
+5.23857930000000E+004, -2.222698E+000, -1.362169E+000
+5.28064010000000E+004, -2.194528E+000, -1.378233E+000
+5.32270090000000E+004, -2.180118E+000, -1.395965E+000
+5.36476180000000E+004, -2.154161E+000, -1.402832E+000
+5.40682260000000E+004, -2.126878E+000, -1.411302E+000
+5.44888340000000E+004, -2.107315E+000, -1.412141E+000
+5.49094420000000E+004, -2.069631E+000, -1.408242E+000
+5.53300500000000E+004, -2.057411E+000, -1.411077E+000
+5.57506580000000E+004, -2.013999E+000, -1.425692E+000
+5.62341330000000E+004, -1.987468E+000, -1.429955E+000
+5.67959440000000E+004, -1.939230E+000, -1.431549E+000
+5.73577550000000E+004, -1.889908E+000, -1.449581E+000
+5.79195660000000E+004, -1.866235E+000, -1.468962E+000
+5.84813770000000E+004, -1.823494E+000, -1.508016E+000
+5.90431880000000E+004, -1.836856E+000, -1.560760E+000
+5.96049990000000E+004, -1.872029E+000, -1.542176E+000
+6.01668100000000E+004, -1.846156E+000, -1.509756E+000
+6.07286210000000E+004, -1.830241E+000, -1.486188E+000
+6.12904310000000E+004, -1.770243E+000, -1.453872E+000
+6.18522420000000E+004, -1.756892E+000, -1.520407E+000
+6.24140530000000E+004, -1.758557E+000, -1.497658E+000
+6.29758640000000E+004, -1.726588E+000, -1.486106E+000
+6.35376750000000E+004, -1.711368E+000, -1.455250E+000
+6.40994860000000E+004, -1.663488E+000, -1.466926E+000
+6.46612970000000E+004, -1.627928E+000, -1.466551E+000
+6.52231080000000E+004, -1.619400E+000, -1.479307E+000
+6.57849190000000E+004, -1.597513E+000, -1.476473E+000
+6.63467300000000E+004, -1.584196E+000, -1.480523E+000
+6.69085410000000E+004, -1.581161E+000, -1.468887E+000
+6.74703520000000E+004, -1.558096E+000, -1.460189E+000
+6.80321630000000E+004, -1.533699E+000, -1.455011E+000
+6.85939740000000E+004, -1.513574E+000, -1.449256E+000
+6.91557850000000E+004, -1.488394E+000, -1.438969E+000
+6.97175960000000E+004, -1.453077E+000, -1.467856E+000
+7.02794060000000E+004, -1.477893E+000, -1.471857E+000
+7.08412170000000E+004, -1.467496E+000, -1.446012E+000
+7.14030280000000E+004, -1.449669E+000, -1.442263E+000
+7.19648390000000E+004, -1.421693E+000, -1.432899E+000
+7.25266500000000E+004, -1.420450E+000, -1.437386E+000
+7.30884610000000E+004, -1.395367E+000, -1.411995E+000
+7.36502720000000E+004, -1.389757E+000, -1.412901E+000
+7.42120830000000E+004, -1.393580E+000, -1.388052E+000
+7.47738940000000E+004, -1.271085E+000, -1.410816E+000
+7.54223400000000E+004, -1.264948E+000, -1.487979E+000
+7.61724550000000E+004, -1.281533E+000, -1.508765E+000
+7.69225690000000E+004, -1.287387E+000, -1.494596E+000
+7.76726840000000E+004, -1.279253E+000, -1.511138E+000
+7.84227980000000E+004, -1.250418E+000, -1.388299E+000
+7.91729130000000E+004, -1.203617E+000, -1.387535E+000
+7.99230280000000E+004, -1.145732E+000, -1.422859E+000
+8.06731420000000E+004, -1.102800E+000, -1.464016E+000
+8.14232570000000E+004, -1.073110E+000, -1.506294E+000
+8.21733710000000E+004, -1.045425E+000, -1.534541E+000
+8.29234860000000E+004, -1.011242E+000, -1.551502E+000
+8.36736010000000E+004, -9.958998E-001, -1.568631E+000
+8.44237150000000E+004, -9.919957E-001, -1.585812E+000
+8.51738300000000E+004, -1.024911E+000, -1.602097E+000
+8.59239440000000E+004, -1.054592E+000, -1.617618E+000
+8.66740590000000E+004, -1.089056E+000, -1.596023E+000
+8.74241740000000E+004, -1.080975E+000, -1.588817E+000
+8.81742880000000E+004, -1.076444E+000, -1.589010E+000
+8.89244030000000E+004, -1.080952E+000, -1.583512E+000
+8.96745170000000E+004, -1.076594E+000, -1.579599E+000
+9.04246320000000E+004, -1.083357E+000, -1.581858E+000
+9.11747460000000E+004, -1.092655E+000, -1.569420E+000
+9.19248610000000E+004, -1.090637E+000, -1.562396E+000
+9.26749760000000E+004, -1.094338E+000, -1.553908E+000
+9.34250900000000E+004, -1.092760E+000, -1.549591E+000
+9.41752050000000E+004, -1.093680E+000, -1.547709E+000
+9.49253190000000E+004, -1.093022E+000, -1.546495E+000
+9.56754340000000E+004, -1.115842E+000, -1.541386E+000
+9.64255490000000E+004, -1.105148E+000, -1.517649E+000
+9.71756630000000E+004, -1.089728E+000, -1.547817E+000
+9.79257780000000E+004, -1.118343E+000, -1.555756E+000
+9.86758920000000E+004, -1.135914E+000, -1.563837E+000
+9.94260070000000E+004, -1.187160E+000, -1.585824E+000
+1.00288238000000E+005, -1.304510E+000, -1.505498E+000
+1.01285657000000E+005, -1.319669E+000, -1.310594E+000
+1.02283076000000E+005, -1.248257E+000, -1.256137E+000
+1.03280495000000E+005, -1.208464E+000, -1.231078E+000
+1.04277914000000E+005, -1.173127E+000, -1.218069E+000
+1.05275333000000E+005, -1.161378E+000, -1.213739E+000
+1.06272752000000E+005, -1.152871E+000, -1.192548E+000
+1.07270171000000E+005, -1.131576E+000, -1.165674E+000
+1.08267590000000E+005, -1.107308E+000, -1.162566E+000
+1.09265009000000E+005, -1.091904E+000, -1.155917E+000
+1.10262428000000E+005, -1.078926E+000, -1.154459E+000
+1.11259847000000E+005, -1.064701E+000, -1.161324E+000
+1.12257266000000E+005, -1.147615E+000, -1.183194E+000
+1.13254685000000E+005, -1.173129E+000, -1.115081E+000
+1.14252104000000E+005, -1.149341E+000, -1.042553E+000
+1.15249523000000E+005, -1.111643E+000, -1.007396E+000
+1.16246942000000E+005, -1.080198E+000, -9.989638E-001
+1.17244360000000E+005, -1.064116E+000, -9.885482E-001
+1.18241779000000E+005, -1.045307E+000, -9.766483E-001
+1.19239198000000E+005, -1.028462E+000, -9.678837E-001
+1.20236617000000E+005, -1.001526E+000, -9.668463E-001
+1.21234036000000E+005, -9.851360E-001, -9.594936E-001
+1.22231455000000E+005, -9.784902E-001, -9.506218E-001
+1.23228874000000E+005, -9.666444E-001, -9.357443E-001
+1.24226293000000E+005, -9.488002E-001, -9.218685E-001
+1.25223712000000E+005, -9.275157E-001, -9.099434E-001
+1.26221131000000E+005, -8.972561E-001, -9.066426E-001
+1.27218550000000E+005, -8.700840E-001, -9.297733E-001
+1.28215969000000E+005, -8.701401E-001, -9.525721E-001
+1.29213388000000E+005, -8.823761E-001, -9.481429E-001
+1.30210807000000E+005, -8.800116E-001, -9.588001E-001
+1.31208226000000E+005, -9.031360E-001, -9.651713E-001
+1.32205645000000E+005, -9.240321E-001, -9.445244E-001
+1.33352143000000E+005, -9.281947E-001, -9.126434E-001
+1.34684407000000E+005, -9.218336E-001, -8.970137E-001
+1.36016671000000E+005, -9.246730E-001, -8.739294E-001
+1.37348934000000E+005, -9.172266E-001, -8.455468E-001
+1.38681198000000E+005, -9.051163E-001, -8.277407E-001
+1.40013462000000E+005, -8.940537E-001, -8.116202E-001
+1.41345726000000E+005, -8.845103E-001, -7.971224E-001
+1.42677989000000E+005, -8.743700E-001, -7.851518E-001
+1.44010253000000E+005, -8.640407E-001, -7.746787E-001
+1.45342517000000E+005, -8.559782E-001, -7.659553E-001
+1.46674781000000E+005, -8.502240E-001, -7.576870E-001
+1.48007044000000E+005, -8.463296E-001, -7.501391E-001
+1.49339308000000E+005, -8.492830E-001, -7.308937E-001
+1.50671572000000E+005, -8.395267E-001, -7.151715E-001
+1.52003836000000E+005, -8.331221E-001, -7.018643E-001
+1.53336099000000E+005, -8.233010E-001, -6.894670E-001
+1.54668363000000E+005, -8.158091E-001, -6.774883E-001
+1.56000627000000E+005, -8.081567E-001, -6.651872E-001
+1.57332891000000E+005, -7.981668E-001, -6.547886E-001
+1.58665154000000E+005, -7.869828E-001, -6.440468E-001
+1.59997418000000E+005, -7.782024E-001, -6.377641E-001
+1.61329682000000E+005, -7.705649E-001, -6.319991E-001
+1.62661946000000E+005, -7.638315E-001, -6.241643E-001
+1.63994209000000E+005, -7.575296E-001, -6.170180E-001
+1.65326473000000E+005, -7.505832E-001, -6.082138E-001
+1.66658737000000E+005, -7.428740E-001, -6.011537E-001
+1.67991001000000E+005, -7.356778E-001, -5.897579E-001
+1.69323264000000E+005, -7.263165E-001, -5.821908E-001
+1.70655528000000E+005, -7.168712E-001, -5.797592E-001
+1.71987792000000E+005, -7.127261E-001, -5.754634E-001
+1.73320056000000E+005, -7.077492E-001, -5.703403E-001
+1.74652319000000E+005, -7.017432E-001, -5.656720E-001
+1.75984583000000E+005, -6.972933E-001, -5.627097E-001
+1.77316847000000E+005, -6.918160E-001, -5.578413E-001
+1.78854553000000E+005, -6.869573E-001, -5.531951E-001
+1.80633355000000E+005, -6.861787E-001, -5.482799E-001
+1.82412157000000E+005, -6.830728E-001, -5.384902E-001
+1.84190959000000E+005, -6.772045E-001, -5.266405E-001
+1.85969761000000E+005, -6.699194E-001, -5.162488E-001
+1.87748563000000E+005, -6.594417E-001, -5.091070E-001
+1.89527366000000E+005, -6.518282E-001, -5.052313E-001
+1.91306168000000E+005, -6.471567E-001, -5.028719E-001
+1.93084970000000E+005, -6.448405E-001, -4.953567E-001
+1.94863772000000E+005, -6.403913E-001, -4.879620E-001
+1.96642574000000E+005, -6.343980E-001, -4.793496E-001
+1.98421376000000E+005, -6.282558E-001, -4.731468E-001
+2.00200178000000E+005, -6.217910E-001, -4.683713E-001
+2.01978980000000E+005, -6.150016E-001, -4.614737E-001
+2.03757782000000E+005, -6.052080E-001, -4.574654E-001
+2.05536584000000E+005, -5.973596E-001, -4.595135E-001
+2.07315387000000E+005, -5.951570E-001, -4.627334E-001
+2.09094189000000E+005, -6.022130E-001, -4.612091E-001
+2.10872991000000E+005, -6.015124E-001, -4.527541E-001
+2.12651793000000E+005, -6.035266E-001, -4.468059E-001
+2.14430595000000E+005, -6.024773E-001, -4.356247E-001
+2.16209397000000E+005, -5.945337E-001, -4.248272E-001
+2.17988199000000E+005, -5.858799E-001, -4.198373E-001
+2.19767001000000E+005, -5.795437E-001, -4.191143E-001
+2.21545803000000E+005, -5.762841E-001, -4.184937E-001
+2.23324605000000E+005, -5.733141E-001, -4.154989E-001
+2.25103407000000E+005, -5.722696E-001, -4.112975E-001
+2.26882210000000E+005, -5.711417E-001, -4.086258E-001
+2.28661012000000E+005, -5.733224E-001, -4.021133E-001
+2.30439814000000E+005, -5.718289E-001, -3.942070E-001
+2.32218616000000E+005, -5.618867E-001, -3.879150E-001
+2.33997418000000E+005, -5.591556E-001, -3.819651E-001
+2.35776220000000E+005, -5.553542E-001, -3.841342E-001
+2.37820890000000E+005, -5.571144E-001, -3.778817E-001
+2.40186143000000E+005, -5.519038E-001, -3.698295E-001
+2.42551396000000E+005, -5.470856E-001, -3.662679E-001
+2.44916649000000E+005, -5.446596E-001, -3.623930E-001
+2.47281903000000E+005, -5.421484E-001, -3.578885E-001
+2.49647156000000E+005, -5.401866E-001, -3.526642E-001
+2.52012409000000E+005, -5.378593E-001, -3.487430E-001
+2.54377662000000E+005, -5.366473E-001, -3.454751E-001
+2.56742915000000E+005, -5.350062E-001, -3.412479E-001
+2.59108168000000E+005, -5.342161E-001, -3.358634E-001
+2.61473422000000E+005, -5.321079E-001, -3.330466E-001
+2.63838675000000E+005, -5.322329E-001, -3.281696E-001
+2.66203928000000E+005, -5.298338E-001, -3.234615E-001
+2.68569181000000E+005, -5.290227E-001, -3.215007E-001
+2.70934434000000E+005, -5.318475E-001, -3.160093E-001
+2.73299687000000E+005, -5.305011E-001, -3.090264E-001
+2.75664941000000E+005, -5.309919E-001, -3.047135E-001
+2.78030194000000E+005, -5.315555E-001, -2.986136E-001
+2.80395447000000E+005, -5.303425E-001, -2.897456E-001
+2.82760700000000E+005, -5.259995E-001, -2.851289E-001
+2.85125953000000E+005, -5.248671E-001, -2.780166E-001
+2.87491206000000E+005, -5.190260E-001, -2.747588E-001
+2.89856459000000E+005, -5.167531E-001, -2.734091E-001
+2.92221713000000E+005, -5.169271E-001, -2.712895E-001
+2.94586966000000E+005, -5.187429E-001, -2.674215E-001
+2.96952219000000E+005, -5.167114E-001, -2.606388E-001
+2.99317472000000E+005, -5.145676E-001, -2.582038E-001
+3.01682725000000E+005, -5.130436E-001, -2.564435E-001
+3.04047978000000E+005, -5.145729E-001, -2.541333E-001
+3.06413232000000E+005, -5.148003E-001, -2.505917E-001
+3.08778485000000E+005, -5.146289E-001, -2.472541E-001
+3.11143738000000E+005, -5.152370E-001, -2.441017E-001
+3.13508991000000E+005, -5.160920E-001, -2.409286E-001
+3.16227766000000E+005, -5.173618E-001, -2.358010E-001
+3.19387061000000E+005, -5.185852E-001, -2.307745E-001
+3.22546356000000E+005, -5.190393E-001, -2.264253E-001
+3.25705652000000E+005, -5.212359E-001, -2.213395E-001
+3.28864947000000E+005, -5.224402E-001, -2.151990E-001
+3.32024242000000E+005, -5.234967E-001, -2.092631E-001
+3.35183537000000E+005, -5.259210E-001, -2.048521E-001
+3.38342832000000E+005, -5.275879E-001, -1.986668E-001
+3.41502128000000E+005, -5.291463E-001, -1.927443E-001
+3.44661423000000E+005, -5.306836E-001, -1.873109E-001
+3.47820718000000E+005, -5.331001E-001, -1.831050E-001
+3.50980013000000E+005, -5.368707E-001, -1.743830E-001
+3.54139309000000E+005, -5.393866E-001, -1.659911E-001
+3.57298604000000E+005, -5.379066E-001, -1.591422E-001
+3.60457899000000E+005, -5.383402E-001, -1.519635E-001
+3.63617194000000E+005, -5.397556E-001, -1.465835E-001
+3.66776489000000E+005, -5.421516E-001, -1.385789E-001
+3.69935785000000E+005, -5.418257E-001, -1.313468E-001
+3.73095080000000E+005, -5.428709E-001, -1.249975E-001
+3.76254375000000E+005, -5.436338E-001, -1.165665E-001
+3.79413670000000E+005, -5.426261E-001, -1.104877E-001
+3.82572965000000E+005, -5.462027E-001, -1.049306E-001
+3.85732261000000E+005, -5.499894E-001, -9.455927E-002
+3.88891556000000E+005, -5.403684E-001, -8.678396E-002
+3.92050851000000E+005, -5.427491E-001, -8.180566E-002
+3.95210146000000E+005, -5.428970E-001, -7.521928E-002
+3.98369442000000E+005, -5.415144E-001, -6.956974E-002
+4.01528737000000E+005, -5.489106E-001, -6.840899E-002
+4.04688032000000E+005, -5.500539E-001, -5.526768E-002
+4.07847327000000E+005, -5.502003E-001, -4.816794E-002
+4.11006622000000E+005, -5.494392E-001, -3.862530E-002
+4.14165918000000E+005, -5.485411E-001, -3.124025E-002
+4.17325213000000E+005, -5.492234E-001, -2.464479E-002
+4.20484508000000E+005, -5.500381E-001, -1.719845E-002
+4.24130984000000E+005, -5.496077E-001, -7.180471E-003
+4.28349189000000E+005, -5.491069E-001, +3.462681E-003
+4.32567393000000E+005, -5.481094E-001, +1.395508E-002
+4.36785598000000E+005, -5.481115E-001, +2.439890E-002
+4.41003802000000E+005, -5.476854E-001, +3.439139E-002
+4.45222007000000E+005, -5.462185E-001, +4.580313E-002
+4.49440211000000E+005, -5.451981E-001, +5.680650E-002
+4.53658416000000E+005, -5.427396E-001, +6.756863E-002
+4.57876620000000E+005, -5.410303E-001, +7.810001E-002
+4.62094825000000E+005, -5.397243E-001, +8.881362E-002
+4.66313029000000E+005, -5.375570E-001, +9.950691E-002
+4.70531234000000E+005, -5.353546E-001, +1.104990E-001
+4.74749438000000E+005, -5.326573E-001, +1.216002E-001
+4.78967643000000E+005, -5.307549E-001, +1.324400E-001
+4.83185847000000E+005, -5.263943E-001, +1.427246E-001
+4.87404052000000E+005, -5.236154E-001, +1.536883E-001
+4.91622256000000E+005, -5.192055E-001, +1.651681E-001
+4.95840461000000E+005, -5.153013E-001, +1.740278E-001
+5.00058665000000E+005, -5.125164E-001, +1.858324E-001
+5.04276870000000E+005, -5.087328E-001, +1.964259E-001
+5.08495074000000E+005, -5.055557E-001, +2.067534E-001
+5.12713279000000E+005, -5.005357E-001, +2.192954E-001
+5.16931483000000E+005, -4.946941E-001, +2.305522E-001
+5.21149688000000E+005, -4.869022E-001, +2.406988E-001
+5.25367892000000E+005, -4.876062E-001, +2.491628E-001
+5.29586097000000E+005, -4.830401E-001, +2.553880E-001
+5.33804301000000E+005, -4.676478E-001, +2.768272E-001
+5.38022506000000E+005, -4.623578E-001, +2.777757E-001
+5.42240710000000E+005, -4.569460E-001, +2.918498E-001
+5.46458915000000E+005, -4.501078E-001, +2.976021E-001
+5.50677119000000E+005, -4.446673E-001, +3.076431E-001
+5.54895324000000E+005, -4.386380E-001, +3.178518E-001
+5.59113528000000E+005, -4.307663E-001, +3.264096E-001
+5.63962205000000E+005, -4.207810E-001, +3.394741E-001
+5.69571104000000E+005, -4.104557E-001, +3.492657E-001
+5.75180003000000E+005, -4.030324E-001, +3.605503E-001
+5.80788902000000E+005, -3.895299E-001, +3.737022E-001
+5.86397802000000E+005, -3.801355E-001, +3.842025E-001
+5.92006701000000E+005, -3.677426E-001, +3.956127E-001
+5.97615600000000E+005, -3.566000E-001, +4.066086E-001
+6.03224499000000E+005, -3.442261E-001, +4.159968E-001
+6.08833398000000E+005, -3.324659E-001, +4.259210E-001
+6.14442297000000E+005, -3.195466E-001, +4.358957E-001
+6.20051196000000E+005, -3.069491E-001, +4.451208E-001
+6.25660095000000E+005, -2.931885E-001, +4.547254E-001
+6.31268995000000E+005, -2.784798E-001, +4.618422E-001
+6.36877894000000E+005, -2.650546E-001, +4.702893E-001
+6.42486793000000E+005, -2.520983E-001, +4.786394E-001
+6.48095692000000E+005, -2.374667E-001, +4.860866E-001
+6.53704591000000E+005, -2.230424E-001, +4.921741E-001
+6.59313490000000E+005, -2.089025E-001, +5.010213E-001
+6.64922389000000E+005, -1.928644E-001, +5.067222E-001
+6.70531288000000E+005, -1.770557E-001, +5.114954E-001
+6.76140188000000E+005, -1.589605E-001, +5.147431E-001
+6.81749087000000E+005, -1.456530E-001, +5.176868E-001
+6.87357986000000E+005, -1.302545E-001, +5.224580E-001
+6.92966885000000E+005, -1.732220E-001, +4.770603E-001
+6.98575784000000E+005, -1.023972E-001, +5.392428E-001
+7.04184683000000E+005, -8.201498E-002, +5.359618E-001
+7.09793582000000E+005, -6.511351E-002, +5.355368E-001
+7.15402481000000E+005, -4.896810E-002, +5.356537E-001
+7.21011381000000E+005, -3.327590E-002, +5.340640E-001
+7.26620280000000E+005, -1.602910E-002, +5.328552E-001
+7.32229179000000E+005, -1.736828E-003, +5.269570E-001
+7.37838078000000E+005, +1.543456E-002, +5.226064E-001
+7.43446977000000E+005, +2.811642E-002, +5.109706E-001
+7.49894209000000E+005, +4.074544E-002, +4.843962E-001
+7.57386079000000E+005, +4.774758E-002, +4.816553E-001
+7.64877948000000E+005, -2.055446E-001, +4.090768E-001
+7.72369818000000E+005, +9.011921E-002, +6.671500E-001
+7.79861688000000E+005, +6.450913E-002, +7.263550E-001
+7.87353557000000E+005, +1.830525E-001, +6.763860E-001
+7.94845427000000E+005, +2.132576E-001, +6.197286E-001
+8.02337296000000E+005, +2.388818E-001, +6.049839E-001
+8.09829166000000E+005, +2.652011E-001, +5.940021E-001
+8.17321036000000E+005, +2.944116E-001, +5.744780E-001
+8.24812905000000E+005, +3.150755E-001, +5.578058E-001
+8.32304775000000E+005, +3.434534E-001, +5.477124E-001
+8.39796645000000E+005, +3.713541E-001, +5.289050E-001
+8.47288514000000E+005, +4.024495E-001, +5.170472E-001
+8.54780384000000E+005, +4.249122E-001, +4.953924E-001
+8.62272254000000E+005, +4.520666E-001, +4.863128E-001
+8.69764123000000E+005, +4.819860E-001, +4.636070E-001
+8.77255993000000E+005, +5.041139E-001, +4.389348E-001
+8.84747862000000E+005, +5.313663E-001, +4.154788E-001
+8.92239732000000E+005, +5.519520E-001, +3.952720E-001
+8.99731602000000E+005, +5.688059E-001, +3.740777E-001
+9.07223471000000E+005, +6.175964E-001, +3.542190E-001
+9.14715341000000E+005, +6.320898E-001, +3.175365E-001
+9.22207211000000E+005, +6.530344E-001, +2.871665E-001
+9.29699080000000E+005, +6.735480E-001, +2.557951E-001
+9.37190950000000E+005, +6.940258E-001, +2.224706E-001
+9.44682820000000E+005, +7.142283E-001, +1.858459E-001
+9.52174689000000E+005, +7.329723E-001, +1.473363E-001
+9.59666559000000E+005, +7.499177E-001, +1.065813E-001
+9.67158428000000E+005, +7.628680E-001, +6.151751E-002
+9.74650298000000E+005, +7.743961E-001, +1.912202E-002
+9.82142168000000E+005, +7.853680E-001, -2.815259E-002
+9.89634037000000E+005, +7.924693E-001, -7.783668E-002
+9.97125907000000E+005, +7.988257E-001, -1.289247E-001
+1.00577306300000E+006, +7.985221E-001, -1.939930E-001
+1.01577600200000E+006, +7.833939E-001, -2.716035E-001
+1.02577894100000E+006, +7.712600E-001, -3.497317E-001
+1.03578188100000E+006, +7.454535E-001, -4.280080E-001
+1.04578482000000E+006, +6.962270E-001, -4.998634E-001
+1.05578775900000E+006, +6.527584E-001, -5.894744E-001
+1.06579069800000E+006, +5.886632E-001, -6.529248E-001
+1.07579363800000E+006, +5.100951E-001, -7.247148E-001
+1.08579657700000E+006, +4.163443E-001, -7.725075E-001
+1.09579951600000E+006, +3.189076E-001, -8.027488E-001
+1.10580245500000E+006, +2.198909E-001, -8.140229E-001
+1.11580539400000E+006, +1.245766E-001, -8.129898E-001
+1.12580833400000E+006, +3.414904E-002, -7.978028E-001
+1.13581127300000E+006, -4.874548E-002, -7.692409E-001
+1.14581421200000E+006, -1.214480E-001, -7.381690E-001
+1.15581715100000E+006, -1.884073E-001, -6.919280E-001
+1.16582009100000E+006, -2.486006E-001, -6.494918E-001
+1.17582303000000E+006, -2.965257E-001, -5.961798E-001
+1.18582596900000E+006, -3.387041E-001, -5.440163E-001
+1.19582890800000E+006, -3.712867E-001, -4.869699E-001
+1.20583184700000E+006, -3.947841E-001, -4.330554E-001
+1.21583478700000E+006, -4.127661E-001, -3.776755E-001
+1.22583772600000E+006, -4.259292E-001, -3.261810E-001
+1.23584066500000E+006, -4.295700E-001, -2.772879E-001
+1.24584360400000E+006, -4.295384E-001, -2.311135E-001
+1.25584654300000E+006, -4.289021E-001, -1.873818E-001
+1.26584948300000E+006, -4.220759E-001, -1.467559E-001
+1.27585242200000E+006, -4.127527E-001, -1.043816E-001
+1.28585536100000E+006, -4.001620E-001, -7.163879E-002
+1.29585830000000E+006, -3.824657E-001, -4.221820E-002
+1.30586124000000E+006, -3.675110E-001, -1.683441E-002
+1.31586417900000E+006, -4.347405E-001, -5.879632E-002
+1.32586711800000E+006, -3.423357E-001, +3.637668E-002
+1.33736514400000E+006, -3.198643E-001, +5.759557E-002
+1.35066594000000E+006, -2.956554E-001, +6.597307E-002
+1.36396673600000E+006, -2.871384E-001, +9.873636E-002
+1.37726753200000E+006, -2.549046E-001, +1.220518E-001
+1.39056832800000E+006, -2.341530E-001, +1.422364E-001
+1.40386912400000E+006, -2.081731E-001, +1.500075E-001
+1.41716991900000E+006, -1.764851E-001, +1.568325E-001
+1.43047071500000E+006, -1.598714E-001, +1.584454E-001
+1.44377151100000E+006, -1.394706E-001, +1.633000E-001
+1.45707230700000E+006, -1.144928E-001, +1.667501E-001
+1.47037310300000E+006, -9.827311E-002, +1.693920E-001
+1.48367389900000E+006, -7.919538E-002, +1.673537E-001
+1.49697469500000E+006, -6.000340E-002, +1.653339E-001
+1.51027549100000E+006, -4.464196E-002, +1.641451E-001
+1.52357628700000E+006, -2.626611E-002, +1.600268E-001
+1.53687708300000E+006, -7.184656E-003, +1.541643E-001
+1.55017787900000E+006, +9.294948E-003, +1.476627E-001
+1.56347867400000E+006, +1.998791E-002, +1.398795E-001
+1.57677947000000E+006, +3.558378E-002, +1.290465E-001
+1.59008026600000E+006, +4.829372E-002, +1.185073E-001
+1.60338106200000E+006, +5.878980E-002, +1.050490E-001
+1.61668185800000E+006, +6.935011E-002, +8.742794E-002
+1.62998265400000E+006, +7.556748E-002, +6.657069E-002
+1.64328345000000E+006, +7.249753E-002, +4.399441E-002
+1.65658424600000E+006, +5.809040E-002, +2.759730E-002
+1.66988504200000E+006, +4.302039E-002, +2.989898E-002
+1.68318583800000E+006, +3.745865E-002, +6.265069E-002
+1.69648663300000E+006, +2.133430E-001, -1.610199E-001
+1.70978742900000E+006, +1.901907E-002, -2.407712E-002
+1.72308822500000E+006, +7.727781E-003, +1.116865E-003
+1.73638902100000E+006, +1.072918E-002, +1.667999E-002
+1.74968981700000E+006, +8.400954E-003, +1.230817E-002
+1.76299061300000E+006, +1.066264E-002, +1.516501E-002
+1.77827941000000E+006, +1.370544E-002, +1.771015E-002
+1.79604543300000E+006, +8.923046E-003, +1.547116E-002
+1.81381145500000E+006, +9.917112E-003, +1.858126E-002
+1.83157747800000E+006, +2.261161E-002, +1.763211E-002
+1.84934350100000E+006, +2.450824E-002, +1.513784E-002
+1.86710952300000E+006, +2.281476E-002, +1.374971E-002
+1.88487554600000E+006, +2.388096E-002, +1.019622E-002
+1.90264156800000E+006, +2.305487E-002, +7.896634E-003
+1.92040759100000E+006, +2.218097E-002, +5.023722E-003
+1.93817361400000E+006, +2.164087E-002, +2.558350E-003
+1.95593963600000E+006, +2.015397E-002, +1.115199E-003
+1.97370565900000E+006, +1.895488E-002, -4.372374E-004
+1.99147168200000E+006, +1.755394E-002, -2.162880E-003
+2.00923770400000E+006, +1.627362E-002, -3.300007E-003
+2.02700372700000E+006, +1.450602E-002, -4.489004E-003
+2.04476975000000E+006, +1.317030E-002, -4.720036E-003
+2.06253577200000E+006, +1.166733E-002, -5.066209E-003
+2.08030179500000E+006, +1.021261E-002, -5.477121E-003
+2.09806781700000E+006, +8.971430E-003, -5.582538E-003
+2.11583384000000E+006, +7.630977E-003, -5.645420E-003
+2.13359986300000E+006, +6.682555E-003, -5.405085E-003
+2.15136588500000E+006, +5.796709E-003, -4.924112E-003
+2.16913190800000E+006, +4.873725E-003, -4.442054E-003
+2.18689793100000E+006, +4.252526E-003, -4.030985E-003
+2.20466395300000E+006, +3.920308E-003, -3.375641E-003
+2.22242997600000E+006, +3.012972E-003, -2.870012E-003
+2.24019599900000E+006, +3.125399E-003, -1.179040E-003
+2.25796202100000E+006, +3.298025E-003, -2.023370E-003
+2.27572804400000E+006, +3.132389E-003, -1.343149E-003
+2.29349406600000E+006, +2.976528E-003, -7.508936E-004
+2.31126008900000E+006, +2.956826E-003, -2.133323E-004
+2.32902611200000E+006, +3.245977E-003, +1.032954E-004
+2.34679213400000E+006, +3.647476E-003, +3.640229E-004
+2.36455815700000E+006, +4.038046E-003, -1.812241E-005
+2.38506379500000E+006, +3.925696E-003, +1.067843E-003
+2.40878450200000E+006, +4.673080E-003, +1.081701E-003
+2.43250520900000E+006, +4.794888E-003, +9.836904E-004
+2.45622591600000E+006, +4.248882E-003, +9.558412E-004
+2.47994662300000E+006, +1.320863E-002, +2.813033E-003
+2.50366733000000E+006, +9.358809E-003, +2.559297E-004
+2.52738803700000E+006, +9.617925E-003, -3.714436E-004
+2.55110874400000E+006, +1.001240E-002, -1.221600E-003
+2.57482945100000E+006, +1.041950E-002, -2.259557E-003
+2.59855015800000E+006, +1.057413E-002, -3.644614E-003
+2.62227086500000E+006, +1.083003E-002, -4.841696E-003
+2.64599157200000E+006, +1.077580E-002, -6.268027E-003
+2.66971227900000E+006, +1.055630E-002, -7.502411E-003
+2.69343298600000E+006, +1.012521E-002, -8.775018E-003
+2.71715369300000E+006, +9.639369E-003, -1.038657E-002
+2.74087440000000E+006, +9.620267E-003, -1.438719E-002
+2.76459510800000E+006, +7.093352E-003, -1.155309E-002
+2.78831581500000E+006, +5.821102E-003, -1.305691E-002
+2.81203652200000E+006, +4.856032E-003, -1.409306E-002
+2.83575722900000E+006, +3.086849E-003, -1.513824E-002
+2.85947793600000E+006, +1.399704E-003, -1.538208E-002
+2.88319864300000E+006, -4.448270E-004, -1.606752E-002
+2.90691935000000E+006, -2.222982E-003, -1.640221E-002
+2.93064005700000E+006, -4.345919E-003, -1.634423E-002
+2.95436076400000E+006, -6.333138E-003, -1.595196E-002
+2.97808147100000E+006, -8.346652E-003, -1.544862E-002
+3.00180217800000E+006, -1.074558E-002, -1.423738E-002
+3.02552288500000E+006, -1.245501E-002, -1.330502E-002
+3.04924359200000E+006, -1.451926E-002, -1.169703E-002
+3.07296429900000E+006, -1.637010E-002, -1.021317E-002
+3.09668500600000E+006, -1.812525E-002, -7.846625E-003
+3.12040571300000E+006, -1.977113E-002, -5.270652E-003
+3.14412642000000E+006, -1.783557E-002, -1.939793E-003
+3.17139253800000E+006, -2.027286E-002, +9.994309E-004
+3.20293369600000E+006, -2.036865E-002, +4.747461E-003
+3.23447485300000E+006, -2.008990E-002, +9.147744E-003
+3.26601601100000E+006, -1.884311E-002, +1.372417E-002
+3.29755716900000E+006, -1.592104E-002, +1.684516E-002
+3.32909832600000E+006, -1.259324E-002, +2.010259E-002
+3.36063948400000E+006, -1.058904E-002, +2.366120E-002
+3.39218064200000E+006, -4.408961E-003, +2.565490E-002
+3.42372180000000E+006, +9.720785E-004, +2.637134E-002
+3.45526295700000E+006, +1.016058E-003, +3.136493E-002
+3.48680411500000E+006, +1.250454E-002, +2.714588E-002
+3.51834527300000E+006, +1.817099E-002, +2.446082E-002
+3.54988643000000E+006, +2.262905E-002, +2.055275E-002
+3.58142758800000E+006, +2.685163E-002, +1.585480E-002
+3.61296874600000E+006, +2.956383E-002, +1.058333E-002
+3.64450990300000E+006, +3.108933E-002, +4.488484E-003
+3.67605106100000E+006, +3.125767E-002, -1.984328E-003
+3.70759221900000E+006, +2.992673E-002, -7.390364E-003
+3.73913337600000E+006, +2.754859E-002, -1.279220E-002
+3.77067453400000E+006, +2.457719E-002, -1.716258E-002
+3.80221569200000E+006, +2.018487E-002, -2.092919E-002
+3.83375684900000E+006, +1.550180E-002, -2.347787E-002
+3.86529800700000E+006, +1.084475E-002, -2.349704E-002
+3.89683916500000E+006, +5.932217E-003, -2.543729E-002
+3.92838032300000E+006, +1.159396E-003, -2.443648E-002
+3.95992148000000E+006, -3.001903E-003, -2.310006E-002
+3.99146263800000E+006, -6.606599E-003, -2.100451E-002
+4.02300379600000E+006, -9.684628E-003, -1.820128E-002
+4.05454495300000E+006, -1.178647E-002, -1.515904E-002
+4.08608611100000E+006, -1.380312E-002, -1.174970E-002
+4.11762726900000E+006, -1.474060E-002, -9.136879E-003
+4.14916842600000E+006, -1.414241E-002, -5.347006E-003
+4.18070958400000E+006, -1.418262E-002, -2.275881E-003
+4.21696503400000E+006, -5.953661E-003, -5.056566E-004
+4.25909491300000E+006, -8.546420E-003, +1.233571E-003
+4.30122479200000E+006, -7.345307E-003, +2.706660E-003
+4.34335467100000E+006, -5.927476E-003, +3.911575E-003
+4.38548455000000E+006, -4.033818E-003, +4.427126E-003
+4.42761442900000E+006, -2.770919E-003, +4.356708E-003
+4.46974430700000E+006, -1.528853E-003, +4.364301E-003
+4.51187418600000E+006, -7.886445E-004, +3.671936E-003
+4.55400406500000E+006, -2.803147E-004, +3.118911E-003
+4.59613394400000E+006, -2.004030E-004, +2.785620E-003
+4.63826382300000E+006, +6.744309E-004, +2.948901E-003
+4.68039370200000E+006, +1.367948E-004, +2.353491E-003
+4.72252358100000E+006, -2.853616E-005, +2.160929E-003
+4.76465346000000E+006, -4.003810E-004, +2.294789E-003
+4.80678333900000E+006, -3.364138E-004, +2.357260E-003
+4.84891321800000E+006, -5.068834E-004, +2.822403E-003
+4.89104309700000E+006, -5.355214E-004, +3.284039E-003
+4.93317297500000E+006, -3.642381E-005, +4.100197E-003
+4.97530285400000E+006, -1.476993E-004, +3.918963E-003
+5.01743273300000E+006, -9.917626E-005, +4.341053E-003
+5.05956261200000E+006, +1.258856E-004, +4.917998E-003
+5.10169249100000E+006, +4.060358E-004, +5.390862E-003
+5.14382237000000E+006, +1.012910E-003, +5.901588E-003
+5.18595224900000E+006, +1.515640E-003, +6.433676E-003
+5.22808212800000E+006, +2.144674E-003, +6.505412E-003
+5.27021200700000E+006, +2.871381E-003, +6.712006E-003
+5.31234188600000E+006, +3.303194E-003, +7.087139E-003
+5.35447176500000E+006, +4.564258E-003, +6.888807E-003
+5.39660164300000E+006, +5.517295E-003, +6.720031E-003
+5.43873152200000E+006, +8.409159E-003, +5.507655E-003
+5.48086140100000E+006, +6.652988E-003, +5.243390E-003
+5.52299128000000E+006, +7.073390E-003, +5.008788E-003
+5.56512115900000E+006, +7.401508E-003, +4.453363E-003
+5.60725103800000E+006, +7.466349E-003, +4.029400E-003
+5.65587757100000E+006, +7.768165E-003, +3.574953E-003
+5.71212823200000E+006, +7.607637E-003, +2.682870E-003
+5.76837889300000E+006, +7.746349E-003, +2.153297E-003
+5.82462955400000E+006, +7.320940E-003, +1.657882E-003
+5.88088021500000E+006, +6.976984E-003, +1.296576E-003
+5.93713087600000E+006, +6.630903E-003, +1.004124E-003
+5.99338153600000E+006, +6.113202E-003, +7.938434E-004
+6.04963219700000E+006, +6.187685E-003, +9.340011E-004
+6.10588285800000E+006, +5.792402E-003, +1.035632E-003
+6.16213351900000E+006, +5.652959E-003, +8.764827E-004
+6.21838418000000E+006, +5.567777E-003, +9.615600E-004
+6.27463484100000E+006, +5.144516E-003, +7.974817E-004
+6.33088550200000E+006, +5.028537E-003, +9.640097E-004
+6.38713616300000E+006, +4.894285E-003, +9.850495E-004
+6.44338682400000E+006, +4.686208E-003, +1.100747E-003
+6.49963748500000E+006, +4.470360E-003, +1.146756E-003
+6.55588814600000E+006, +4.224447E-003, +1.131622E-003
+6.61213880600000E+006, +4.027142E-003, +1.238625E-003
+6.66838946700000E+006, +3.785929E-003, +1.508246E-003
+6.72464012800000E+006, +3.528685E-003, +1.643101E-003
+6.78089078900000E+006, +3.436950E-003, +2.076467E-003
+6.83714145000000E+006, +3.158380E-003, +2.210723E-003
+6.89339211100000E+006, +3.091152E-003, +2.666885E-003
+6.94964277200000E+006, +2.884449E-003, +2.971315E-003
+7.00589343300000E+006, +3.072866E-003, +3.243843E-003
+7.06214409400000E+006, +2.775835E-003, +3.481226E-003
+7.11839475500000E+006, +2.978792E-003, +3.845588E-003
+7.17464541500000E+006, +3.056403E-003, +4.136139E-003
+7.23089607600000E+006, +3.058009E-003, +4.513527E-003
+7.28714673700000E+006, +2.998949E-003, +4.675002E-003
+7.34339739800000E+006, +3.315655E-003, +4.943442E-003
+7.39964805900000E+006, +3.188899E-003, +5.340911E-003
+7.45589872000000E+006, +3.325630E-003, +5.452835E-003
+7.52055687500000E+006, +3.365556E-003, +5.745868E-003
+7.59569151500000E+006, +3.494082E-003, +6.153952E-003
+7.67082615500000E+006, +3.536986E-003, +6.327366E-003
+7.74596079500000E+006, +3.624058E-003, +6.518071E-003
+7.82109543600000E+006, +3.570484E-003, +6.617905E-003
+7.89623007600000E+006, +3.421541E-003, +6.956201E-003
+7.97136471600000E+006, +3.466065E-003, +7.234524E-003
+8.04649935600000E+006, +3.526110E-003, +7.777808E-003
+8.12163399600000E+006, +3.467652E-003, +7.978306E-003
+8.19676863600000E+006, +3.405064E-003, +8.236891E-003
+8.27190327700000E+006, +3.362115E-003, +8.408893E-003
+8.34703791700000E+006, +3.414843E-003, +9.003754E-003
+8.42217255700000E+006, +3.259744E-003, +9.539664E-003
+8.49730719700000E+006, +3.259974E-003, +9.635085E-003
+8.57244183700000E+006, +3.069359E-003, +1.004767E-002
+8.64757647700000E+006, +3.165479E-003, +1.048281E-002
+8.72271111700000E+006, +3.209340E-003, +1.071918E-002
+8.79784575800000E+006, +3.170747E-003, +1.146300E-002
+8.87298039800000E+006, +3.205417E-003, +1.192972E-002
+8.94811503800000E+006, +3.178029E-003, +1.220578E-002
+9.02324967800000E+006, +3.268093E-003, +1.254928E-002
+9.09838431800000E+006, +3.009251E-003, +1.326493E-002
+9.17351895800000E+006, +3.017076E-003, +1.378271E-002
+9.24865359800000E+006, +3.172353E-003, +1.427484E-002
+9.32378823900000E+006, +2.942816E-003, +1.475912E-002
+9.39892287900000E+006, +2.752017E-003, +1.510840E-002
+9.47405751900000E+006, +2.790371E-003, +1.593523E-002
+9.54919215900000E+006, +2.899135E-003, +1.680216E-002
+9.62432679900000E+006, +3.493680E-003, +1.750790E-002
+9.69946143900000E+006, +3.941968E-003, +1.752925E-002
+9.77459608000000E+006, +3.593905E-003, +1.791949E-002
+9.84973072000000E+006, +3.488615E-003, +1.852603E-002
+9.92486536000000E+006, +3.454129E-003, +1.924510E-002
+1.00000000000000E+007, +3.453551E-003, +2.000956E-002
