+5.00000000000000E+003, -9.411012E+001, -6.484038E+001
+5.05469500000000E+003, -6.529047E+001, -3.383096E+001
+5.10939000000000E+003, -8.727612E+001, -1.930070E+000
+5.16408600000000E+003, -8.657589E+001, -4.284407E+001
+5.21878100000000E+003, -6.559496E+001, -6.101213E+001
+5.27347600000000E+003, -9.952728E+001, -2.984412E+001
+5.32817100000000E+003, -2.642788E+002, -1.211959E+002
+5.38286600000000E+003, -8.758442E+001, -1.761768E+001
+5.43756200000000E+003, -1.261012E+002, -3.468577E+001
+5.49225700000000E+003, -1.707493E+002, +7.154458E+001
+5.54695200000000E+003, -9.211704E+001, -6.096298E+001
+5.60164700000000E+003, -1.028318E+002, -2.961152E+001
+5.65634200000000E+003, -2.798465E+001, -1.250747E+001
+5.71103800000000E+003, -9.289743E+001, -2.897696E+001
+5.76573300000000E+003, -5.971050E+001, -2.734542E+001
+5.82042800000000E+003, -1.424124E+002, +4.687075E+001
+5.87512300000000E+003, -9.805253E+001, -3.842610E+001
+5.92981900000000E+003, -9.277509E+001, -3.539037E+001
+5.98451400000000E+003, -1.591838E+002, -4.826144E+001
+6.03920900000000E+003, -8.259579E+001, -4.904420E+001
+6.09390400000000E+003, -1.012375E+002, -3.150208E+001
+6.14859900000000E+003, -1.014428E+002, -1.230100E+001
+6.20329500000000E+003, -1.119591E+002, -7.558084E+000
+6.25799000000000E+003, -9.793209E+001, -3.381745E+001
+6.31268500000000E+003, -7.202303E+001, +1.573817E+001
+6.36738000000000E+003, -7.182352E+001, -3.862416E+001
+6.42207500000000E+003, -1.007272E+002, +2.248322E-001
+6.47677100000000E+003, -9.740206E+001, -2.724230E+001
+6.53146600000000E+003, -8.663105E+001, -1.667990E+000
+6.58616100000000E+003, -8.668871E+001, -2.248272E+001
+6.64903500000000E+003, -1.051837E+002, -6.927425E+001
+6.72176900000000E+003, -1.096323E+002, -3.999877E+001
+6.79450300000000E+003, -7.673094E+001, -5.760872E+000
+6.86723700000000E+003, -9.257562E+001, -1.882895E+001
+6.93997100000000E+003, -8.540270E+001, -1.260731E+001
+7.01270500000000E+003, -1.258110E+002, -5.783041E+001
+7.08543900000000E+003, -6.714346E+001, -1.126784E+001
+7.15817300000000E+003, -1.038151E+002, -3.168266E+001
+7.23090800000000E+003, -9.667116E+001, -2.305816E+001
+7.30364200000000E+003, -9.304329E+001, +3.029960E+001
+7.37637600000000E+003, -4.063715E+001, -3.016432E+001
+7.44911000000000E+003, -7.952087E+001, -4.238531E+000
+7.52184400000000E+003, -7.708390E+001, -2.011642E+001
+7.59457800000000E+003, -5.770728E+001, -1.782001E+001
+7.66731200000000E+003, -8.383005E+001, -2.519360E+001
+7.74004600000000E+003, -7.959982E+001, -1.805412E+001
+7.81278000000000E+003, -6.384071E+001, -2.532492E+001
+7.88551400000000E+003, -8.213986E+001, +8.773502E+000
+7.95824800000000E+003, -6.592283E+001, +4.704769E+000
+8.03098200000000E+003, -8.307034E+001, -1.669758E+000
+8.10371600000000E+003, -7.360535E+001, -5.331366E+000
+8.17645000000000E+003, -6.441045E+001, -1.638948E+001
+8.24918500000000E+003, -6.594992E+001, -1.067585E+001
+8.32191900000000E+003, -7.819832E+001, +9.298121E-001
+8.39465300000000E+003, -5.970370E+001, -7.501969E-001
+8.46738700000000E+003, -7.590401E+001, -8.296646E+000
+8.54012100000000E+003, -5.891591E+001, -9.152044E-001
+8.61285500000000E+003, -6.310328E+001, -1.201635E+000
+8.68558900000000E+003, -8.353809E+001, -1.247856E+001
+8.75832300000000E+003, -7.712163E+001, +1.509436E+000
+8.84193400000000E+003, -6.922469E+001, +1.503362E+000
+8.93817700000000E+003, -6.165277E+001, +3.482262E-001
+9.03442100000000E+003, -5.508710E+001, +7.770205E-001
+9.13066400000000E+003, -7.204404E+001, -3.489105E+000
+9.22690700000000E+003, -5.817484E+001, -6.305498E+000
+9.32315000000000E+003, -5.240749E+001, +6.140149E-001
+9.41939400000000E+003, -5.761009E+001, +3.201903E+000
+9.51563700000000E+003, -6.329553E+001, -8.871566E+000
+9.61188000000000E+003, -5.954544E+001, +1.602494E+001
+9.70812300000000E+003, -5.331539E+001, +6.090278E+000
+9.80436700000000E+003, -4.970752E+001, +4.846886E+000
+9.90061000000000E+003, -5.765335E+001, +1.121911E+000
+9.99685300000000E+003, -5.532216E+001, +1.904183E+000
+1.00930960000000E+004, -5.172389E+001, +6.225270E+000
+1.01893400000000E+004, -4.759917E+001, +4.145876E+000
+1.02855830000000E+004, -5.018366E+001, +2.565028E+000
+1.03818260000000E+004, -5.110350E+001, +1.227400E+001
+1.04780690000000E+004, -4.489095E+001, +3.664894E+000
+1.05743130000000E+004, -4.632836E+001, +9.834752E-001
+1.06705560000000E+004, -5.366724E+001, +4.812464E+000
+1.07667990000000E+004, -4.473941E+001, +7.088583E+000
+1.08630420000000E+004, -4.592223E+001, +1.290253E+001
+1.09592860000000E+004, -4.340744E+001, +1.264908E+001
+1.10555290000000E+004, -4.624184E+001, +5.117003E+000
+1.11517720000000E+004, -4.340816E+001, +8.263077E+000
+1.12480150000000E+004, -4.084954E+001, +6.138558E+000
+1.13442590000000E+004, -4.160340E+001, +1.061742E+001
+1.14405020000000E+004, -3.809388E+001, +6.256913E+000
+1.15367450000000E+004, -3.576170E+001, +4.277358E+000
+1.16468800000000E+004, -3.796689E+001, +3.916483E+000
+1.17742860000000E+004, -3.864230E+001, +6.978806E+000
+1.19016910000000E+004, -3.693584E+001, +7.602245E+000
+1.20290970000000E+004, -3.469014E+001, +6.608526E+000
+1.21565030000000E+004, -3.275064E+001, +6.847872E+000
+1.22839080000000E+004, -3.374414E+001, +6.680101E+000
+1.24113140000000E+004, -3.295635E+001, +7.745516E+000
+1.25387200000000E+004, -3.244192E+001, +5.811843E+000
+1.26661260000000E+004, -2.984175E+001, +7.770611E+000
+1.27935310000000E+004, -3.097885E+001, +6.638942E+000
+1.29209370000000E+004, -2.999028E+001, +6.077620E+000
+1.30483430000000E+004, -2.961827E+001, +7.487485E+000
+1.31757480000000E+004, -2.854627E+001, +5.743789E+000
+1.33031540000000E+004, -2.820249E+001, +6.670294E+000
+1.34305600000000E+004, -2.634355E+001, +6.635059E+000
+1.35579650000000E+004, -2.597361E+001, +6.859322E+000
+1.36853710000000E+004, -2.563999E+001, +7.599182E+000
+1.38127770000000E+004, -2.415937E+001, +5.008822E+000
+1.39401820000000E+004, -2.395107E+001, +6.965009E+000
+1.40675880000000E+004, -2.318611E+001, +5.568251E+000
+1.41949940000000E+004, -2.286593E+001, +6.268708E+000
+1.43223990000000E+004, -2.180388E+001, +5.583242E+000
+1.44498050000000E+004, -2.153499E+001, +5.986246E+000
+1.45772110000000E+004, -2.042810E+001, +5.771226E+000
+1.47046170000000E+004, -2.065842E+001, +5.214522E+000
+1.48320220000000E+004, -1.987363E+001, +5.728912E+000
+1.49594280000000E+004, -1.929993E+001, +6.120286E+000
+1.50868340000000E+004, -1.973749E+001, +4.980667E+000
+1.52142390000000E+004, -1.872764E+001, +5.526070E+000
+1.53416450000000E+004, -1.789523E+001, +5.156477E+000
+1.54881030000000E+004, -1.726421E+001, +5.403074E+000
+1.56575280000000E+004, -1.761363E+001, +4.901295E+000
+1.58269530000000E+004, -1.717317E+001, +5.519114E+000
+1.59963780000000E+004, -1.616031E+001, +4.793952E+000
+1.61658030000000E+004, -1.549238E+001, +4.357687E+000
+1.63352280000000E+004, -1.524874E+001, +4.412302E+000
+1.65046530000000E+004, -1.471623E+001, +4.393549E+000
+1.66740780000000E+004, -1.453894E+001, +4.930665E+000
+1.68435030000000E+004, -1.433548E+001, +4.047565E+000
+1.70129280000000E+004, -1.433940E+001, +4.180683E+000
+1.71823530000000E+004, -1.325910E+001, +4.616045E+000
+1.73517780000000E+004, -1.345272E+001, +3.813590E+000
+1.75212030000000E+004, -1.286143E+001, +4.401600E+000
+1.76906280000000E+004, -1.210013E+001, +3.785003E+000
+1.78600530000000E+004, -1.215094E+001, +3.863654E+000
+1.80294770000000E+004, -1.160727E+001, +3.869758E+000
+1.81989020000000E+004, -1.183628E+001, +3.680086E+000
+1.83683270000000E+004, -1.116231E+001, +3.691243E+000
+1.85377520000000E+004, -1.074840E+001, +3.631708E+000
+1.87071770000000E+004, -1.037705E+001, +3.534589E+000
+1.88766020000000E+004, -9.722698E+000, +3.210047E+000
+1.90460270000000E+004, -9.932329E+000, +2.992591E+000
+1.92154520000000E+004, -1.020304E+001, +3.151989E+000
+1.93848770000000E+004, -9.608613E+000, +2.994246E+000
+1.95543020000000E+004, -9.593287E+000, +2.863666E+000
+1.97237270000000E+004, -9.441036E+000, +2.848035E+000
+1.98931520000000E+004, -8.953624E+000, +2.483536E+000
+2.00625770000000E+004, -8.887054E+000, +2.577368E+000
+2.02320020000000E+004, -8.788178E+000, +2.543732E+000
+2.04014270000000E+004, -8.563474E+000, +2.541828E+000
+2.05961880000000E+004, -8.214664E+000, +2.588942E+000
+2.08203750000000E+004, -8.114449E+000, +2.380779E+000
+2.10445620000000E+004, -7.861177E+000, +2.362089E+000
+2.12687480000000E+004, -7.815267E+000, +2.198603E+000
+2.14929350000000E+004, -7.670669E+000, +2.232034E+000
+2.17171220000000E+004, -7.156332E+000, +1.890814E+000
+2.19413090000000E+004, -7.165115E+000, +2.021463E+000
+2.21654950000000E+004, -6.946688E+000, +1.994864E+000
+2.23896820000000E+004, -6.801548E+000, +1.901463E+000
+2.26138690000000E+004, -6.471268E+000, +1.822867E+000
+2.28380560000000E+004, -6.280688E+000, +1.706413E+000
+2.30622420000000E+004, -6.204282E+000, +1.579453E+000
+2.32864290000000E+004, -6.105517E+000, +1.681463E+000
+2.35106160000000E+004, -6.130590E+000, +1.427310E+000
+2.37348030000000E+004, -5.884884E+000, +1.566803E+000
+2.39589890000000E+004, -5.685403E+000, +1.366998E+000
+2.41831760000000E+004, -5.522523E+000, +1.419220E+000
+2.44073630000000E+004, -5.484101E+000, +1.295516E+000
+2.46315500000000E+004, -5.288496E+000, +1.134050E+000
+2.48557360000000E+004, -5.168882E+000, +1.209360E+000
+2.50799230000000E+004, -5.093129E+000, +1.169215E+000
+2.53041100000000E+004, -4.934228E+000, +1.171424E+000
+2.55282970000000E+004, -4.947091E+000, +9.722404E-001
+2.57524830000000E+004, -4.879396E+000, +9.671348E-001
+2.59766700000000E+004, -4.842767E+000, +8.726579E-001
+2.62008570000000E+004, -4.696200E+000, +8.944860E-001
+2.64250440000000E+004, -4.549672E+000, +8.458252E-001
+2.66492300000000E+004, -4.518892E+000, +8.099949E-001
+2.68734170000000E+004, -4.452847E+000, +7.687469E-001
+2.71299620000000E+004, -4.332267E+000, +7.504787E-001
+2.74267380000000E+004, -4.245796E+000, +7.005264E-001
+2.77235140000000E+004, -4.221944E+000, +6.325020E-001
+2.80202890000000E+004, -4.127492E+000, +6.432360E-001
+2.83170650000000E+004, -3.873440E+000, +6.643348E-001
+2.86138410000000E+004, -3.825883E+000, +5.480014E-001
+2.89106170000000E+004, -3.862742E+000, +5.142543E-001
+2.92073920000000E+004, -3.647291E+000, +4.554651E-001
+2.95041680000000E+004, -3.654287E+000, +4.846919E-001
+2.98009440000000E+004, -3.513690E+000, +3.913468E-001
+3.00977200000000E+004, -3.425464E+000, +4.521165E-001
+3.03944950000000E+004, -3.352172E+000, +3.622383E-001
+3.06912710000000E+004, -3.334703E+000, +3.826323E-001
+3.09880470000000E+004, -3.237183E+000, +3.842577E-001
+3.12848230000000E+004, -3.223835E+000, +3.397314E-001
+3.15815980000000E+004, -3.152467E+000, +3.130422E-001
+3.18783740000000E+004, -3.141441E+000, +3.093747E-001
+3.21751500000000E+004, -3.072395E+000, +3.042358E-001
+3.24719260000000E+004, -3.014340E+000, +2.865691E-001
+3.27687010000000E+004, -3.019174E+000, +2.831983E-001
+3.30654770000000E+004, -2.864448E+000, +3.247314E-001
+3.33622530000000E+004, -2.856874E+000, +3.350720E-001
+3.36590290000000E+004, -2.764647E+000, +2.748943E-001
+3.39558040000000E+004, -2.717404E+000, +2.516868E-001
+3.42525800000000E+004, -2.634858E+000, +3.519551E-001
+3.45493560000000E+004, -2.581301E+000, +1.628370E-001
+3.48461320000000E+004, -2.566105E+000, +1.005340E-001
+3.51429070000000E+004, -2.429047E+000, +2.442940E-001
+3.54396830000000E+004, -2.217552E+000, +3.863090E-001
+3.57364590000000E+004, -2.044602E+000, -5.584637E-001
+3.60776140000000E+004, -2.531030E+000, +5.696276E-001
+3.64722680000000E+004, -1.807922E+000, +5.269876E-001
+3.68669230000000E+004, -3.579569E+000, +2.526774E+000
+3.72615770000000E+004, -1.797326E+000, -4.336340E-001
+3.76562320000000E+004, -2.490112E+000, +9.705790E-001
+3.80508860000000E+004, -2.047200E+000, -2.672541E-001
+3.84455410000000E+004, -2.340441E+000, -2.111477E-001
+3.88401950000000E+004, -2.120571E+000, -5.730766E-002
+3.92348500000000E+004, -2.104289E+000, -1.101472E-001
+3.96295040000000E+004, -2.111404E+000, -1.426108E-001
+4.00241590000000E+004, -2.036777E+000, -8.057852E-002
+4.04188130000000E+004, -1.966744E+000, -8.443902E-002
+4.08134680000000E+004, -1.951091E+000, -7.378617E-002
+4.12081220000000E+004, -1.929973E+000, -7.478221E-002
+4.16027770000000E+004, -1.890957E+000, -6.097545E-002
+4.19974310000000E+004, -1.865285E+000, -8.312415E-002
+4.23920860000000E+004, -1.842574E+000, -9.383992E-002
+4.27867400000000E+004, -1.799656E+000, -7.189706E-002
+4.31813950000000E+004, -1.787304E+000, -8.430281E-002
+4.35760490000000E+004, -1.768533E+000, -7.587437E-002
+4.39707040000000E+004, -1.738483E+000, -8.369160E-002
+4.43653580000000E+004, -1.706888E+000, -7.994507E-002
+4.47600130000000E+004, -1.664218E+000, -9.374651E-002
+4.51546670000000E+004, -1.659221E+000, -1.055989E-001
+4.55493220000000E+004, -1.634491E+000, -1.038116E-001
+4.59439760000000E+004, -1.612229E+000, -9.813593E-002
+4.63386310000000E+004, -1.591234E+000, -1.157593E-001
+4.67332850000000E+004, -1.562025E+000, -1.195201E-001
+4.71279400000000E+004, -1.537730E+000, -1.129826E-001
+4.75225940000000E+004, -1.514192E+000, -1.286488E-001
+4.79762640000000E+004, -1.497299E+000, -1.078078E-001
+4.84984790000000E+004, -1.492704E+000, -9.639473E-002
+4.90206950000000E+004, -1.429893E+000, -1.255698E-001
+4.95429100000000E+004, -1.408395E+000, -1.169696E-001
+5.00651250000000E+004, -1.383693E+000, -9.108918E-002
+5.05873400000000E+004, -1.267988E+000, -2.080553E-001
+5.11095560000000E+004, -1.217279E+000, -2.316158E-001
+5.16317710000000E+004, -1.204064E+000, -2.822281E-001
+5.21539860000000E+004, -1.223395E+000, -3.247798E-001
+5.26762010000000E+004, -1.182554E+000, -3.802955E-001
+5.31984170000000E+004, -1.173847E+000, -3.621832E-001
+5.37206320000000E+004, -1.130501E+000, -3.182430E-001
+5.42428470000000E+004, -1.151463E+000, -3.973768E-001
+5.47650620000000E+004, -1.119358E+000, -4.217581E-001
+5.52872780000000E+004, -1.114829E+000, -3.844736E-001
+5.58094930000000E+004, -1.109471E+000, -3.943746E-001
+5.63317080000000E+004, -1.101596E+000, -3.845183E-001
+5.68539230000000E+004, -1.091730E+000, -3.781349E-001
+5.73761390000000E+004, -1.107898E+000, -4.160435E-001
+5.78983540000000E+004, -1.111870E+000, -4.004191E-001
+5.84205690000000E+004, -1.148306E+000, -3.856785E-001
+5.89427840000000E+004, -1.161485E+000, -3.613094E-001
+5.94650000000000E+004, -1.146181E+000, -3.455131E-001
+5.99872150000000E+004, -1.137247E+000, -3.702500E-001
+6.05094300000000E+004, -1.126682E+000, -3.473808E-001
+6.10316450000000E+004, -1.160477E+000, -3.510326E-001
+6.15538610000000E+004, -1.144665E+000, -2.871274E-001
+6.20760760000000E+004, -1.154400E+000, -3.027933E-001
+6.25982910000000E+004, -1.154787E+000, -3.208275E-001
+6.31958800000000E+004, -1.129271E+000, -2.913276E-001
+6.38871820000000E+004, -1.110892E+000, -2.815436E-001
+6.45784850000000E+004, -1.172725E+000, -2.528441E-001
+6.52697870000000E+004, -1.135171E+000, -2.842512E-001
+6.59610890000000E+004, -1.121287E+000, -2.251737E-001
+6.66523920000000E+004, -1.160127E+000, -1.782704E-001
+6.73436940000000E+004, -1.135970E+000, -3.672646E-002
+6.80349960000000E+004, -1.004559E+000, +3.579124E-002
+6.87262990000000E+004, -9.662330E-001, -6.670557E-002
+6.94176010000000E+004, -9.814954E-001, -4.278065E-002
+7.01089030000000E+004, -9.387927E-001, -8.153094E-002
+7.08002060000000E+004, -9.540476E-001, -5.356718E-002
+7.14915080000000E+004, -9.429197E-001, -7.932217E-002
+7.21828100000000E+004, -9.372736E-001, -4.803750E-002
+7.28741130000000E+004, -9.109830E-001, -9.992033E-003
+7.35654150000000E+004, -9.327902E-001, -6.599355E-002
+7.42567180000000E+004, -9.199817E-001, +5.293190E-003
+7.49480200000000E+004, -8.344623E-001, -1.508854E-001
+7.56393220000000E+004, -8.637955E-001, +4.467475E-002
+7.63306250000000E+004, -8.415918E-001, -9.202361E-002
+7.70219270000000E+004, -7.858580E-001, -5.319535E-002
+7.77132290000000E+004, -8.109677E-001, -1.514050E-001
+7.84045320000000E+004, -7.750930E-001, -1.089320E-001
+7.90958340000000E+004, -8.194706E-001, -5.290748E-002
+7.97871360000000E+004, -8.032948E-001, -3.602948E-002
+8.04784390000000E+004, -7.768962E-001, -1.587214E-002
+8.11697410000000E+004, -7.668214E-001, -5.511351E-002
+8.18610430000000E+004, -7.390153E-001, -5.691740E-002
+8.25523460000000E+004, -7.174581E-001, -6.956634E-002
+8.32436480000000E+004, -7.231198E-001, -5.802433E-002
+8.40383250000000E+004, -7.133749E-001, -5.165393E-002
+8.49530710000000E+004, -7.022371E-001, -5.992092E-002
+8.58678170000000E+004, -7.061373E-001, -6.050593E-002
+8.67825630000000E+004, -6.746290E-001, -5.905383E-002
+8.76973090000000E+004, -6.496111E-001, -5.775575E-002
+8.86120550000000E+004, -6.384056E-001, -5.849840E-002
+8.95268010000000E+004, -6.271812E-001, -7.039066E-002
+9.04415470000000E+004, -6.113450E-001, -6.707429E-002
+9.13562930000000E+004, -5.971197E-001, -6.325939E-002
+9.22710390000000E+004, -5.838366E-001, -6.387953E-002
+9.31857850000000E+004, -5.727183E-001, -6.503271E-002
+9.41005310000000E+004, -5.553015E-001, -6.256027E-002
+9.50152770000000E+004, -5.284029E-001, -6.837472E-002
+9.59300230000000E+004, -5.258608E-001, -6.077619E-002
+9.68447690000000E+004, -4.864077E-001, -7.679085E-002
+9.77595150000000E+004, -5.356879E-001, -7.255603E-002
+9.86742610000000E+004, -5.489604E-001, -5.544840E-002
+9.95890070000000E+004, -5.698547E-001, -1.945816E-002
+1.00503753000000E+005, -5.491590E-001, +6.375642E-003
+1.01418499000000E+005, -5.103509E-001, +1.361184E-002
+1.02333245000000E+005, -4.832380E-001, +5.963027E-003
+1.03247991000000E+005, -4.744562E-001, +6.977427E-003
+1.04162737000000E+005, -4.482271E-001, +1.082760E-002
+1.05077483000000E+005, -4.403256E-001, +6.639818E-003
+1.05992229000000E+005, -4.512560E-001, +1.064390E-002
+1.06906975000000E+005, -4.304004E-001, +1.172358E-002
+1.07821721000000E+005, -4.079747E-001, +1.541422E-002
+1.08736467000000E+005, -4.150380E-001, +2.875987E-002
+1.09651213000000E+005, -4.158568E-001, -9.322425E-003
+1.10697988000000E+005, -3.855516E-001, +1.440780E-002
+1.11908918000000E+005, -3.849463E-001, +4.323713E-003
+1.13119848000000E+005, -3.993888E-001, +8.681361E-003
+1.14330778000000E+005, -3.880577E-001, +3.539403E-002
+1.15541707000000E+005, -3.704029E-001, +4.126431E-002
+1.16752637000000E+005, -3.582545E-001, +3.555362E-002
+1.17963567000000E+005, -3.461034E-001, +4.183317E-002
+1.19174497000000E+005, -3.377067E-001, +4.392361E-002
+1.20385427000000E+005, -3.318325E-001, +4.366191E-002
+1.21596357000000E+005, -3.195255E-001, +4.849246E-002
+1.22807287000000E+005, -3.140852E-001, +4.672305E-002
+1.24018216000000E+005, -3.042547E-001, +5.519538E-002
+1.25229146000000E+005, -2.918344E-001, +5.684232E-002
+1.26440076000000E+005, -2.666440E-001, +6.047451E-002
+1.27651006000000E+005, -2.490835E-001, +4.144230E-002
+1.28861936000000E+005, -2.509136E-001, +2.097658E-002
+1.30072866000000E+005, -2.497653E-001, +1.305650E-002
+1.31283796000000E+005, -2.589459E-001, +2.126269E-003
+1.32494726000000E+005, -2.659075E-001, +4.128945E-003
+1.33705655000000E+005, -2.702488E-001, +1.148804E-002
+1.34916585000000E+005, -2.704976E-001, +1.384622E-002
+1.36127515000000E+005, -2.702230E-001, +2.004702E-002
+1.37338445000000E+005, -2.632654E-001, +2.486845E-002
+1.38549375000000E+005, -2.589879E-001, +3.087646E-002
+1.39760305000000E+005, -2.545676E-001, +3.227793E-002
+1.40971235000000E+005, -2.505382E-001, +3.397562E-002
+1.42182164000000E+005, -2.404384E-001, +3.288228E-002
+1.43393094000000E+005, -2.393379E-001, +3.595072E-002
+1.44604024000000E+005, -2.368734E-001, +3.567816E-002
+1.45814954000000E+005, -2.342809E-001, +3.126029E-002
+1.47206963000000E+005, -2.289095E-001, +3.685168E-002
+1.48817266000000E+005, -2.290145E-001, +3.620504E-002
+1.50427569000000E+005, -2.238903E-001, +4.121348E-002
+1.52037872000000E+005, -2.158719E-001, +4.165314E-002
+1.53648175000000E+005, -2.102631E-001, +4.505831E-002
+1.55258478000000E+005, -2.068579E-001, +4.418645E-002
+1.56868781000000E+005, -1.999552E-001, +4.843719E-002
+1.58479084000000E+005, -1.935660E-001, +4.862007E-002
+1.60089387000000E+005, -1.894629E-001, +4.594564E-002
+1.61699690000000E+005, -1.848777E-001, +4.473352E-002
+1.63309993000000E+005, -1.810302E-001, +4.421892E-002
+1.64920296000000E+005, -1.771740E-001, +4.747684E-002
+1.66530599000000E+005, -1.752227E-001, +4.653138E-002
+1.68140902000000E+005, -1.674449E-001, +4.739193E-002
+1.69751205000000E+005, -1.634572E-001, +4.904879E-002
+1.71361509000000E+005, -1.578858E-001, +4.593552E-002
+1.72971812000000E+005, -1.558679E-001, +4.587890E-002
+1.74582115000000E+005, -1.523327E-001, +4.501122E-002
+1.76192418000000E+005, -1.505760E-001, +4.136767E-002
+1.77802721000000E+005, -1.460505E-001, +4.160924E-002
+1.79413024000000E+005, -1.457684E-001, +4.208136E-002
+1.81023327000000E+005, -1.431945E-001, +4.115506E-002
+1.82633630000000E+005, -1.415107E-001, +4.147331E-002
+1.84243933000000E+005, -1.392700E-001, +4.421424E-002
+1.85854236000000E+005, -1.386235E-001, +4.054933E-002
+1.87464539000000E+005, -1.337768E-001, +4.144287E-002
+1.89074842000000E+005, -1.304388E-001, +4.115272E-002
+1.90685145000000E+005, -1.275857E-001, +3.876789E-002
+1.92295448000000E+005, -1.279352E-001, +3.792315E-002
+1.93905751000000E+005, -1.248943E-001, +3.898383E-002
+1.95756854000000E+005, -1.228253E-001, +4.051527E-002
+1.97887641000000E+005, -1.203174E-001, +4.115989E-002
+2.00018429000000E+005, -1.153081E-001, +3.873189E-002
+2.02149216000000E+005, -1.129699E-001, +3.920300E-002
+2.04280003000000E+005, -1.101115E-001, +3.872954E-002
+2.06410790000000E+005, -1.071266E-001, +3.577365E-002
+2.08541578000000E+005, -1.105266E-001, +3.269506E-002
+2.10672365000000E+005, -1.079426E-001, +3.547790E-002
+2.12803152000000E+005, -1.074406E-001, +3.417330E-002
+2.14933940000000E+005, -1.024173E-001, +3.908047E-002
+2.17064727000000E+005, -9.922206E-002, +3.434010E-002
+2.19195514000000E+005, -9.731065E-002, +3.468115E-002
+2.21326301000000E+005, -9.729277E-002, +3.415169E-002
+2.23457089000000E+005, -9.430394E-002, +3.321509E-002
+2.25587876000000E+005, -9.280522E-002, +3.274462E-002
+2.27718663000000E+005, -9.324190E-002, +3.377233E-002
+2.29849451000000E+005, -8.909952E-002, +3.433673E-002
+2.31980238000000E+005, -8.977706E-002, +3.463904E-002
+2.34111025000000E+005, -8.870661E-002, +3.202063E-002
+2.36241812000000E+005, -8.706746E-002, +3.320622E-002
+2.38372600000000E+005, -8.430179E-002, +3.315509E-002
+2.40503387000000E+005, -8.359266E-002, +3.431587E-002
+2.42634174000000E+005, -7.852322E-002, +3.353034E-002
+2.44764962000000E+005, -8.017761E-002, +2.969270E-002
+2.46895749000000E+005, -7.950226E-002, +3.075527E-002
+2.49026536000000E+005, -7.834715E-002, +3.023738E-002
+2.51157323000000E+005, -7.727269E-002, +3.208236E-002
+2.53288111000000E+005, -7.568344E-002, +3.107090E-002
+2.55418898000000E+005, -7.721831E-002, +3.133284E-002
+2.57857231000000E+005, -7.480986E-002, +3.294533E-002
+2.60677942000000E+005, -7.144148E-002, +3.033642E-002
+2.63498653000000E+005, -7.303747E-002, +3.079251E-002
+2.66319364000000E+005, -6.949260E-002, +3.165744E-002
+2.69140075000000E+005, -6.683671E-002, +3.069522E-002
+2.71960785000000E+005, -6.904931E-002, +3.060998E-002
+2.74781496000000E+005, -6.902192E-002, +3.046840E-002
+2.77602207000000E+005, -6.573621E-002, +3.030385E-002
+2.80422918000000E+005, -6.433554E-002, +3.425694E-002
+2.83243629000000E+005, -6.141582E-002, +3.198275E-002
+2.86064340000000E+005, -6.111060E-002, +3.178524E-002
+2.88885051000000E+005, -6.115676E-002, +2.976559E-002
+2.91705762000000E+005, -5.941813E-002, +3.128069E-002
+2.94526473000000E+005, -5.693679E-002, +3.249146E-002
+2.97347184000000E+005, -5.879761E-002, +3.023511E-002
+3.00167894000000E+005, -5.447987E-002, +3.028230E-002
+3.02988605000000E+005, -5.462019E-002, +3.165676E-002
+3.05809316000000E+005, -5.569988E-002, +3.063484E-002
+3.08630027000000E+005, -5.365689E-002, +2.975386E-002
+3.11450738000000E+005, -5.354210E-002, +2.915233E-002
+3.14271449000000E+005, -5.334012E-002, +3.095809E-002
+3.17092160000000E+005, -5.169405E-002, +3.152721E-002
+3.19912871000000E+005, -5.191921E-002, +2.930691E-002
+3.22733582000000E+005, -5.162640E-002, +3.088196E-002
+3.25554293000000E+005, -5.000585E-002, +2.992231E-002
+3.28375003000000E+005, -5.014189E-002, +2.977684E-002
+3.31195714000000E+005, -4.911739E-002, +3.093463E-002
+3.34016425000000E+005, -4.836675E-002, +3.033261E-002
+3.36837136000000E+005, -4.757690E-002, +3.047159E-002
+3.39657847000000E+005, -4.654346E-002, +3.155284E-002
+3.42900359000000E+005, -4.695842E-002, +3.002348E-002
+3.46651360000000E+005, -4.568259E-002, +3.131418E-002
+3.50402361000000E+005, -4.463478E-002, +3.147018E-002
+3.54153363000000E+005, -4.408299E-002, +3.158100E-002
+3.57904364000000E+005, -4.494447E-002, +3.140721E-002
+3.61655365000000E+005, -4.369771E-002, +3.112718E-002
+3.65406366000000E+005, -4.143865E-002, +3.256299E-002
+3.69157367000000E+005, -4.236104E-002, +3.289682E-002
+3.72908368000000E+005, -3.952516E-002, +3.302852E-002
+3.76659370000000E+005, -3.895176E-002, +3.278472E-002
+3.80410371000000E+005, -3.856651E-002, +3.266995E-002
+3.84161372000000E+005, -3.647713E-002, +3.476325E-002
+3.87912373000000E+005, -3.590276E-002, +3.533174E-002
+3.91663374000000E+005, -3.555969E-002, +3.303611E-002
+3.95414375000000E+005, -3.716523E-002, +3.412047E-002
+3.99165377000000E+005, -3.460843E-002, +3.410104E-002
+4.02916378000000E+005, -3.533935E-002, +3.270946E-002
+4.06667379000000E+005, -3.378053E-002, +3.612751E-002
+4.10418380000000E+005, -3.291211E-002, +3.477766E-002
+4.14169381000000E+005, -3.164299E-002, +3.587191E-002
+4.17920382000000E+005, -3.143059E-002, +3.457935E-002
+4.21671384000000E+005, -3.020343E-002, +3.432740E-002
+4.25422385000000E+005, -2.851640E-002, +3.561237E-002
+4.29173386000000E+005, -2.942426E-002, +3.543767E-002
+4.32924387000000E+005, -2.742752E-002, +3.652331E-002
+4.36675388000000E+005, -2.662688E-002, +3.624608E-002
+4.40426389000000E+005, -2.527973E-002, +3.438019E-002
+4.44177391000000E+005, -2.507238E-002, +3.581658E-002
+4.47928392000000E+005, -2.507285E-002, +3.617162E-002
+4.51679393000000E+005, -2.372577E-002, +3.622121E-002
+4.55991308000000E+005, -2.159354E-002, +3.567244E-002
+4.60954713000000E+005, -2.005219E-002, +3.728058E-002
+4.65918117000000E+005, -2.044065E-002, +3.530081E-002
+4.70881522000000E+005, -2.141593E-002, +3.822229E-002
+4.75844927000000E+005, -1.793043E-002, +3.702864E-002
+4.80808331000000E+005, -1.611793E-002, +3.788280E-002
+4.85771736000000E+005, -1.703395E-002, +3.790855E-002
+4.90735140000000E+005, -1.681551E-002, +3.822375E-002
+4.95698545000000E+005, -1.431835E-002, +3.736149E-002
+5.00661950000000E+005, -1.469527E-002, +3.703436E-002
+5.05625354000000E+005, -1.227771E-002, +3.857923E-002
+5.10588759000000E+005, -1.246238E-002, +3.705967E-002
+5.15552164000000E+005, -1.130352E-002, +3.749515E-002
+5.20515568000000E+005, -9.116667E-003, +3.828178E-002
+5.25478973000000E+005, -8.471218E-003, +3.687223E-002
+5.30442378000000E+005, -6.325602E-003, +3.813707E-002
+5.35405782000000E+005, -7.198174E-003, +3.633542E-002
+5.40369187000000E+005, -6.729102E-003, +3.603239E-002
+5.45332592000000E+005, -5.035800E-003, +3.660604E-002
+5.50295996000000E+005, -5.802256E-003, +3.488339E-002
+5.55259401000000E+005, -3.022722E-003, +3.612147E-002
+5.60222806000000E+005, -3.716632E-003, +3.546118E-002
+5.65186210000000E+005, -1.236753E-003, +3.517090E-002
+5.70149615000000E+005, +6.245598E-004, +3.684323E-002
+5.75113019000000E+005, -2.611695E-004, +3.478409E-002
+5.80076424000000E+005, +1.202123E-003, +3.463213E-002
+5.85039829000000E+005, +1.548850E-003, +3.359728E-002
+5.90003233000000E+005, +2.258247E-003, +3.447735E-002
+5.94966638000000E+005, +4.524574E-003, +3.277753E-002
+6.00646432000000E+005, +4.510388E-003, +3.314614E-002
+6.07216928000000E+005, +4.516556E-003, +3.234248E-002
+6.13787424000000E+005, +6.359850E-003, +3.155486E-002
+6.20357920000000E+005, +7.413745E-003, +3.137467E-002
+6.26928416000000E+005, +8.897121E-003, +3.268051E-002
+6.33498913000000E+005, +9.958255E-003, +3.015525E-002
+6.40069409000000E+005, +8.107782E-003, +2.949494E-002
+6.46639905000000E+005, +9.870871E-003, +3.036569E-002
+6.53210401000000E+005, +1.221261E-002, +2.752416E-002
+6.59780897000000E+005, +1.103371E-002, +2.873172E-002
+6.66351393000000E+005, +1.350880E-002, +2.515390E-002
+6.72921889000000E+005, +1.400044E-002, +2.493107E-002
+6.79492385000000E+005, +1.412167E-002, +2.495031E-002
+6.86062881000000E+005, +1.382343E-002, +2.517030E-002
+6.92633377000000E+005, +1.517897E-002, +2.510639E-002
+6.99203874000000E+005, +1.482949E-002, +2.357053E-002
+7.05774370000000E+005, +1.615498E-002, +2.270762E-002
+7.12344866000000E+005, +1.617221E-002, +2.023499E-002
+7.18915362000000E+005, +1.771039E-002, +2.161163E-002
+7.25485858000000E+005, +1.888107E-002, +1.877381E-002
+7.32056354000000E+005, +1.756843E-002, +2.053734E-002
+7.38626850000000E+005, +1.916862E-002, +1.918777E-002
+7.45197346000000E+005, +1.687731E-002, +1.710567E-002
+7.51767842000000E+005, +1.640669E-002, +1.530962E-002
+7.58338338000000E+005, +1.584888E-002, +1.575120E-002
+7.64908835000000E+005, +6.190336E-003, +2.242133E-002
+7.71479331000000E+005, +2.091440E-002, +2.016464E-002
+7.78049827000000E+005, +2.390856E-002, +2.333851E-002
+7.84620323000000E+005, +2.456089E-002, +1.806324E-002
+7.91190819000000E+005, +2.508564E-002, +1.405653E-002
+7.98743848000000E+005, +2.312297E-002, +1.353470E-002
+8.07438068000000E+005, +2.396076E-002, +1.138486E-002
+8.16132289000000E+005, +2.463547E-002, +1.001763E-002
+8.24826509000000E+005, +2.264685E-002, +9.921185E-003
+8.33520730000000E+005, +2.486224E-002, +7.009598E-003
+8.42214950000000E+005, +2.435191E-002, +6.484093E-003
+8.50909171000000E+005, +2.365014E-002, +5.733169E-003
+8.59603391000000E+005, +2.483900E-002, +6.726154E-003
+8.68297611000000E+005, +2.492941E-002, +3.904092E-003
+8.76991832000000E+005, +2.381222E-002, +2.891552E-003
+8.85686052000000E+005, +2.390226E-002, +1.726325E-003
+8.94380273000000E+005, +2.373452E-002, +1.970918E-003
+9.03074493000000E+005, +2.267442E-002, +2.037422E-003
+9.11768714000000E+005, +2.208176E-002, -2.745574E-003
+9.20462934000000E+005, +2.366040E-002, -1.392702E-003
+9.29157154000000E+005, +2.218035E-002, -2.131386E-003
+9.37851375000000E+005, +2.109553E-002, -5.014707E-003
+9.46545595000000E+005, +2.091745E-002, -3.369332E-003
+9.55239816000000E+005, +2.045034E-002, -5.886171E-003
+9.63934036000000E+005, +2.033994E-002, -6.754719E-003
+9.72628257000000E+005, +1.913784E-002, -7.744068E-003
+9.81322477000000E+005, +1.985121E-002, -8.806673E-003
+9.90016697000000E+005, +1.816617E-002, -8.883012E-003
+9.98710918000000E+005, +1.952464E-002, -9.407088E-003
+1.00740513800000E+006, +1.821674E-002, -9.762511E-003
+1.01609935900000E+006, +1.708943E-002, -1.065240E-002
+1.02479357900000E+006, +1.769710E-002, -1.309160E-002
+1.03348780000000E+006, +1.609094E-002, -1.131996E-002
+1.04218202000000E+006, +1.400592E-002, -1.112153E-002
+1.05213111400000E+006, +1.572039E-002, -1.337988E-002
+1.06364042000000E+006, +1.338551E-002, -1.139682E-002
+1.07514972500000E+006, +1.219714E-002, -1.350801E-002
+1.08665903100000E+006, +1.254487E-002, -1.582058E-002
+1.09816833700000E+006, +1.216056E-002, -1.394570E-002
+1.10967764200000E+006, +1.006848E-002, -1.601259E-002
+1.12118694800000E+006, +9.055655E-003, -1.754656E-002
+1.13269625400000E+006, +7.589245E-003, -1.725381E-002
+1.14420555900000E+006, +6.227977E-003, -1.605353E-002
+1.15571486500000E+006, +5.522009E-003, -1.630071E-002
+1.16722417100000E+006, +5.838977E-003, -1.642403E-002
+1.17873347600000E+006, +4.156670E-003, -1.691988E-002
+1.19024278200000E+006, +3.933647E-003, -1.613605E-002
+1.20175208800000E+006, +2.156543E-003, -1.760672E-002
+1.21326139300000E+006, +4.749119E-004, -1.775352E-002
+1.22477069900000E+006, +1.837475E-005, -1.723768E-002
+1.23628000400000E+006, -7.820270E-004, -1.623193E-002
+1.24778931000000E+006, -2.524808E-003, -1.693177E-002
+1.25929861600000E+006, -1.863648E-003, -1.582350E-002
+1.27080792100000E+006, -3.554011E-003, -1.660902E-002
+1.28231722700000E+006, -4.126931E-003, -1.580883E-002
+1.29382653300000E+006, -3.473828E-003, -1.704215E-002
+1.30533583800000E+006, -7.646282E-003, -1.415823E-002
+1.31684514400000E+006, -7.079688E-003, -1.657667E-002
+1.32835445000000E+006, -8.523975E-003, -1.374244E-002
+1.33986375500000E+006, -7.570765E-003, -1.267353E-002
+1.35137306100000E+006, -7.950976E-003, -1.207097E-002
+1.36288236700000E+006, -9.245798E-003, -1.201034E-002
+1.37439167200000E+006, -1.116689E-002, -1.171600E-002
+1.38590097800000E+006, -1.010609E-002, -1.088700E-002
+1.39913135300000E+006, -9.408307E-003, -9.398156E-003
+1.41443650900000E+006, -1.175494E-002, -7.253028E-003
+1.42974166400000E+006, -1.171912E-002, -8.743680E-003
+1.44504682000000E+006, -1.210984E-002, -5.048380E-003
+1.46035197500000E+006, -1.438360E-002, -6.597377E-003
+1.47565713100000E+006, -1.227491E-002, -3.593103E-003
+1.49096228600000E+006, -1.323298E-002, -3.474116E-003
+1.50626744200000E+006, -1.473413E-002, -1.770334E-003
+1.52157259700000E+006, -1.352219E-002, +4.989780E-004
+1.53687775300000E+006, -1.265532E-002, +2.743816E-003
+1.55218290900000E+006, -1.110240E-002, +3.284769E-003
+1.56748806400000E+006, -1.199260E-002, +4.474356E-003
+1.58279322000000E+006, -1.082939E-002, +5.543090E-003
+1.59809837500000E+006, -8.775540E-003, +6.242333E-003
+1.61340353100000E+006, -7.877944E-003, +8.734745E-003
+1.62870868600000E+006, -5.501657E-003, +8.020485E-003
+1.64401384200000E+006, -3.746548E-003, +9.107111E-003
+1.65931899700000E+006, -4.988484E-004, +8.360359E-003
+1.67462415300000E+006, -4.816428E-004, +4.699975E-003
+1.68992930800000E+006, -6.281981E-003, +9.281857E-003
+1.70523446400000E+006, +6.584868E-003, +1.813693E-003
+1.72053962000000E+006, +1.369512E-003, -2.935714E-004
+1.73584477500000E+006, -1.545378E-003, -5.120767E-004
+1.75114993100000E+006, -7.207654E-004, +1.125922E-003
+1.76645508600000E+006, -4.407210E-004, +1.637727E-003
+1.78176024200000E+006, -1.112474E-003, +2.115693E-003
+1.79706539700000E+006, -2.636235E-003, +1.338716E-003
+1.81237055300000E+006, -1.690701E-003, +2.049675E-003
+1.82767570800000E+006, -2.730365E-003, +4.767175E-003
+1.84298086400000E+006, -2.559420E-003, +4.528523E-003
+1.86057471000000E+006, -2.223371E-003, +4.586340E-003
+1.88082681800000E+006, +6.556058E-004, +4.510982E-003
+1.90107892600000E+006, -6.454632E-004, +3.813268E-003
+1.92133103400000E+006, -2.333765E-004, +5.364241E-003
+1.94158314200000E+006, +2.214339E-003, +5.549115E-003
+1.96183525000000E+006, +1.490314E-003, +2.826538E-003
+1.98208735800000E+006, +1.083577E-003, +4.275591E-003
+2.00233946600000E+006, +3.686554E-003, +4.141284E-003
+2.02259157300000E+006, +3.848809E-003, +2.707038E-003
+2.04284368100000E+006, +4.280095E-003, +2.930241E-003
+2.06309578900000E+006, +5.216266E-003, +2.904780E-003
+2.08334789700000E+006, +4.114270E-003, +1.203947E-003
+2.10360000500000E+006, +3.314037E-003, +4.712938E-004
+2.12385211300000E+006, +5.440054E-003, -2.914247E-004
+2.14410422100000E+006, +3.632120E-003, -5.889607E-004
+2.16435632900000E+006, +4.138772E-003, -9.673135E-004
+2.18460843700000E+006, +3.507492E-003, -1.311974E-003
+2.20486054500000E+006, +3.439455E-003, -2.059111E-003
+2.22511265300000E+006, +2.697482E-003, -1.984910E-003
+2.24536476100000E+006, +5.011295E-003, -1.536157E-003
+2.26561686900000E+006, +3.189517E-003, -3.823119E-003
+2.28586897600000E+006, +2.670434E-004, -1.793885E-003
+2.30612108400000E+006, +9.804257E-004, -3.693631E-003
+2.32637319200000E+006, +2.338190E-003, -3.188825E-003
+2.34662530000000E+006, +2.621547E-003, -3.013292E-003
+2.36687740800000E+006, +8.064578E-005, -2.446839E-003
+2.38712951600000E+006, +5.374725E-004, -2.984463E-003
+2.40738162400000E+006, +4.166747E-004, -2.306794E-003
+2.42763373200000E+006, +1.684032E-004, -4.271500E-003
+2.45080891100000E+006, -7.026350E-004, -3.132811E-003
+2.47761841100000E+006, -3.971339E-004, -7.502990E-003
+2.50442791100000E+006, -5.470616E-004, -3.730039E-003
+2.53123741000000E+006, -1.713092E-003, -1.606449E-003
+2.55804691000000E+006, -6.244258E-004, -1.820871E-003
+2.58485641000000E+006, -1.548841E-003, -1.520225E-003
+2.61166591000000E+006, -2.738295E-003, -6.326711E-004
+2.63847541000000E+006, -2.557935E-003, -5.863306E-004
+2.66528490900000E+006, -1.385308E-003, -1.881954E-003
+2.69209440900000E+006, -1.055603E-003, +4.727683E-004
+2.71890390900000E+006, -9.243504E-004, +1.532928E-003
+2.74571340900000E+006, -1.144932E-003, +3.819054E-003
+2.77252290900000E+006, -9.452633E-004, +1.213172E-003
+2.79933240800000E+006, -1.441027E-003, +2.522381E-003
+2.82614190800000E+006, -6.888719E-004, +1.329914E-003
+2.85295140800000E+006, +1.077190E-003, +1.554527E-003
+2.87976090800000E+006, -2.854558E-004, +2.595958E-003
+2.90657040700000E+006, +2.018737E-003, +3.037374E-003
+2.93337990700000E+006, +1.923872E-003, +1.348029E-003
+2.96018940700000E+006, +3.755961E-003, +1.974910E-003
+2.98699890700000E+006, +4.103287E-003, +2.432267E-003
+3.01380840700000E+006, +2.341679E-003, +3.699867E-003
+3.04061790600000E+006, +2.952059E-003, +2.152831E-003
+3.06742740600000E+006, +2.199539E-003, +1.063647E-003
+3.09423690600000E+006, +3.863776E-003, +1.343631E-003
+3.12104640600000E+006, +4.054282E-003, +5.259746E-004
+3.14785590600000E+006, +2.669701E-003, -4.528117E-004
+3.17466540500000E+006, +5.133335E-003, +3.694449E-004
+3.20147490500000E+006, +3.750633E-003, +1.302668E-003
+3.22828440500000E+006, +5.146358E-003, -6.804233E-004
+3.25910292200000E+006, +4.994603E-003, -4.548537E-004
+3.29475438300000E+006, +3.964572E-003, -1.430163E-003
+3.33040584500000E+006, +3.887355E-003, -8.063092E-004
+3.36605730600000E+006, +4.299418E-003, -2.477487E-003
+3.40170876700000E+006, +4.111052E-003, -1.752807E-003
+3.43736022900000E+006, +4.119456E-003, -1.064905E-003
+3.47301169000000E+006, +3.601499E-003, -3.173632E-003
+3.50866315100000E+006, +4.087203E-003, -1.463273E-003
+3.54431461200000E+006, +4.335826E-003, -2.018399E-003
+3.57996607400000E+006, +1.489964E-003, -6.361958E-003
+3.61561753500000E+006, -3.781531E-003, +7.618087E-003
+3.65126899600000E+006, -1.346383E-002, -1.869355E-002
+3.68692045800000E+006, +2.974410E-003, -2.755317E-003
+3.72257191900000E+006, +3.061632E-003, -3.026656E-003
+3.75822338000000E+006, +2.541930E-003, -3.066569E-003
+3.79387484200000E+006, +1.347294E-003, -2.624378E-003
+3.82952630300000E+006, +2.983557E-003, -4.143949E-003
+3.86517776400000E+006, +1.093222E-003, -3.199534E-003
+3.90082922600000E+006, +6.424462E-004, -3.119952E-003
+3.93648068700000E+006, +1.330936E-003, -4.242405E-003
+3.97213214800000E+006, +2.220708E-003, -2.647376E-003
+4.00778361000000E+006, +3.519126E-004, -3.022213E-003
+4.04343507100000E+006, +2.115783E-003, -3.334384E-003
+4.07908653200000E+006, -1.088558E-003, -4.405654E-003
+4.11473799300000E+006, +2.632160E-004, -3.567725E-003
+4.15038945500000E+006, -5.369377E-004, -2.758249E-003
+4.18604091600000E+006, -3.618035E-004, -2.505454E-003
+4.22169237700000E+006, +1.085250E-003, -4.374859E-003
+4.25734383900000E+006, +1.957181E-004, -5.004128E-003
+4.29299530000000E+006, -8.844484E-004, -3.610963E-003
+4.33397798000000E+006, -1.825703E-003, -3.443222E-003
+4.38115275300000E+006, -1.938852E-003, -3.691505E-003
+4.42832752600000E+006, -3.083921E-003, -2.047759E-003
+4.47550229900000E+006, -4.934417E-003, -2.207534E-003
+4.52267707200000E+006, -5.175668E-003, -5.133778E-004
+4.56985184600000E+006, -5.056422E-003, -1.359162E-004
+4.61702661900000E+006, -4.887236E-003, +1.837396E-003
+4.66420139200000E+006, -5.144539E-003, +2.240221E-003
+4.71137616500000E+006, -4.696019E-003, +3.272998E-003
+4.75855093800000E+006, -4.477220E-003, +4.943969E-003
+4.80572571100000E+006, -3.547483E-003, +6.321852E-003
+4.85290048400000E+006, -2.702433E-003, +7.200047E-003
+4.90007525700000E+006, -2.219404E-003, +8.022541E-003
+4.94725003000000E+006, +1.468974E-004, +8.423815E-003
+4.99442480300000E+006, -3.253970E-005, +9.247814E-003
+5.04159957700000E+006, -3.786956E-004, +9.660556E-003
+5.08877435000000E+006, +2.584345E-003, +8.067233E-003
+5.13594912300000E+006, +3.061079E-003, +9.727409E-003
+5.18312389600000E+006, +3.474917E-003, +9.177537E-003
+5.23029866900000E+006, +5.632138E-003, +7.885854E-003
+5.27747344200000E+006, +6.537069E-003, +8.756184E-003
+5.32464821500000E+006, +5.823498E-003, +7.652257E-003
+5.37182298800000E+006, +7.786157E-003, +7.287794E-003
+5.41899776100000E+006, +8.020177E-003, +8.179534E-003
+5.46617253500000E+006, +7.429412E-003, +5.021310E-003
+5.51334730800000E+006, +6.685009E-003, +6.828425E-003
+5.56052208100000E+006, +8.890655E-003, +6.421989E-003
+5.60769685400000E+006, +7.508546E-003, +4.782976E-003
+5.65487162700000E+006, +8.837853E-003, +4.701179E-003
+5.70885533400000E+006, +9.583412E-003, +3.884227E-003
+5.77130473800000E+006, +7.489834E-003, +2.073178E-003
+5.83375414200000E+006, +5.928458E-003, +1.923412E-003
+5.89620354600000E+006, +6.971238E-003, +8.298708E-004
+5.95865295000000E+006, +5.729655E-003, +1.824907E-003
+6.02110235400000E+006, +6.457416E-003, +2.213618E-003
+6.08355175800000E+006, +5.749365E-003, +1.097290E-003
+6.14600116200000E+006, +3.879007E-003, +2.230654E-003
+6.20845056600000E+006, +4.876933E-003, +2.166522E-003
+6.27089997000000E+006, +4.197101E-003, +2.169188E-003
+6.33334937400000E+006, +4.522671E-003, +2.263379E-003
+6.39579877800000E+006, +4.522086E-003, +4.189077E-003
+6.45824818200000E+006, +2.951720E-003, +1.338462E-003
+6.52069758600000E+006, +2.741879E-003, +3.551010E-003
+6.58314699000000E+006, +3.069200E-003, +5.499206E-003
+6.64559639300000E+006, +4.278309E-003, +2.783887E-003
+6.70804579700000E+006, +4.258753E-003, +4.157000E-003
+6.77049520100000E+006, +3.500752E-003, +4.926697E-003
+6.83294460500000E+006, +3.837795E-003, +5.616519E-003
+6.89539400900000E+006, +3.624670E-003, +5.394374E-003
+6.95784341300000E+006, +2.470831E-003, +4.998300E-003
+7.02029281700000E+006, +2.934423E-003, +5.934213E-003
+7.08274222100000E+006, +2.458559E-003, +8.349987E-003
+7.14519162500000E+006, +2.533674E-003, +8.452753E-003
+7.20764102900000E+006, +3.113594E-003, +7.479456E-003
+7.27009043300000E+006, +3.029516E-003, +9.083930E-003
+7.33253983700000E+006, +2.299684E-003, +9.299112E-003
+7.39498924100000E+006, +3.861711E-003, +6.925405E-003
+7.45743864500000E+006, +2.942103E-003, +8.643718E-003
+7.51988804900000E+006, +2.004435E-003, +9.936331E-003
+7.59167596200000E+006, +3.859884E-003, +9.530852E-003
+7.67472161800000E+006, +1.963374E-003, +9.474912E-003
+7.75776727500000E+006, +1.841307E-003, +9.983252E-003
+7.84081293100000E+006, +2.442719E-003, +1.029740E-002
+7.92385858800000E+006, +3.139446E-003, +1.238236E-002
+8.00690424400000E+006, +3.643879E-003, +1.150134E-002
+8.08994990100000E+006, +1.785035E-003, +1.150268E-002
+8.17299555700000E+006, +3.204301E-003, +1.347830E-002
+8.25604121400000E+006, +2.115840E-003, +1.358482E-002
+8.33908687000000E+006, +2.970885E-003, +1.374613E-002
+8.42213252700000E+006, +1.814103E-003, +1.429072E-002
+8.50517818300000E+006, +6.700438E-004, +1.349434E-002
+8.58822384000000E+006, +1.331280E-003, +1.579861E-002
+8.67126949600000E+006, +1.453382E-003, +1.739814E-002
+8.75431515300000E+006, +7.622787E-004, +1.863293E-002
+8.83736080900000E+006, +6.818550E-004, +1.797360E-002
+8.92040646600000E+006, +5.156252E-004, +1.962240E-002
+9.00345212200000E+006, +1.808958E-004, +2.038977E-002
+9.08649777900000E+006, +1.531849E-003, +2.092633E-002
+9.16954343500000E+006, -1.268578E-004, +2.163575E-002
+9.25258909200000E+006, -4.462292E-004, +2.388448E-002
+9.33563474800000E+006, -1.275409E-003, +2.300872E-002
+9.41868040500000E+006, -1.995648E-003, +2.471836E-002
+9.50172606100000E+006, -1.509054E-003, +2.677380E-002
+9.58477171800000E+006, -6.715679E-004, +2.842097E-002
+9.66781737400000E+006, -1.522450E-003, +2.642004E-002
+9.75086303100000E+006, -2.851390E-003, +2.875983E-002
+9.83390868700000E+006, -3.106701E-003, +2.873787E-002
+9.91695434400000E+006, -1.648395E-003, +3.295552E-002
+1.00000000000000E+007, -1.145156E-003, +3.235946E-002
