+1.00000000000000E+004, +5.864551E+000, +4.216896E+001
+1.00999060000000E+004, +1.491509E+001, +4.374667E+001
+1.01998110000000E+004, -1.471269E+000, +6.955102E+001
+1.02997170000000E+004, +1.350482E+000, +4.466618E+001
+1.03996230000000E+004, +1.282889E+001, +3.840697E+001
+1.04995280000000E+004, -3.372521E-002, +3.603858E+001
+1.05994340000000E+004, -2.988653E+000, +4.208494E+001
+1.06993400000000E+004, -5.591373E+000, +4.140245E+001
+1.07992460000000E+004, -1.757975E+000, +3.447024E+001
+1.08991510000000E+004, -3.977693E+000, +3.676040E+001
+1.09990570000000E+004, -2.787069E+000, +3.595715E+001
+1.10989630000000E+004, -2.041846E+000, +3.604110E+001
+1.11988680000000E+004, -1.159547E+000, +3.262472E+001
+1.12987740000000E+004, -6.046193E+000, +3.690622E+001
+1.13986800000000E+004, +3.731512E+000, +3.881760E+001
+1.14985850000000E+004, -2.114780E-001, +4.004942E+001
+1.15984910000000E+004, -6.114255E-001, +3.690114E+001
+1.16983970000000E+004, -9.897143E-001, +2.904200E+001
+1.17983030000000E+004, -4.239906E+000, +3.025677E+001
+1.18982080000000E+004, -7.731716E+000, +2.746967E+001
+1.19981140000000E+004, -9.253807E-001, +3.082880E+001
+1.20980200000000E+004, -4.245029E+000, +2.685070E+001
+1.21979250000000E+004, -5.642476E+000, +2.961518E+001
+1.22978310000000E+004, -2.298465E+000, +2.752988E+001
+1.23977370000000E+004, -3.413069E+000, +2.563805E+001
+1.24976420000000E+004, -6.872512E+000, +2.598554E+001
+1.25975480000000E+004, -3.758457E+000, +2.405897E+001
+1.26974540000000E+004, -3.650475E+000, +2.457293E+001
+1.27973600000000E+004, -2.839603E+000, +2.157744E+001
+1.28972650000000E+004, -3.695683E+000, +2.394115E+001
+1.29971710000000E+004, -5.375216E+000, +2.146580E+001
+1.30970770000000E+004, -4.980705E+000, +2.273601E+001
+1.31969820000000E+004, -4.828708E+000, +2.059010E+001
+1.32968880000000E+004, -4.242951E+000, +2.006430E+001
+1.34121990000000E+004, -6.111214E+000, +2.062712E+001
+1.35455900000000E+004, -6.133528E+000, +1.809293E+001
+1.36789820000000E+004, -5.781358E+000, +1.760020E+001
+1.38123730000000E+004, -4.027346E+000, +1.819310E+001
+1.39457640000000E+004, -6.297226E+000, +1.588074E+001
+1.40791560000000E+004, -5.255862E+000, +1.612474E+001
+1.42125470000000E+004, -4.899716E+000, +1.652930E+001
+1.43459380000000E+004, -7.382039E+000, +1.721337E+001
+1.44793300000000E+004, -4.893854E+000, +1.415061E+001
+1.46127210000000E+004, -4.788222E+000, +1.461219E+001
+1.47461120000000E+004, -4.802282E+000, +1.402820E+001
+1.48795040000000E+004, -5.778142E+000, +1.376066E+001
+1.50128950000000E+004, -6.405551E+000, +1.314961E+001
+1.51462860000000E+004, -6.217517E+000, +1.344358E+001
+1.52796780000000E+004, -6.012591E+000, +1.279838E+001
+1.54130690000000E+004, -5.835769E+000, +1.204363E+001
+1.55464610000000E+004, -5.271862E+000, +1.170713E+001
+1.56798520000000E+004, -5.507479E+000, +1.076049E+001
+1.58132430000000E+004, -6.093210E+000, +1.119225E+001
+1.59466350000000E+004, -6.212322E+000, +1.162201E+001
+1.60800260000000E+004, -6.112339E+000, +1.089276E+001
+1.62134170000000E+004, -6.030389E+000, +1.079136E+001
+1.63468090000000E+004, -6.004510E+000, +1.068812E+001
+1.64802000000000E+004, -5.614923E+000, +9.896681E+000
+1.66135910000000E+004, -5.892940E+000, +9.782502E+000
+1.67469830000000E+004, -6.089520E+000, +8.740834E+000
+1.68803740000000E+004, -5.992833E+000, +8.656153E+000
+1.70137650000000E+004, -5.913719E+000, +8.583780E+000
+1.71471570000000E+004, -5.779367E+000, +8.388764E+000
+1.72805480000000E+004, -5.456842E+000, +8.588964E+000
+1.74139390000000E+004, -5.990603E+000, +8.488436E+000
+1.75473310000000E+004, -5.285277E+000, +7.700335E+000
+1.76807220000000E+004, -5.955553E+000, +7.826947E+000
+1.78340510000000E+004, -5.160908E+000, +7.496182E+000
+1.80114200000000E+004, -5.775915E+000, +6.536838E+000
+1.81887890000000E+004, -5.675921E+000, +6.790369E+000
+1.83661580000000E+004, -5.570745E+000, +6.193367E+000
+1.85435270000000E+004, -5.560877E+000, +6.202366E+000
+1.87208960000000E+004, -5.341588E+000, +5.980635E+000
+1.88982650000000E+004, -5.592325E+000, +5.588456E+000
+1.90756340000000E+004, -5.540422E+000, +4.896577E+000
+1.92530030000000E+004, -5.425010E+000, +5.136272E+000
+1.94303720000000E+004, -5.052813E+000, +5.206025E+000
+1.96077410000000E+004, -5.382309E+000, +4.786649E+000
+1.97851100000000E+004, -5.293025E+000, +4.487313E+000
+1.99624790000000E+004, -5.343644E+000, +4.470313E+000
+2.01398480000000E+004, -5.242917E+000, +4.236201E+000
+2.03172170000000E+004, -5.328454E+000, +3.993064E+000
+2.04945860000000E+004, -5.293376E+000, +4.089215E+000
+2.06719550000000E+004, -4.979586E+000, +3.808130E+000
+2.08493230000000E+004, -4.858974E+000, +3.587320E+000
+2.10266920000000E+004, -4.937025E+000, +3.577528E+000
+2.12040610000000E+004, -4.819727E+000, +3.650847E+000
+2.13814300000000E+004, -4.822038E+000, +3.399439E+000
+2.15587990000000E+004, -4.739594E+000, +3.287854E+000
+2.17361680000000E+004, -4.771403E+000, +3.096156E+000
+2.19135370000000E+004, -4.626435E+000, +2.927760E+000
+2.20909060000000E+004, -4.552497E+000, +2.973387E+000
+2.22682750000000E+004, -4.379637E+000, +2.725982E+000
+2.24456440000000E+004, -4.394239E+000, +2.716020E+000
+2.26230130000000E+004, -4.277524E+000, +2.647523E+000
+2.28003820000000E+004, -4.362434E+000, +2.507435E+000
+2.29777510000000E+004, -4.421175E+000, +2.363210E+000
+2.31551200000000E+004, -4.281416E+000, +2.346932E+000
+2.33324890000000E+004, -4.332182E+000, +2.158133E+000
+2.35098580000000E+004, -4.281044E+000, +2.204899E+000
+2.37137370000000E+004, -4.185574E+000, +2.012868E+000
+2.39506510000000E+004, -4.239864E+000, +1.762770E+000
+2.41875640000000E+004, -4.172219E+000, +1.781396E+000
+2.44244780000000E+004, -4.216951E+000, +1.733941E+000
+2.46613920000000E+004, -3.997837E+000, +1.703234E+000
+2.48983060000000E+004, -3.942293E+000, +1.521940E+000
+2.51352190000000E+004, -3.883008E+000, +1.363003E+000
+2.53721330000000E+004, -3.765896E+000, +1.423918E+000
+2.56090470000000E+004, -3.823541E+000, +1.280668E+000
+2.58459610000000E+004, -3.834435E+000, +1.146065E+000
+2.60828740000000E+004, -3.810614E+000, +1.136374E+000
+2.63197880000000E+004, -3.607920E+000, +9.789212E-001
+2.65567020000000E+004, -3.564673E+000, +1.040394E+000
+2.67936150000000E+004, -3.564451E+000, +9.131342E-001
+2.70305290000000E+004, -3.567230E+000, +8.634253E-001
+2.72674430000000E+004, -3.554041E+000, +7.575376E-001
+2.75043570000000E+004, -3.423008E+000, +7.419883E-001
+2.77412700000000E+004, -3.401942E+000, +7.246044E-001
+2.79781840000000E+004, -3.382825E+000, +6.692264E-001
+2.82150980000000E+004, -3.317895E+000, +5.815766E-001
+2.84520120000000E+004, -3.229196E+000, +6.209269E-001
+2.86889250000000E+004, -3.189357E+000, +4.586158E-001
+2.89258390000000E+004, -3.141213E+000, +4.728839E-001
+2.91627530000000E+004, -3.152950E+000, +3.621960E-001
+2.93996660000000E+004, -3.162879E+000, +3.442621E-001
+2.96365800000000E+004, -3.073143E+000, +3.346080E-001
+2.98734940000000E+004, -3.027165E+000, +2.877121E-001
+3.01104080000000E+004, -2.976516E+000, +2.778134E-001
+3.03473210000000E+004, -2.936348E+000, +2.905121E-001
+3.05842350000000E+004, -2.993945E+000, +2.143849E-001
+3.08211490000000E+004, -2.902453E+000, +1.223719E-001
+3.10580630000000E+004, -2.891416E+000, +1.063214E-001
+3.12949760000000E+004, -2.802925E+000, +1.035512E-001
+3.15318900000000E+004, -2.773564E+000, +8.644363E-002
+3.18053370000000E+004, -2.772421E+000, +1.441149E-002
+3.21216580000000E+004, -2.768244E+000, +2.456387E-002
+3.24379780000000E+004, -2.677173E+000, +5.867744E-003
+3.27542990000000E+004, -2.625967E+000, -7.432830E-003
+3.30706200000000E+004, -2.639328E+000, -4.491404E-002
+3.33869410000000E+004, -2.559485E+000, -7.051228E-002
+3.37032610000000E+004, -2.547945E+000, -7.364801E-002
+3.40195820000000E+004, -2.460061E+000, -1.159220E-001
+3.43359030000000E+004, -2.437114E+000, -1.308741E-001
+3.46522230000000E+004, -2.417781E+000, -1.326507E-001
+3.49685440000000E+004, -2.406742E+000, -1.592424E-001
+3.52848650000000E+004, -2.340230E+000, -1.832986E-001
+3.56011860000000E+004, -2.213178E+000, -1.363853E-001
+3.59175060000000E+004, -2.212444E+000, -1.444732E-001
+3.62338270000000E+004, -2.176435E+000, -8.191919E-002
+3.65501480000000E+004, -1.552558E+000, +7.111669E-001
+3.68664690000000E+004, -8.567164E-001, -1.384537E+000
+3.71827890000000E+004, -2.155772E+000, -5.385581E-001
+3.74991100000000E+004, -2.099844E+000, -6.127474E-001
+3.78154310000000E+004, -2.106666E+000, -5.923093E-001
+3.81317510000000E+004, -2.113453E+000, -5.584826E-001
+3.84480720000000E+004, -2.070226E+000, -5.703657E-001
+3.87643930000000E+004, -2.038096E+000, -5.550662E-001
+3.90807140000000E+004, -1.988987E+000, -5.323454E-001
+3.93970340000000E+004, -1.993441E+000, -5.565161E-001
+3.97133550000000E+004, -1.966494E+000, -5.416014E-001
+4.00296760000000E+004, -1.976918E+000, -5.611265E-001
+4.03459960000000E+004, -1.916923E+000, -5.555919E-001
+4.06623170000000E+004, -1.896405E+000, -5.619502E-001
+4.09786380000000E+004, -1.883358E+000, -5.707842E-001
+4.12949590000000E+004, -1.863444E+000, -5.893518E-001
+4.16112790000000E+004, -1.829437E+000, -5.721688E-001
+4.19276000000000E+004, -1.806122E+000, -6.046604E-001
+4.22911990000000E+004, -1.782686E+000, -6.190097E-001
+4.27118070000000E+004, -1.749764E+000, -6.052694E-001
+4.31324150000000E+004, -1.728088E+000, -6.078184E-001
+4.35530230000000E+004, -1.712162E+000, -6.227391E-001
+4.39736310000000E+004, -1.681105E+000, -6.220144E-001
+4.43942390000000E+004, -1.642736E+000, -6.249266E-001
+4.48148480000000E+004, -1.618263E+000, -6.563349E-001
+4.52354560000000E+004, -1.603179E+000, -6.245484E-001
+4.56560640000000E+004, -1.565305E+000, -6.416361E-001
+4.60766720000000E+004, -1.552464E+000, -6.550676E-001
+4.64972800000000E+004, -1.530530E+000, -6.372493E-001
+4.69178880000000E+004, -1.517797E+000, -6.851900E-001
+4.73384960000000E+004, -1.502550E+000, -6.711621E-001
+4.77591040000000E+004, -1.474368E+000, -6.704978E-001
+4.81797120000000E+004, -1.460851E+000, -6.740150E-001
+4.86003200000000E+004, -1.454037E+000, -6.751772E-001
+4.90209290000000E+004, -1.411285E+000, -6.735978E-001
+4.94415370000000E+004, -1.397127E+000, -6.722649E-001
+4.98621450000000E+004, -1.398393E+000, -6.775252E-001
+5.02827530000000E+004, -1.385871E+000, -6.430230E-001
+5.07033610000000E+004, -1.342403E+000, -6.315773E-001
+5.11239690000000E+004, -1.321086E+000, -6.791490E-001
+5.15445770000000E+004, -1.292531E+000, -6.596509E-001
+5.19651850000000E+004, -1.288267E+000, -6.644545E-001
+5.23857930000000E+004, -1.256800E+000, -6.746032E-001
+5.28064010000000E+004, -1.237839E+000, -6.785688E-001
+5.32270090000000E+004, -1.224949E+000, -6.885673E-001
+5.36476180000000E+004, -1.203148E+000, -6.804363E-001
+5.40682260000000E+004, -1.196039E+000, -6.826254E-001
+5.44888340000000E+004, -1.177524E+000, -6.899323E-001
+5.49094420000000E+004, -1.160100E+000, -7.171338E-001
+5.53300500000000E+004, -1.148891E+000, -7.020655E-001
+5.57506580000000E+004, -1.153070E+000, -6.926618E-001
+5.62341330000000E+004, -1.133820E+000, -6.961976E-001
+5.67959440000000E+004, -1.112592E+000, -6.842012E-001
+5.73577550000000E+004, -1.086555E+000, -7.002978E-001
+5.79195660000000E+004, -1.068140E+000, -6.976216E-001
+5.84813770000000E+004, -1.054990E+000, -7.144808E-001
+5.90431880000000E+004, -1.060042E+000, -7.212777E-001
+5.96049990000000E+004, -1.069862E+000, -7.177597E-001
+6.01668100000000E+004, -1.060331E+000, -7.038838E-001
+6.07286210000000E+004, -1.063577E+000, -6.938443E-001
+6.12904310000000E+004, -1.026388E+000, -6.493604E-001
+6.18522420000000E+004, -9.941944E-001, -6.865761E-001
+6.24140530000000E+004, -9.960679E-001, -6.839971E-001
+6.29758640000000E+004, -9.884191E-001, -6.814657E-001
+6.35376750000000E+004, -9.675574E-001, -6.672686E-001
+6.40994860000000E+004, -9.568921E-001, -6.711501E-001
+6.46612970000000E+004, -9.472270E-001, -6.782809E-001
+6.52231080000000E+004, -9.271741E-001, -6.688993E-001
+6.57849190000000E+004, -9.229168E-001, -6.699176E-001
+6.63467300000000E+004, -9.147943E-001, -6.714130E-001
+6.69085410000000E+004, -9.055331E-001, -6.663505E-001
+6.74703520000000E+004, -8.943585E-001, -6.571599E-001
+6.80321630000000E+004, -8.930215E-001, -6.553670E-001
+6.85939740000000E+004, -8.868488E-001, -6.537254E-001
+6.91557850000000E+004, -8.686972E-001, -6.513640E-001
+6.97175960000000E+004, -8.487586E-001, -6.573687E-001
+7.02794060000000E+004, -8.539997E-001, -6.601108E-001
+7.08412170000000E+004, -8.435189E-001, -6.484404E-001
+7.14030280000000E+004, -8.364934E-001, -6.441913E-001
+7.19648390000000E+004, -8.212295E-001, -6.466300E-001
+7.25266500000000E+004, -8.101270E-001, -6.476043E-001
+7.30884610000000E+004, -7.671682E-001, -7.063993E-001
+7.36502720000000E+004, -9.060704E-001, -6.641168E-001
+7.42120830000000E+004, -8.447982E-001, -6.091750E-001
+7.47738940000000E+004, -8.133988E-001, -5.718777E-001
+7.54223400000000E+004, -7.830082E-001, -5.934901E-001
+7.61724550000000E+004, -7.731754E-001, -5.907032E-001
+7.69225690000000E+004, -7.607628E-001, -5.840005E-001
+7.76726840000000E+004, -7.393476E-001, -5.895752E-001
+7.84227980000000E+004, -7.404330E-001, -5.841566E-001
+7.91729130000000E+004, -7.339422E-001, -5.836670E-001
+7.99230280000000E+004, -7.184093E-001, -5.760927E-001
+8.06731420000000E+004, -7.119952E-001, -5.624063E-001
+8.14232570000000E+004, -6.966233E-001, -5.659541E-001
+8.21733710000000E+004, -6.889374E-001, -5.574155E-001
+8.29234860000000E+004, -6.736503E-001, -5.548351E-001
+8.36736010000000E+004, -6.594945E-001, -5.553744E-001
+8.44237150000000E+004, -6.511567E-001, -5.614415E-001
+8.51738300000000E+004, -6.433833E-001, -5.693099E-001
+8.59239440000000E+004, -6.430115E-001, -5.720111E-001
+8.66740590000000E+004, -6.501292E-001, -5.666835E-001
+8.74241740000000E+004, -6.455352E-001, -5.574468E-001
+8.81742880000000E+004, -6.258408E-001, -5.562819E-001
+8.89244030000000E+004, -6.227547E-001, -5.552802E-001
+8.96745170000000E+004, -6.118323E-001, -5.587269E-001
+9.04246320000000E+004, -6.059788E-001, -5.605060E-001
+9.11747460000000E+004, -6.044993E-001, -5.594712E-001
+9.19248610000000E+004, -5.952427E-001, -5.572599E-001
+9.26749760000000E+004, -5.906892E-001, -5.595833E-001
+9.34250900000000E+004, -5.835333E-001, -5.609475E-001
+9.41752050000000E+004, -5.787016E-001, -5.602591E-001
+9.49253190000000E+004, -5.732206E-001, -5.604610E-001
+9.56754340000000E+004, -5.708879E-001, -5.464804E-001
+9.64255490000000E+004, -5.695258E-001, -5.600915E-001
+9.71756630000000E+004, -5.567623E-001, -5.639381E-001
+9.79257780000000E+004, -5.536060E-001, -5.697086E-001
+9.86758920000000E+004, -5.446498E-001, -5.834463E-001
+9.94260070000000E+004, -5.627061E-001, -5.970738E-001
+1.00288238000000E+005, -6.186664E-001, -5.992580E-001
+1.01285657000000E+005, -6.595985E-001, -5.410107E-001
+1.02283076000000E+005, -6.442368E-001, -5.111769E-001
+1.03280495000000E+005, -6.246752E-001, -5.008525E-001
+1.04277914000000E+005, -6.136721E-001, -4.922553E-001
+1.05275333000000E+005, -6.026318E-001, -4.881344E-001
+1.06272752000000E+005, -6.011361E-001, -4.813560E-001
+1.07270171000000E+005, -5.965716E-001, -4.664820E-001
+1.08267590000000E+005, -5.826080E-001, -4.628451E-001
+1.09265009000000E+005, -5.745012E-001, -4.747547E-001
+1.10262428000000E+005, -5.798309E-001, -4.441984E-001
+1.11259847000000E+005, -5.579934E-001, -4.346458E-001
+1.12257266000000E+005, -5.671635E-001, -4.466660E-001
+1.13254685000000E+005, -5.731211E-001, -4.342239E-001
+1.14252104000000E+005, -5.779012E-001, -4.131572E-001
+1.15249523000000E+005, -5.745914E-001, -3.982005E-001
+1.16246942000000E+005, -5.580083E-001, -3.926620E-001
+1.17244360000000E+005, -5.527337E-001, -3.870411E-001
+1.18241779000000E+005, -5.411924E-001, -3.790596E-001
+1.19239198000000E+005, -5.328184E-001, -3.749569E-001
+1.20236617000000E+005, -5.307110E-001, -3.691356E-001
+1.21234036000000E+005, -5.322753E-001, -3.753743E-001
+1.22231455000000E+005, -5.233889E-001, -3.547251E-001
+1.23228874000000E+005, -5.134383E-001, -3.468118E-001
+1.24226293000000E+005, -5.077957E-001, -3.377284E-001
+1.25223712000000E+005, -4.940329E-001, -3.236901E-001
+1.26221131000000E+005, -4.808763E-001, -3.165981E-001
+1.27218550000000E+005, -4.555203E-001, -3.104226E-001
+1.28215969000000E+005, -4.178469E-001, -4.191708E-001
+1.29213388000000E+005, -4.486109E-001, -3.218005E-001
+1.30210807000000E+005, -4.377490E-001, -3.427420E-001
+1.31208226000000E+005, -4.395803E-001, -3.520721E-001
+1.32205645000000E+005, -4.514210E-001, -3.525195E-001
+1.33352143000000E+005, -4.601363E-001, -3.456458E-001
+1.34684407000000E+005, -4.596487E-001, -3.314926E-001
+1.36016671000000E+005, -4.618400E-001, -3.291647E-001
+1.37348934000000E+005, -4.615896E-001, -3.185025E-001
+1.38681198000000E+005, -4.604720E-001, -3.077279E-001
+1.40013462000000E+005, -4.575306E-001, -2.956381E-001
+1.41345726000000E+005, -4.483446E-001, -2.937924E-001
+1.42677989000000E+005, -4.440959E-001, -2.872406E-001
+1.44010253000000E+005, -4.387364E-001, -2.817752E-001
+1.45342517000000E+005, -4.354940E-001, -2.783706E-001
+1.46674781000000E+005, -4.336911E-001, -2.664625E-001
+1.48007044000000E+005, -4.207454E-001, -2.677270E-001
+1.49339308000000E+005, -4.246138E-001, -2.680267E-001
+1.50671572000000E+005, -4.229528E-001, -2.611336E-001
+1.52003836000000E+005, -4.239879E-001, -2.532248E-001
+1.53336099000000E+005, -4.221324E-001, -2.486378E-001
+1.54668363000000E+005, -4.378127E-001, -2.617321E-001
+1.56000627000000E+005, -4.313925E-001, -2.514579E-001
+1.57332891000000E+005, -4.272603E-001, -2.421687E-001
+1.58665154000000E+005, -4.205344E-001, -2.348965E-001
+1.59997418000000E+005, -4.150052E-001, -2.304849E-001
+1.61329682000000E+005, -4.090331E-001, -2.267478E-001
+1.62661946000000E+005, -4.030177E-001, -2.248387E-001
+1.63994209000000E+005, -4.008648E-001, -2.205999E-001
+1.65326473000000E+005, -3.982606E-001, -2.191884E-001
+1.66658737000000E+005, -3.988777E-001, -2.217579E-001
+1.67991001000000E+005, -3.948531E-001, -2.079024E-001
+1.69323264000000E+005, -3.880852E-001, -2.021048E-001
+1.70655528000000E+005, -3.822967E-001, -1.969339E-001
+1.71987792000000E+005, -3.742223E-001, -1.972123E-001
+1.73320056000000E+005, -3.712705E-001, -1.927627E-001
+1.74652319000000E+005, -3.663609E-001, -1.935452E-001
+1.75984583000000E+005, -3.626533E-001, -1.882345E-001
+1.77316847000000E+005, -3.566628E-001, -1.863802E-001
+1.78854553000000E+005, -3.531507E-001, -1.849451E-001
+1.80633355000000E+005, -3.519230E-001, -1.856555E-001
+1.82412157000000E+005, -3.415492E-001, -1.770309E-001
+1.84190959000000E+005, -3.294217E-001, -1.689435E-001
+1.85969761000000E+005, -3.285677E-001, -1.647696E-001
+1.87748563000000E+005, -3.227536E-001, -1.602512E-001
+1.89527366000000E+005, -3.175258E-001, -1.568469E-001
+1.91306168000000E+005, -3.112777E-001, -1.553469E-001
+1.93084970000000E+005, -3.111000E-001, -1.538846E-001
+1.94863772000000E+005, -3.094498E-001, -1.507820E-001
+1.96642574000000E+005, -3.059664E-001, -1.452088E-001
+1.98421376000000E+005, -2.920325E-001, -1.367421E-001
+2.00200178000000E+005, -2.987954E-001, -1.390083E-001
+2.01978980000000E+005, -2.958317E-001, -1.345987E-001
+2.03757782000000E+005, -2.897442E-001, -1.299706E-001
+2.05536584000000E+005, -2.802753E-001, -1.313303E-001
+2.07315387000000E+005, -2.792284E-001, -1.353929E-001
+2.09094189000000E+005, -2.773634E-001, -1.439715E-001
+2.10872991000000E+005, -2.805482E-001, -1.405487E-001
+2.12651793000000E+005, -2.853972E-001, -1.405533E-001
+2.14430595000000E+005, -2.885546E-001, -1.335758E-001
+2.16209397000000E+005, -2.850334E-001, -1.224201E-001
+2.17988199000000E+005, -2.784571E-001, -1.196267E-001
+2.19767001000000E+005, -2.719036E-001, -1.197390E-001
+2.21545803000000E+005, -2.726301E-001, -1.175387E-001
+2.23324605000000E+005, -2.719931E-001, -1.231607E-001
+2.25103407000000E+005, -2.745140E-001, -1.187425E-001
+2.26882210000000E+005, -2.749265E-001, -1.152873E-001
+2.28661012000000E+005, -2.762313E-001, -1.097748E-001
+2.30439814000000E+005, -2.746452E-001, -1.021968E-001
+2.32218616000000E+005, -2.667795E-001, -9.665367E-002
+2.33997418000000E+005, -2.624842E-001, -9.470880E-002
+2.35776220000000E+005, -2.601712E-001, -9.572614E-002
+2.37820890000000E+005, -2.560921E-001, -8.876395E-002
+2.40186143000000E+005, -2.548221E-001, -8.834817E-002
+2.42551396000000E+005, -2.507562E-001, -8.811741E-002
+2.44916649000000E+005, -2.495598E-001, -8.736081E-002
+2.47281903000000E+005, -2.469332E-001, -8.370095E-002
+2.49647156000000E+005, -2.431947E-001, -8.307027E-002
+2.52012409000000E+005, -2.404353E-001, -8.127631E-002
+2.54377662000000E+005, -2.394572E-001, -8.200585E-002
+2.56742915000000E+005, -2.364492E-001, -7.809112E-002
+2.59108168000000E+005, -2.358311E-001, -7.598273E-002
+2.61473422000000E+005, -2.349716E-001, -7.395191E-002
+2.63838675000000E+005, -2.340528E-001, -7.169063E-002
+2.66203928000000E+005, -2.310170E-001, -7.106218E-002
+2.68569181000000E+005, -2.317416E-001, -6.906767E-002
+2.70934434000000E+005, -2.301957E-001, -6.557224E-002
+2.73299687000000E+005, -2.296697E-001, -6.236576E-002
+2.75664941000000E+005, -2.279699E-001, -5.974582E-002
+2.78030194000000E+005, -2.263872E-001, -5.617443E-002
+2.80395447000000E+005, -2.213992E-001, -5.196258E-002
+2.82760700000000E+005, -2.171923E-001, -6.453145E-002
+2.85125953000000E+005, -2.160616E-001, -4.907236E-002
+2.87491206000000E+005, -2.130930E-001, -5.037263E-002
+2.89856459000000E+005, -2.120056E-001, -5.089197E-002
+2.92221713000000E+005, -2.112765E-001, -5.021026E-002
+2.94586966000000E+005, -2.114832E-001, -4.887686E-002
+2.96952219000000E+005, -2.092686E-001, -4.698399E-002
+2.99317472000000E+005, -2.062476E-001, -4.595076E-002
+3.01682725000000E+005, -2.065948E-001, -4.510036E-002
+3.04047978000000E+005, -2.060865E-001, -4.546227E-002
+3.06413232000000E+005, -2.045368E-001, -4.276322E-002
+3.08778485000000E+005, -2.033818E-001, -4.844109E-002
+3.11143738000000E+005, -2.030767E-001, -4.083339E-002
+3.13508991000000E+005, -2.034852E-001, -3.934783E-002
+3.16227766000000E+005, -2.024552E-001, -3.690625E-002
+3.19387061000000E+005, -2.016663E-001, -3.610191E-002
+3.22546356000000E+005, -1.996545E-001, -3.381288E-002
+3.25705652000000E+005, -2.011622E-001, -3.237312E-002
+3.28864947000000E+005, -1.993369E-001, -2.973286E-002
+3.32024242000000E+005, -1.994488E-001, -3.246838E-002
+3.35183537000000E+005, -1.979581E-001, -2.615197E-002
+3.38342832000000E+005, -1.974698E-001, -2.378442E-002
+3.41502128000000E+005, -1.975746E-001, -2.152265E-002
+3.44661423000000E+005, -1.970544E-001, -1.964599E-002
+3.47820718000000E+005, -1.964445E-001, -1.809715E-002
+3.50980013000000E+005, -1.963348E-001, -1.483400E-002
+3.54139309000000E+005, -1.960569E-001, -1.169662E-002
+3.57298604000000E+005, -1.910779E-001, -5.315431E-003
+3.60457899000000E+005, -1.923488E-001, -7.589794E-003
+3.63617194000000E+005, -1.915466E-001, -5.996585E-003
+3.66776489000000E+005, -1.911981E-001, -2.293563E-003
+3.69935785000000E+005, -1.907486E-001, -6.022932E-004
+3.73095080000000E+005, -1.894383E-001, +2.073457E-003
+3.76254375000000E+005, -1.876491E-001, +5.135206E-003
+3.79413670000000E+005, -1.860168E-001, +6.054621E-003
+3.82572965000000E+005, -1.869310E-001, +7.973079E-003
+3.85732261000000E+005, -1.864292E-001, +1.168520E-002
+3.88891556000000E+005, -1.837147E-001, +1.297289E-002
+3.92050851000000E+005, -1.814663E-001, +1.482931E-002
+3.95210146000000E+005, -1.806089E-001, +1.628896E-002
+3.98369442000000E+005, -1.798530E-001, +1.757554E-002
+4.01528737000000E+005, -1.808964E-001, +1.846470E-002
+4.04688032000000E+005, -1.755065E-001, +2.240569E-002
+4.07847327000000E+005, -1.748756E-001, +2.430880E-002
+4.11006622000000E+005, -1.736441E-001, +2.745738E-002
+4.14165918000000E+005, -1.715105E-001, +2.862707E-002
+4.17325213000000E+005, -1.708207E-001, +3.093039E-002
+4.20484508000000E+005, -1.696225E-001, +3.232519E-002
+4.24130984000000E+005, -1.679431E-001, +3.636984E-002
+4.28349189000000E+005, -1.657552E-001, +3.663281E-002
+4.32567393000000E+005, -1.650988E-001, +4.123409E-002
+4.36785598000000E+005, -1.637951E-001, +4.317595E-002
+4.41003802000000E+005, -1.617016E-001, +4.587422E-002
+4.45222007000000E+005, -1.604286E-001, +4.704448E-002
+4.49440211000000E+005, -1.587933E-001, +5.154298E-002
+4.53658416000000E+005, -1.564827E-001, +5.486716E-002
+4.57876620000000E+005, -1.546749E-001, +5.733670E-002
+4.62094825000000E+005, -1.528129E-001, +5.976101E-002
+4.66313029000000E+005, -1.516071E-001, +6.208748E-002
+4.70531234000000E+005, -1.499057E-001, +6.507505E-002
+4.74749438000000E+005, -1.481403E-001, +6.734966E-002
+4.78967643000000E+005, -1.460560E-001, +6.770588E-002
+4.83185847000000E+005, -1.427889E-001, +7.216226E-002
+4.87404052000000E+005, -1.408532E-001, +7.388107E-002
+4.91622256000000E+005, -1.383751E-001, +7.704291E-002
+4.95840461000000E+005, -1.358370E-001, +7.799857E-002
+5.00058665000000E+005, -1.337691E-001, +8.116303E-002
+5.04276870000000E+005, -1.319307E-001, +8.309168E-002
+5.08495074000000E+005, -1.304096E-001, +8.573291E-002
+5.12713279000000E+005, -1.279705E-001, +8.806703E-002
+5.16931483000000E+005, -1.254630E-001, +9.058429E-002
+5.21149688000000E+005, -1.220818E-001, +9.117984E-002
+5.25367892000000E+005, -1.207769E-001, +9.373173E-002
+5.29586097000000E+005, -1.188701E-001, +9.516356E-002
+5.33804301000000E+005, -1.123155E-001, +9.807342E-002
+5.38022506000000E+005, -1.116307E-001, +9.826232E-002
+5.42240710000000E+005, -1.101646E-001, +1.013989E-001
+5.46458915000000E+005, -1.077039E-001, +1.005109E-001
+5.50677119000000E+005, -1.051224E-001, +1.031407E-001
+5.54895324000000E+005, -1.024539E-001, +1.043418E-001
+5.59113528000000E+005, -1.000535E-001, +1.063623E-001
+5.63962205000000E+005, -9.585984E-002, +1.083629E-001
+5.69571104000000E+005, -8.966103E-002, +1.111981E-001
+5.75180003000000E+005, -8.692542E-002, +1.112910E-001
+5.80788902000000E+005, -8.553728E-002, +1.127639E-001
+5.86397802000000E+005, -8.212263E-002, +1.142494E-001
+5.92006701000000E+005, -7.853678E-002, +1.150835E-001
+5.97615600000000E+005, -7.485367E-002, +1.168621E-001
+6.03224499000000E+005, -7.143615E-002, +1.173883E-001
+6.08833398000000E+005, -6.784604E-002, +1.181000E-001
+6.14442297000000E+005, -6.703584E-002, +1.172731E-001
+6.20051196000000E+005, -6.030594E-002, +1.202437E-001
+6.25660095000000E+005, -5.694485E-002, +1.209261E-001
+6.31268995000000E+005, -5.325801E-002, +1.216361E-001
+6.36877894000000E+005, -4.868017E-002, +1.176791E-001
+6.42486793000000E+005, -4.752852E-002, +1.227756E-001
+6.48095692000000E+005, -4.372165E-002, +1.233440E-001
+6.53704591000000E+005, -3.960281E-002, +1.227749E-001
+6.59313490000000E+005, -3.541441E-002, +1.239811E-001
+6.64922389000000E+005, -3.436709E-002, +1.226696E-001
+6.70531288000000E+005, -2.775258E-002, +1.230782E-001
+6.76140188000000E+005, -2.527051E-002, +1.211010E-001
+6.81749087000000E+005, -2.163957E-002, +1.202805E-001
+6.87357986000000E+005, -1.829334E-002, +1.194096E-001
+6.92966885000000E+005, -2.072916E-002, +1.103058E-001
+6.98575784000000E+005, -1.210503E-002, +1.215583E-001
+7.04184683000000E+005, -9.076522E-003, +1.198698E-001
+7.09793582000000E+005, -5.029727E-003, +1.177744E-001
+7.15402481000000E+005, -8.270001E-004, +1.241321E-001
+7.21011381000000E+005, +7.153191E-004, +1.148746E-001
+7.26620280000000E+005, +3.332886E-003, +1.138110E-001
+7.32229179000000E+005, +7.248694E-003, +1.111536E-001
+7.37838078000000E+005, +9.439599E-003, +1.095705E-001
+7.43446977000000E+005, +1.094410E-002, +1.055370E-001
+7.49894209000000E+005, +1.463290E-002, +9.977520E-002
+7.57386079000000E+005, +1.348381E-002, +9.792758E-002
+7.64877948000000E+005, -3.482703E-002, +8.490942E-002
+7.72369818000000E+005, +2.149208E-002, +1.340964E-001
+7.79861688000000E+005, +1.705249E-002, +1.414923E-001
+7.87353557000000E+005, +3.559455E-002, +1.284631E-001
+7.94845427000000E+005, +4.160685E-002, +1.181916E-001
+8.02337296000000E+005, +4.395667E-002, +1.137313E-001
+8.09829166000000E+005, +5.046678E-002, +1.106717E-001
+8.17321036000000E+005, +5.094603E-002, +1.059920E-001
+8.24812905000000E+005, +5.327973E-002, +1.018972E-001
+8.32304775000000E+005, +5.679489E-002, +9.905127E-002
+8.39796645000000E+005, +5.997824E-002, +9.591066E-002
+8.47288514000000E+005, +6.382417E-002, +9.336290E-002
+8.54780384000000E+005, +6.506333E-002, +8.974633E-002
+8.62272254000000E+005, +6.838873E-002, +8.682459E-002
+8.69764123000000E+005, +7.150580E-002, +8.334383E-002
+8.77255993000000E+005, +7.482587E-002, +7.956863E-002
+8.84747862000000E+005, +7.856404E-002, +7.582463E-002
+8.92239732000000E+005, +7.762598E-002, +7.306567E-002
+8.99731602000000E+005, +7.802204E-002, +6.993409E-002
+9.07223471000000E+005, +8.359660E-002, +6.760512E-002
+9.14715341000000E+005, +8.360736E-002, +6.284048E-002
+9.22207211000000E+005, +8.433042E-002, +5.699262E-002
+9.29699080000000E+005, +8.608483E-002, +5.569278E-002
+9.37190950000000E+005, +8.909604E-002, +5.230892E-002
+9.44682820000000E+005, +8.896783E-002, +4.920389E-002
+9.52174689000000E+005, +8.899298E-002, +4.600296E-002
+9.59666559000000E+005, +9.150124E-002, +4.176678E-002
+9.67158428000000E+005, +9.219528E-002, +3.758226E-002
+9.74650298000000E+005, +9.232663E-002, +3.530689E-002
+9.82142168000000E+005, +9.269246E-002, +3.183462E-002
+9.89634037000000E+005, +9.513741E-002, +2.893189E-002
+9.97125907000000E+005, +9.400759E-002, +2.445281E-002
+1.00577306300000E+006, +1.685180E-001, -1.098479E-001
+1.01577600200000E+006, +9.404392E-002, +1.572145E-002
+1.02577894100000E+006, +9.388442E-002, +1.159234E-002
+1.03578188100000E+006, +9.152761E-002, +6.965390E-003
+1.04578482000000E+006, +9.179494E-002, +2.267911E-003
+1.05578775900000E+006, +7.364286E-002, -3.865306E-002
+1.06579069800000E+006, +9.176745E-002, -2.405716E-003
+1.07579363800000E+006, +9.119794E-002, -1.032276E-002
+1.08579657700000E+006, +6.551279E-002, -4.629336E-002
+1.09579951600000E+006, +8.712949E-002, -1.785838E-002
+1.10580245500000E+006, +8.623702E-002, -2.222324E-002
+1.11580539400000E+006, +8.454985E-002, -2.593058E-002
+1.12580833400000E+006, +8.691377E-002, -3.019123E-002
+1.13581127300000E+006, +8.120898E-002, -3.487100E-002
+1.14581421200000E+006, +7.851957E-002, -3.706313E-002
+1.15581715100000E+006, +7.585524E-002, -4.093248E-002
+1.16582009100000E+006, +7.327577E-002, -4.426502E-002
+1.17582303000000E+006, +7.074675E-002, -4.697208E-002
+1.18582596900000E+006, +6.833871E-002, -5.032280E-002
+1.19582890800000E+006, +6.672556E-002, -5.512471E-002
+1.20583184700000E+006, +6.204248E-002, -5.525576E-002
+1.21583478700000E+006, +5.739474E-002, -6.081327E-002
+1.22583772600000E+006, +5.529911E-002, -6.178531E-002
+1.23584066500000E+006, +5.243288E-002, -6.150202E-002
+1.24584360400000E+006, +5.010875E-002, -6.388961E-002
+1.25584654300000E+006, +4.658590E-002, -6.603961E-002
+1.26584948300000E+006, +4.360137E-002, -6.773877E-002
+1.27585242200000E+006, +3.896910E-002, -6.971812E-002
+1.28585536100000E+006, +3.520497E-002, -7.107652E-002
+1.29585830000000E+006, +3.329467E-002, -7.059738E-002
+1.30586124000000E+006, +2.917441E-002, -7.530469E-002
+1.31586417900000E+006, +4.906697E-002, -7.816458E-002
+1.32586711800000E+006, +2.035272E-002, -7.416387E-002
+1.33736514400000E+006, +1.673487E-002, -7.792341E-002
+1.35066594000000E+006, +1.518930E-002, -7.665924E-002
+1.36396673600000E+006, +8.432839E-003, -8.216487E-002
+1.37726753200000E+006, -6.678650E-004, -8.044000E-002
+1.39056832800000E+006, -1.369524E-002, -8.268707E-002
+1.40386912400000E+006, -1.237896E-002, -7.981768E-002
+1.41716991900000E+006, -1.815530E-002, -7.606253E-002
+1.43047071500000E+006, -2.174212E-002, -7.512672E-002
+1.44377151100000E+006, -2.851021E-002, -7.219110E-002
+1.45707230700000E+006, -3.422748E-002, -6.806200E-002
+1.47037310300000E+006, -3.818193E-002, -6.673198E-002
+1.48367389900000E+006, -4.268779E-002, -6.349643E-002
+1.49697469500000E+006, -4.807602E-002, -5.697744E-002
+1.51027549100000E+006, -5.230194E-002, -5.504833E-002
+1.52357628700000E+006, -5.686760E-002, -4.999210E-002
+1.53687708300000E+006, -6.187136E-002, -4.442455E-002
+1.55017787900000E+006, -6.292289E-002, -3.758832E-002
+1.56347867400000E+006, -6.273827E-002, -3.161738E-002
+1.57677947000000E+006, -6.915129E-002, -2.529146E-002
+1.59008026600000E+006, -6.718305E-002, -1.785501E-002
+1.60338106200000E+006, -7.254876E-002, -1.077292E-002
+1.61668185800000E+006, -7.571549E-002, -2.791058E-003
+1.62998265400000E+006, -7.804666E-002, +1.092617E-002
+1.64328345000000E+006, -7.037093E-002, +2.197694E-002
+1.65658424600000E+006, -6.180901E-002, +3.220910E-002
+1.66988504200000E+006, -5.641692E-002, +4.027838E-002
+1.68318583800000E+006, -5.941258E-002, +3.934644E-002
+1.69648663300000E+006, +1.077482E-001, +1.642019E-001
+1.70978742900000E+006, +8.709288E-003, +1.307314E-002
+1.72308822500000E+006, -3.461634E-003, +2.436605E-003
+1.73638902100000E+006, -1.268931E-002, -4.829051E-004
+1.74968981700000E+006, -1.249393E-002, -6.986340E-004
+1.76299061300000E+006, +1.128740E-002, -2.237307E-003
+1.77827941000000E+006, -2.230324E-002, +4.282693E-004
+1.79604543300000E+006, -2.379494E-003, +5.053630E-003
+1.81381145500000E+006, -2.446039E-002, -5.498893E-003
+1.83157747800000E+006, -3.617991E-002, +1.105329E-002
+1.84934350100000E+006, -3.472501E-002, +1.746143E-002
+1.86710952300000E+006, -3.305935E-002, +1.681886E-002
+1.88487554600000E+006, -3.158675E-002, +2.284799E-002
+1.90264156800000E+006, -2.880181E-002, +2.441508E-002
+1.92040759100000E+006, -2.547779E-002, +2.886401E-002
+1.93817361400000E+006, -2.182146E-002, +3.050361E-002
+1.95593963600000E+006, -2.458035E-002, +3.295995E-002
+1.97370565900000E+006, -1.563673E-002, +3.433259E-002
+1.99147168200000E+006, -1.242222E-002, +3.649051E-002
+2.00923770400000E+006, -8.083457E-003, +3.715054E-002
+2.02700372700000E+006, -4.245045E-003, +3.627568E-002
+2.04476975000000E+006, -1.513049E-003, +3.633300E-002
+2.06253577200000E+006, +2.190183E-003, +3.638760E-002
+2.08030179500000E+006, +6.930500E-003, +3.461239E-002
+2.09806781700000E+006, +9.670281E-003, +3.429913E-002
+2.11583384000000E+006, +1.246503E-002, +3.306798E-002
+2.13359986300000E+006, +1.531329E-002, +3.142744E-002
+2.15136588500000E+006, +1.865981E-002, +2.926038E-002
+2.16913190800000E+006, +2.127076E-002, +2.575782E-002
+2.18689793100000E+006, +2.221053E-002, +2.473724E-002
+2.20466395300000E+006, +3.551723E-002, +1.659383E-002
+2.22242997600000E+006, +2.455299E-002, +1.937772E-002
+2.24019599900000E+006, +1.321556E-002, +2.072323E-002
+2.25796202100000E+006, +3.280653E-002, +1.706174E-002
+2.27572804400000E+006, +3.047636E-002, +1.292152E-002
+2.29349406600000E+006, +3.229250E-002, +8.960120E-003
+2.31126008900000E+006, +3.147322E-002, +6.833049E-003
+2.32902611200000E+006, +3.227042E-002, +3.996638E-003
+2.34679213400000E+006, +3.207325E-002, +6.337806E-004
+2.36455815700000E+006, +3.298362E-002, -8.803119E-003
+2.38506379500000E+006, +2.693196E-002, -4.283647E-003
+2.40878450200000E+006, +2.571523E-002, -7.877480E-003
+2.43250520900000E+006, +2.415286E-002, -9.493601E-003
+2.45622591600000E+006, +1.604305E-002, -7.883711E-003
+2.47994662300000E+006, +4.522586E-002, -2.492964E-002
+2.50366733000000E+006, +2.500455E-002, -2.181085E-002
+2.52738803700000E+006, +1.964588E-002, -2.274811E-002
+2.55110874400000E+006, +1.692731E-002, -2.315848E-002
+2.57482945100000E+006, +1.337373E-002, -2.441542E-002
+2.59855015800000E+006, +1.258306E-002, -2.493084E-002
+2.62227086500000E+006, +7.878092E-003, -2.475571E-002
+2.64599157200000E+006, +4.428044E-003, -2.422871E-002
+2.66971227900000E+006, +3.898067E-003, -2.465284E-002
+2.69343298600000E+006, -1.855711E-003, -2.426864E-002
+2.71715369300000E+006, +2.830858E-003, -1.850445E-002
+2.74087440000000E+006, -8.331842E-003, -2.600411E-002
+2.76459510800000E+006, -6.948875E-003, -1.864413E-002
+2.78831581500000E+006, -8.652159E-003, -1.639765E-002
+2.81203652200000E+006, -1.076977E-002, -1.569186E-002
+2.83575722900000E+006, -1.191734E-002, -1.445098E-002
+2.85947793600000E+006, -1.259988E-002, -1.158085E-002
+2.88319864300000E+006, -1.399450E-002, -1.000190E-002
+2.90691935000000E+006, -1.519917E-002, -7.525348E-003
+2.93064005700000E+006, -1.514769E-002, -5.936424E-003
+2.95436076400000E+006, -1.486360E-002, -3.662084E-003
+2.97808147100000E+006, -1.549042E-002, -2.202171E-003
+3.00180217800000E+006, -1.429894E-002, -1.101042E-004
+3.02552288500000E+006, -1.396534E-002, +1.839076E-003
+3.04924359200000E+006, -1.318192E-002, +3.792644E-003
+3.07296429900000E+006, -1.282025E-002, +6.226274E-003
+3.09668500600000E+006, -1.118710E-002, +6.634154E-003
+3.12040571300000E+006, -1.082929E-002, +8.566897E-003
+3.14412642000000E+006, -7.025500E-003, +8.508917E-003
+3.17139253800000E+006, -6.260549E-003, +9.505426E-003
+3.20293369600000E+006, -4.694505E-003, +1.109938E-002
+3.23447485300000E+006, -2.865250E-003, +1.132732E-002
+3.26601601100000E+006, +9.833279E-005, +1.199158E-002
+3.29755716900000E+006, +1.430711E-003, +1.177871E-002
+3.32909832600000E+006, +3.983021E-003, +1.063119E-002
+3.36063948400000E+006, +4.517683E-003, +1.140529E-002
+3.39218064200000E+006, +6.572765E-003, +9.450353E-003
+3.42372180000000E+006, +1.055946E-002, +7.495609E-003
+3.45526295700000E+006, +9.049274E-003, +9.318201E-003
+3.48680411500000E+006, +1.056473E-002, +6.800504E-003
+3.51834527300000E+006, +1.177289E-002, +5.030396E-003
+3.54988643000000E+006, +1.206703E-002, +3.236834E-003
+3.58142758800000E+006, +1.182319E-002, +1.619848E-003
+3.61296874600000E+006, +1.199226E-002, +5.235549E-004
+3.64450990300000E+006, +1.321106E-002, -5.244289E-003
+3.67605106100000E+006, +1.291406E-002, -6.376874E-004
+3.70759221900000E+006, +1.060889E-002, -3.422614E-003
+3.73913337600000E+006, +9.948387E-003, -5.089558E-003
+3.77067453400000E+006, +8.459602E-003, -6.078284E-003
+3.80221569200000E+006, +8.047843E-003, -6.465649E-003
+3.83375684900000E+006, +7.126679E-003, -7.029751E-003
+3.86529800700000E+006, +5.588833E-003, -6.877226E-003
+3.89683916500000E+006, +5.181589E-003, -7.751397E-003
+3.92838032300000E+006, +4.182500E-003, -8.727954E-003
+3.95992148000000E+006, +2.858920E-003, -7.275181E-003
+3.99146263800000E+006, +1.949457E-003, -6.152562E-003
+4.02300379600000E+006, +8.984460E-004, -6.649377E-003
+4.05454495300000E+006, +8.453903E-004, -6.478924E-003
+4.08608611100000E+006, -8.152708E-004, -4.692074E-003
+4.11762726900000E+006, -9.159023E-004, -4.889309E-003
+4.14916842600000E+006, -3.664923E-004, -2.787049E-003
+4.18070958400000E+006, -1.760042E-003, -2.920621E-003
+4.21696503400000E+006, +6.512563E-004, -1.155562E-003
+4.25909491300000E+006, +3.925935E-004, -2.149337E-003
+4.30122479200000E+006, -2.750167E-004, -2.098807E-004
+4.34335467100000E+006, -3.324704E-004, +5.025836E-004
+4.38548455000000E+006, +2.262293E-004, +1.044513E-003
+4.42761442900000E+006, +1.349496E-003, +1.492457E-003
+4.46974430700000E+006, +1.200527E-003, +1.574388E-003
+4.51187418600000E+006, +1.586638E-003, +2.019627E-003
+4.55400406500000E+006, +3.118692E-003, +9.173900E-004
+4.59613394400000E+006, +1.870723E-003, +1.622399E-003
+4.63826382300000E+006, +2.602600E-003, +1.995066E-003
+4.68039370200000E+006, +4.260832E-003, +1.452530E-003
+4.72252358100000E+006, +2.801821E-003, +2.125056E-003
+4.76465346000000E+006, +2.767778E-003, +2.000589E-003
+4.80678333900000E+006, +2.716669E-003, +1.927334E-003
+4.84891321800000E+006, +2.897219E-003, +1.969346E-003
+4.89104309700000E+006, +3.617244E-003, +1.868212E-003
+4.93317297500000E+006, +8.604128E-003, +1.677040E-002
+4.97530285400000E+006, +3.756847E-003, +1.827616E-003
+5.01743273300000E+006, +3.737323E-003, +2.096555E-003
+5.05956261200000E+006, +3.349693E-003, +2.437261E-003
+5.10169249100000E+006, +3.614824E-003, +2.891948E-003
+5.14382237000000E+006, +2.831359E-003, +3.518558E-003
+5.18595224900000E+006, +3.795617E-003, +3.396527E-003
+5.22808212800000E+006, +3.397178E-003, +3.672431E-003
+5.27021200700000E+006, +3.797969E-003, +3.567410E-003
+5.31234188600000E+006, +3.971447E-003, +3.732971E-003
+5.35447176500000E+006, +8.888679E-003, +4.283879E-003
+5.39660164300000E+006, +4.810288E-003, +4.175466E-003
+5.43873152200000E+006, +6.699250E-003, +4.790118E-003
+5.48086140100000E+006, +5.758348E-003, +4.142050E-003
+5.52299128000000E+006, +7.521675E-003, +4.194299E-003
+5.56512115900000E+006, +5.772426E-003, +4.273460E-003
+5.60725103800000E+006, +5.783821E-003, +4.104790E-003
+5.65587757100000E+006, +5.988664E-003, +4.034051E-003
+5.71212823200000E+006, +5.477610E-003, +3.504606E-003
+5.76837889300000E+006, +6.524739E-003, +3.959653E-003
+5.82462955400000E+006, +4.430863E-002, +2.463333E-002
+5.88088021500000E+006, +1.208878E-002, +7.378108E-003
+5.93713087600000E+006, +6.847356E-003, +3.623427E-003
+5.99338153600000E+006, +7.362208E-003, +3.335317E-003
+6.04963219700000E+006, +5.580487E-003, +3.483227E-003
+6.10588285800000E+006, +6.480643E-003, +4.835580E-003
+6.16213351900000E+006, +5.997598E-003, +3.897161E-003
+6.21838418000000E+006, +6.455399E-003, +4.391843E-003
+6.27463484100000E+006, +6.072509E-003, +4.141564E-003
+6.33088550200000E+006, +6.044876E-003, +4.468001E-003
+6.38713616300000E+006, +6.044806E-003, +4.140954E-003
+6.44338682400000E+006, +6.331444E-003, +4.827410E-003
+6.49963748500000E+006, +8.516030E-003, +6.141376E-003
+6.55588814600000E+006, +5.984370E-003, +4.884548E-003
+6.61213880600000E+006, +6.970062E-003, +5.941551E-003
+6.66838946700000E+006, +5.793331E-003, +5.355335E-003
+6.72464012800000E+006, +5.463599E-003, +5.306007E-003
+6.78089078900000E+006, +5.797210E-003, +5.882596E-003
+6.83714145000000E+006, +6.086002E-003, +7.272474E-003
+6.89339211100000E+006, +6.466141E-003, +7.072188E-003
+6.94964277200000E+006, +5.424031E-003, +6.512826E-003
+7.00589343300000E+006, +8.338927E-003, +8.894309E-003
+7.06214409400000E+006, +4.844381E-003, +6.749126E-003
+7.11839475500000E+006, +7.018489E-003, +8.530152E-003
+7.17464541500000E+006, +5.438442E-003, +8.064016E-003
+7.23089607600000E+006, +5.069857E-003, +8.369958E-003
+7.28714673700000E+006, +5.837554E-003, +8.994919E-003
+7.34339739800000E+006, +5.571570E-003, +9.206366E-003
+7.39964805900000E+006, +6.284869E-003, +1.066613E-002
+7.45589872000000E+006, +5.195938E-003, +9.753427E-003
+7.52055687500000E+006, +5.215025E-003, +1.016407E-002
+7.59569151500000E+006, +4.360775E-003, +8.963887E-003
+7.67082615500000E+006, +4.849746E-003, +1.181381E-002
+7.74596079500000E+006, +4.652006E-003, +1.112958E-002
+7.82109543600000E+006, +5.240693E-003, +1.145442E-002
+7.89623007600000E+006, +3.956188E-003, +1.142107E-002
+7.97136471600000E+006, +4.227747E-003, +1.199783E-002
+8.04649935600000E+006, +3.824024E-003, +1.375006E-002
+8.12163399600000E+006, +4.854808E-003, +1.364406E-002
+8.19676863600000E+006, +4.303596E-003, +1.380051E-002
+8.27190327700000E+006, +5.909463E-003, +1.785171E-002
+8.34703791700000E+006, +4.424280E-003, +1.549012E-002
+8.42217255700000E+006, +5.213775E-003, +2.146096E-002
+8.49730719700000E+006, +3.895113E-003, +1.665995E-002
+8.57244183700000E+006, +6.953342E-003, +2.397337E-002
+8.64757647700000E+006, +3.584349E-003, +1.794891E-002
+8.72271111700000E+006, +4.758860E-003, +2.321332E-002
+8.79784575800000E+006, +3.496523E-003, +1.922557E-002
+8.87298039800000E+006, +2.597765E-003, +1.939573E-002
+8.94811503800000E+006, +2.637944E-003, +1.975618E-002
+9.02324967800000E+006, +3.466365E-003, +2.201538E-002
+9.09838431800000E+006, +2.512105E-003, +2.141608E-002
+9.17351895800000E+006, +2.573585E-003, +2.092740E-002
+9.24865359800000E+006, +6.010226E-004, +2.314045E-002
+9.32378823900000E+006, +1.583463E-003, +2.308952E-002
+9.39892287900000E+006, +1.370662E-003, +2.073267E-002
+9.47405751900000E+006, +3.409985E-004, +2.458918E-002
+9.54919215900000E+006, +1.469993E-003, +3.056956E-002
+9.62432679900000E+006, +4.060080E-004, +2.783789E-002
+9.69946143900000E+006, -9.016827E-005, +2.355549E-002
+9.77459608000000E+006, -1.299683E-003, +2.797061E-002
+9.84973072000000E+006, -6.248917E-004, +3.197713E-002
+9.92486536000000E+006, -1.915790E-003, +2.764073E-002
+1.00000000000000E+007, -3.385372E-003, +3.081246E-002
