+1.00000000000000E+004, +3.669781E+000, +4.721373E+001
+1.00999060000000E+004, -4.644358E+000, +4.872565E+001
+1.01998110000000E+004, -5.928777E+000, +4.302499E+001
+1.02997170000000E+004, -2.926980E+000, +3.945001E+001
+1.03996230000000E+004, -1.639617E+000, +3.954141E+001
+1.04995280000000E+004, -1.321436E+000, +4.202705E+001
+1.05994340000000E+004, -8.006939E+000, +3.890529E+001
+1.06993400000000E+004, -2.861755E+000, +3.642981E+001
+1.07992460000000E+004, -2.429557E+000, +3.514565E+001
+1.08991510000000E+004, -2.925515E+000, +3.661958E+001
+1.09990570000000E+004, -3.171255E+000, +3.725412E+001
+1.10989630000000E+004, -7.627933E+000, +3.227977E+001
+1.11988680000000E+004, -4.747793E+000, +3.195140E+001
+1.12987740000000E+004, -6.266037E+000, +3.498350E+001
+1.13986800000000E+004, -9.535193E+000, +3.425882E+001
+1.14985850000000E+004, -7.103521E+000, +2.916969E+001
+1.15984910000000E+004, -6.209086E+000, +2.990515E+001
+1.16983970000000E+004, -7.790687E+000, +2.868268E+001
+1.17983030000000E+004, -8.268792E+000, +2.890406E+001
+1.18982080000000E+004, -6.287082E+000, +2.929681E+001
+1.19981140000000E+004, -7.840160E+000, +2.520732E+001
+1.20980200000000E+004, -5.971775E+000, +2.664447E+001
+1.21979250000000E+004, -6.290636E+000, +2.503491E+001
+1.22978310000000E+004, -7.600779E+000, +2.426530E+001
+1.23977370000000E+004, -8.543308E+000, +2.277232E+001
+1.24976420000000E+004, -9.140027E+000, +2.104839E+001
+1.25975480000000E+004, -8.316681E+000, +2.249234E+001
+1.26974540000000E+004, -6.981718E+000, +2.226080E+001
+1.27973600000000E+004, -7.393709E+000, +2.023696E+001
+1.28972650000000E+004, -7.666938E+000, +2.089911E+001
+1.29971710000000E+004, -8.179807E+000, +2.082414E+001
+1.30970770000000E+004, -8.813697E+000, +1.960927E+001
+1.31969820000000E+004, -8.971264E+000, +1.987209E+001
+1.32968880000000E+004, -7.099353E+000, +2.013638E+001
+1.34121990000000E+004, -7.630373E+000, +2.099962E+001
+1.35455900000000E+004, -7.945758E+000, +1.827120E+001
+1.36789820000000E+004, -7.607847E+000, +1.877866E+001
+1.38123730000000E+004, -7.581989E+000, +1.779599E+001
+1.39457640000000E+004, -7.626284E+000, +1.637736E+001
+1.40791560000000E+004, -8.081852E+000, +1.647827E+001
+1.42125470000000E+004, -8.909428E+000, +1.560548E+001
+1.43459380000000E+004, -7.528298E+000, +1.532235E+001
+1.44793300000000E+004, -7.166617E+000, +1.489490E+001
+1.46127210000000E+004, -8.256302E+000, +1.482967E+001
+1.47461120000000E+004, -7.993365E+000, +1.422069E+001
+1.48795040000000E+004, -8.171483E+000, +1.369205E+001
+1.50128950000000E+004, -7.661415E+000, +1.310618E+001
+1.51462860000000E+004, -8.067280E+000, +1.294056E+001
+1.52796780000000E+004, -7.567264E+000, +1.206289E+001
+1.54130690000000E+004, -8.207557E+000, +1.178398E+001
+1.55464610000000E+004, -7.964947E+000, +1.180745E+001
+1.56798520000000E+004, -8.431510E+000, +1.155803E+001
+1.58132430000000E+004, -8.340680E+000, +1.063133E+001
+1.59466350000000E+004, -7.893516E+000, +1.003206E+001
+1.60800260000000E+004, -7.849811E+000, +1.007346E+001
+1.62134170000000E+004, -7.776728E+000, +9.682468E+000
+1.63468090000000E+004, -7.505578E+000, +9.677742E+000
+1.64802000000000E+004, -7.496631E+000, +9.386293E+000
+1.66135910000000E+004, -7.543933E+000, +9.127062E+000
+1.67469830000000E+004, -7.116314E+000, +8.301739E+000
+1.68803740000000E+004, -7.228886E+000, +8.177132E+000
+1.70137650000000E+004, -7.002790E+000, +7.949211E+000
+1.71471570000000E+004, -7.394442E+000, +7.423214E+000
+1.72805480000000E+004, -7.320047E+000, +7.064672E+000
+1.74139390000000E+004, -7.183121E+000, +7.009583E+000
+1.75473310000000E+004, -7.191839E+000, +7.050795E+000
+1.76807220000000E+004, -6.847128E+000, +6.563626E+000
+1.78340510000000E+004, -6.756452E+000, +6.358449E+000
+1.80114200000000E+004, -6.816832E+000, +5.953874E+000
+1.81887890000000E+004, -6.861693E+000, +5.934914E+000
+1.83661580000000E+004, -6.658338E+000, +5.731728E+000
+1.85435270000000E+004, -6.609849E+000, +5.564468E+000
+1.87208960000000E+004, -6.346626E+000, +5.160170E+000
+1.88982650000000E+004, -6.432008E+000, +4.903648E+000
+1.90756340000000E+004, -6.564652E+000, +4.762766E+000
+1.92530030000000E+004, -6.258371E+000, +4.509550E+000
+1.94303720000000E+004, -6.433581E+000, +4.138393E+000
+1.96077410000000E+004, -6.302653E+000, +4.150038E+000
+1.97851100000000E+004, -6.196960E+000, +4.172654E+000
+1.99624790000000E+004, -6.144140E+000, +3.917857E+000
+2.01398480000000E+004, -5.953992E+000, +3.811228E+000
+2.03172170000000E+004, -5.847732E+000, +3.449569E+000
+2.04945860000000E+004, -6.016894E+000, +3.432358E+000
+2.06719550000000E+004, -5.911960E+000, +3.165895E+000
+2.08493230000000E+004, -5.728135E+000, +3.169484E+000
+2.10266920000000E+004, -5.605093E+000, +3.089316E+000
+2.12040610000000E+004, -5.562583E+000, +2.890641E+000
+2.13814300000000E+004, -5.528998E+000, +2.808938E+000
+2.15587990000000E+004, -5.370380E+000, +2.647941E+000
+2.17361680000000E+004, -5.334274E+000, +2.536625E+000
+2.19135370000000E+004, -5.400361E+000, +2.418331E+000
+2.20909060000000E+004, -5.244830E+000, +2.396916E+000
+2.22682750000000E+004, -5.264570E+000, +2.250515E+000
+2.24456440000000E+004, -5.227898E+000, +2.205436E+000
+2.26230130000000E+004, -5.122458E+000, +2.000939E+000
+2.28003820000000E+004, -5.097456E+000, +1.918446E+000
+2.29777510000000E+004, -5.069674E+000, +1.798924E+000
+2.31551200000000E+004, -4.977222E+000, +1.737623E+000
+2.33324890000000E+004, -4.890946E+000, +1.615203E+000
+2.35098580000000E+004, -4.791400E+000, +1.595961E+000
+2.37137370000000E+004, -4.781880E+000, +1.461857E+000
+2.39506510000000E+004, -4.758383E+000, +1.390993E+000
+2.41875640000000E+004, -4.616745E+000, +1.298963E+000
+2.44244780000000E+004, -4.572416E+000, +1.272401E+000
+2.46613920000000E+004, -4.508142E+000, +1.121233E+000
+2.48983060000000E+004, -4.482157E+000, +1.004644E+000
+2.51352190000000E+004, -4.389577E+000, +9.586122E-001
+2.53721330000000E+004, -4.316611E+000, +8.480623E-001
+2.56090470000000E+004, -4.293261E+000, +7.630834E-001
+2.58459610000000E+004, -4.175779E+000, +7.346514E-001
+2.60828740000000E+004, -4.174341E+000, +6.644686E-001
+2.63197880000000E+004, -4.076989E+000, +5.956016E-001
+2.65567020000000E+004, -4.022942E+000, +5.178837E-001
+2.67936150000000E+004, -4.024130E+000, +4.911388E-001
+2.70305290000000E+004, -3.960577E+000, +4.390294E-001
+2.72674430000000E+004, -3.866841E+000, +3.362658E-001
+2.75043570000000E+004, -3.852447E+000, +2.665376E-001
+2.77412700000000E+004, -3.819954E+000, +2.847033E-001
+2.79781840000000E+004, -3.734437E+000, +1.872206E-001
+2.82150980000000E+004, -3.686539E+000, +1.903438E-001
+2.84520120000000E+004, -3.645511E+000, +1.724326E-001
+2.86889250000000E+004, -3.567167E+000, +9.342342E-002
+2.89258390000000E+004, -3.525433E+000, +7.208426E-002
+2.91627530000000E+004, -3.529880E+000, -1.654516E-002
+2.93996660000000E+004, -3.440319E+000, -2.418387E-002
+2.96365800000000E+004, -3.424585E+000, -1.008463E-001
+2.98734940000000E+004, -3.383486E+000, -9.905705E-002
+3.01104080000000E+004, -3.361456E+000, -1.526347E-001
+3.03473210000000E+004, -3.315722E+000, -1.687853E-001
+3.05842350000000E+004, -3.238782E+000, -1.984279E-001
+3.08211490000000E+004, -3.237198E+000, -2.370793E-001
+3.10580630000000E+004, -3.171060E+000, -2.690410E-001
+3.12949760000000E+004, -3.131537E+000, -2.919222E-001
+3.15318900000000E+004, -3.116697E+000, -2.988701E-001
+3.18053370000000E+004, -3.088559E+000, -3.482913E-001
+3.21216580000000E+004, -3.047797E+000, -3.829004E-001
+3.24379780000000E+004, -2.971932E+000, -4.160118E-001
+3.27542990000000E+004, -2.980398E+000, -4.213199E-001
+3.30706200000000E+004, -2.925387E+000, -4.076596E-001
+3.33869410000000E+004, -2.867095E+000, -4.037612E-001
+3.37032610000000E+004, -2.803889E+000, -4.468019E-001
+3.40195820000000E+004, -2.748198E+000, -4.635183E-001
+3.43359030000000E+004, -2.712602E+000, -4.823783E-001
+3.46522230000000E+004, -2.688971E+000, -4.955504E-001
+3.49685440000000E+004, -2.645155E+000, -4.821741E-001
+3.52848650000000E+004, -2.596843E+000, -4.940519E-001
+3.56011860000000E+004, -2.534343E+000, -4.776754E-001
+3.59175060000000E+004, -2.467124E+000, -4.428042E-001
+3.62338270000000E+004, -2.353817E+000, -3.296629E-001
+3.65501480000000E+004, +9.445184E-001, +9.291096E-001
+3.68664690000000E+004, +3.799096E+000, -9.862872E-001
+3.71827890000000E+004, -2.254104E+000, -9.007640E-001
+3.74991100000000E+004, -2.317126E+000, -9.404691E-001
+3.78154310000000E+004, -2.292782E+000, -9.022565E-001
+3.81317510000000E+004, -2.273115E+000, -8.802865E-001
+3.84480720000000E+004, -2.246439E+000, -8.876646E-001
+3.87643930000000E+004, -2.215540E+000, -8.722656E-001
+3.90807140000000E+004, -2.210022E+000, -8.658261E-001
+3.93970340000000E+004, -2.183102E+000, -8.555468E-001
+3.97133550000000E+004, -2.128489E+000, -8.592253E-001
+4.00296760000000E+004, -2.104396E+000, -8.708816E-001
+4.03459960000000E+004, -2.090213E+000, -8.765937E-001
+4.06623170000000E+004, -2.077305E+000, -8.817141E-001
+4.09786380000000E+004, -2.052424E+000, -8.630285E-001
+4.12949590000000E+004, -2.030158E+000, -8.734629E-001
+4.16112790000000E+004, -1.998661E+000, -8.660508E-001
+4.19276000000000E+004, -1.963111E+000, -8.854172E-001
+4.22911990000000E+004, -1.936543E+000, -8.731453E-001
+4.27118070000000E+004, -1.921313E+000, -8.892062E-001
+4.31324150000000E+004, -1.880600E+000, -8.902085E-001
+4.35530230000000E+004, -1.858302E+000, -9.041519E-001
+4.39736310000000E+004, -1.835113E+000, -9.144509E-001
+4.43942390000000E+004, -1.815911E+000, -9.148211E-001
+4.48148480000000E+004, -1.777028E+000, -9.229391E-001
+4.52354560000000E+004, -1.760206E+000, -9.157257E-001
+4.56560640000000E+004, -1.746685E+000, -9.190592E-001
+4.60766720000000E+004, -1.724274E+000, -9.370255E-001
+4.64972800000000E+004, -1.687175E+000, -9.298706E-001
+4.69178880000000E+004, -1.666878E+000, -9.333346E-001
+4.73384960000000E+004, -1.652800E+000, -9.290512E-001
+4.77591040000000E+004, -1.636416E+000, -9.273904E-001
+4.81797120000000E+004, -1.615903E+000, -9.385880E-001
+4.86003200000000E+004, -1.601913E+000, -9.370131E-001
+4.90209290000000E+004, -1.574525E+000, -9.277747E-001
+4.94415370000000E+004, -1.567798E+000, -9.297761E-001
+4.98621450000000E+004, -1.564196E+000, -9.286569E-001
+5.02827530000000E+004, -1.543728E+000, -8.976700E-001
+5.07033610000000E+004, -1.506486E+000, -8.844334E-001
+5.11239690000000E+004, -1.466748E+000, -8.838766E-001
+5.15445770000000E+004, -1.438363E+000, -8.890522E-001
+5.19651850000000E+004, -1.417618E+000, -8.878286E-001
+5.23857930000000E+004, -1.407286E+000, -8.920684E-001
+5.28064010000000E+004, -1.379364E+000, -8.976912E-001
+5.32270090000000E+004, -1.366354E+000, -8.983767E-001
+5.36476180000000E+004, -1.349319E+000, -8.985476E-001
+5.40682260000000E+004, -1.336787E+000, -8.953035E-001
+5.44888340000000E+004, -1.315079E+000, -8.980740E-001
+5.49094420000000E+004, -1.297033E+000, -8.907623E-001
+5.53300500000000E+004, -1.284548E+000, -8.938408E-001
+5.57506580000000E+004, -1.272996E+000, -8.926579E-001
+5.62341330000000E+004, -1.260928E+000, -8.836007E-001
+5.67959440000000E+004, -1.226367E+000, -8.860096E-001
+5.73577550000000E+004, -1.207191E+000, -8.934182E-001
+5.79195660000000E+004, -1.187457E+000, -8.891476E-001
+5.84813770000000E+004, -1.167164E+000, -9.000394E-001
+5.90431880000000E+004, -1.164320E+000, -9.187791E-001
+5.96049990000000E+004, -1.174473E+000, -9.167494E-001
+6.01668100000000E+004, -1.173639E+000, -8.925405E-001
+6.07286210000000E+004, -1.159648E+000, -8.802843E-001
+6.12904310000000E+004, -1.133136E+000, -8.404526E-001
+6.18522420000000E+004, -1.089459E+000, -8.785881E-001
+6.24140530000000E+004, -1.102947E+000, -8.698590E-001
+6.29758640000000E+004, -1.089426E+000, -8.623617E-001
+6.35376750000000E+004, -1.080185E+000, -8.430109E-001
+6.40994860000000E+004, -1.054931E+000, -8.469231E-001
+6.46612970000000E+004, -1.031780E+000, -8.393006E-001
+6.52231080000000E+004, -1.034081E+000, -8.452561E-001
+6.57849190000000E+004, -1.015512E+000, -8.403898E-001
+6.63467300000000E+004, -1.004392E+000, -8.387836E-001
+6.69085410000000E+004, -1.003387E+000, -8.377345E-001
+6.74703520000000E+004, -9.912434E-001, -8.268300E-001
+6.80321630000000E+004, -9.822029E-001, -8.228911E-001
+6.85939740000000E+004, -9.694760E-001, -8.156679E-001
+6.91557850000000E+004, -9.529672E-001, -8.152046E-001
+6.97175960000000E+004, -9.357365E-001, -8.231245E-001
+7.02794060000000E+004, -9.426332E-001, -8.225795E-001
+7.08412170000000E+004, -9.347136E-001, -8.074113E-001
+7.14030280000000E+004, -9.236465E-001, -8.046362E-001
+7.19648390000000E+004, -9.133456E-001, -8.006726E-001
+7.25266500000000E+004, -8.951485E-001, -8.052330E-001
+7.30884610000000E+004, -8.610660E-001, -9.026678E-001
+7.36502720000000E+004, -1.006148E+000, -8.019025E-001
+7.42120830000000E+004, -9.418862E-001, -7.608917E-001
+7.47738940000000E+004, -9.071246E-001, -7.228523E-001
+7.54223400000000E+004, -8.772793E-001, -7.358612E-001
+7.61724550000000E+004, -8.653219E-001, -7.374465E-001
+7.69225690000000E+004, -8.522683E-001, -7.289771E-001
+7.76726840000000E+004, -8.334784E-001, -7.329383E-001
+7.84227980000000E+004, -8.315337E-001, -7.306476E-001
+7.91729130000000E+004, -8.263624E-001, -7.196558E-001
+7.99230280000000E+004, -8.069438E-001, -7.132232E-001
+8.06731420000000E+004, -7.947508E-001, -6.994514E-001
+8.14232570000000E+004, -7.840178E-001, -7.003771E-001
+8.21733710000000E+004, -7.747169E-001, -6.930875E-001
+8.29234860000000E+004, -7.571405E-001, -6.857925E-001
+8.36736010000000E+004, -7.418034E-001, -6.850632E-001
+8.44237150000000E+004, -7.274446E-001, -6.871586E-001
+8.51738300000000E+004, -7.217829E-001, -6.957030E-001
+8.59239440000000E+004, -7.242393E-001, -6.985343E-001
+8.66740590000000E+004, -7.278221E-001, -6.901224E-001
+8.74241740000000E+004, -7.158667E-001, -6.793673E-001
+8.81742880000000E+004, -7.038445E-001, -6.757418E-001
+8.89244030000000E+004, -6.961354E-001, -6.741314E-001
+8.96745170000000E+004, -6.872315E-001, -6.724510E-001
+9.04246320000000E+004, -6.782803E-001, -6.717854E-001
+9.11747460000000E+004, -6.746269E-001, -6.712785E-001
+9.19248610000000E+004, -6.673879E-001, -6.688993E-001
+9.26749760000000E+004, -6.607817E-001, -6.667622E-001
+9.34250900000000E+004, -6.533358E-001, -6.650599E-001
+9.41752050000000E+004, -6.459174E-001, -6.664343E-001
+9.49253190000000E+004, -6.396672E-001, -6.649813E-001
+9.56754340000000E+004, -6.379750E-001, -6.682456E-001
+9.64255490000000E+004, -6.340227E-001, -6.634800E-001
+9.71756630000000E+004, -6.175206E-001, -6.686016E-001
+9.79257780000000E+004, -6.155345E-001, -6.756592E-001
+9.86758920000000E+004, -6.105448E-001, -6.836463E-001
+9.94260070000000E+004, -6.127982E-001, -7.014326E-001
+1.00288238000000E+005, -6.588708E-001, -7.194637E-001
+1.01285657000000E+005, -7.263593E-001, -6.727033E-001
+1.02283076000000E+005, -7.150477E-001, -6.308147E-001
+1.03280495000000E+005, -6.986963E-001, -6.128846E-001
+1.04277914000000E+005, -6.857611E-001, -6.000769E-001
+1.05275333000000E+005, -6.727444E-001, -5.948684E-001
+1.06272752000000E+005, -6.724756E-001, -5.873309E-001
+1.07270171000000E+005, -6.672750E-001, -5.735886E-001
+1.08267590000000E+005, -6.514801E-001, -5.667937E-001
+1.09265009000000E+005, -6.433929E-001, -5.793228E-001
+1.10262428000000E+005, -6.861224E-001, -5.249575E-001
+1.11259847000000E+005, -6.238784E-001, -5.368028E-001
+1.12257266000000E+005, -6.274056E-001, -5.478309E-001
+1.13254685000000E+005, -6.478353E-001, -5.458761E-001
+1.14252104000000E+005, -6.570810E-001, -5.155853E-001
+1.15249523000000E+005, -6.479545E-001, -4.931338E-001
+1.16246942000000E+005, -6.323727E-001, -4.834506E-001
+1.17244360000000E+005, -6.249216E-001, -4.761192E-001
+1.18241779000000E+005, -6.172882E-001, -4.671834E-001
+1.19239198000000E+005, -6.079859E-001, -4.595864E-001
+1.20236617000000E+005, -6.026478E-001, -4.513782E-001
+1.21234036000000E+005, -5.960609E-001, -4.441142E-001
+1.22231455000000E+005, -5.901905E-001, -4.367224E-001
+1.23228874000000E+005, -5.856200E-001, -4.260178E-001
+1.24226293000000E+005, -5.767479E-001, -4.135541E-001
+1.25223712000000E+005, -5.658883E-001, -4.013057E-001
+1.26221131000000E+005, -5.485697E-001, -3.893832E-001
+1.27218550000000E+005, -5.206989E-001, -3.884701E-001
+1.28215969000000E+005, -5.057462E-001, -4.008444E-001
+1.29213388000000E+005, -5.068952E-001, -4.097714E-001
+1.30210807000000E+005, -4.963415E-001, -4.135754E-001
+1.31208226000000E+005, -4.975919E-001, -4.276879E-001
+1.32205645000000E+005, -5.106634E-001, -4.305160E-001
+1.33352143000000E+005, -5.219197E-001, -4.212053E-001
+1.34684407000000E+005, -5.209237E-001, -4.103647E-001
+1.36016671000000E+005, -5.256041E-001, -4.046644E-001
+1.37348934000000E+005, -5.265094E-001, -3.894413E-001
+1.38681198000000E+005, -5.219350E-001, -3.779606E-001
+1.40013462000000E+005, -5.195828E-001, -3.708209E-001
+1.41345726000000E+005, -5.150772E-001, -3.608828E-001
+1.42677989000000E+005, -5.080526E-001, -3.541065E-001
+1.44010253000000E+005, -5.044838E-001, -3.475471E-001
+1.45342517000000E+005, -4.998564E-001, -3.421186E-001
+1.46674781000000E+005, -4.964923E-001, -3.266025E-001
+1.48007044000000E+005, -4.833088E-001, -3.326197E-001
+1.49339308000000E+005, -4.875880E-001, -3.291707E-001
+1.50671572000000E+005, -4.873902E-001, -3.219224E-001
+1.52003836000000E+005, -4.878926E-001, -3.144502E-001
+1.53336099000000E+005, -4.849075E-001, -3.050613E-001
+1.54668363000000E+005, -4.808111E-001, -2.971964E-001
+1.56000627000000E+005, -4.781514E-001, -2.877013E-001
+1.57332891000000E+005, -4.710920E-001, -2.786843E-001
+1.58665154000000E+005, -4.638096E-001, -2.713076E-001
+1.59997418000000E+005, -4.567767E-001, -2.667659E-001
+1.61329682000000E+005, -4.511281E-001, -2.627262E-001
+1.62661946000000E+005, -4.463703E-001, -2.591569E-001
+1.63994209000000E+005, -4.427699E-001, -2.555881E-001
+1.65326473000000E+005, -4.399389E-001, -2.517783E-001
+1.66658737000000E+005, -4.372751E-001, -2.466953E-001
+1.67991001000000E+005, -4.344842E-001, -2.396141E-001
+1.69323264000000E+005, -4.292421E-001, -2.313457E-001
+1.70655528000000E+005, -4.201439E-001, -2.255703E-001
+1.71987792000000E+005, -4.143437E-001, -2.238469E-001
+1.73320056000000E+005, -4.092239E-001, -2.209292E-001
+1.74652319000000E+005, -4.039429E-001, -2.183537E-001
+1.75984583000000E+005, -3.980621E-001, -2.163206E-001
+1.77316847000000E+005, -3.943417E-001, -2.139821E-001
+1.78854553000000E+005, -3.888435E-001, -2.121602E-001
+1.80633355000000E+005, -3.852692E-001, -2.129239E-001
+1.82412157000000E+005, -3.871633E-001, -2.091956E-001
+1.84190959000000E+005, -3.812071E-001, -2.047027E-001
+1.85969761000000E+005, -3.801926E-001, -1.990856E-001
+1.87748563000000E+005, -3.753082E-001, -1.923521E-001
+1.89527366000000E+005, -3.678955E-001, -1.883910E-001
+1.91306168000000E+005, -3.628264E-001, -1.871560E-001
+1.93084970000000E+005, -3.623306E-001, -1.856602E-001
+1.94863772000000E+005, -3.597305E-001, -1.817031E-001
+1.96642574000000E+005, -3.566499E-001, -1.767992E-001
+1.98421376000000E+005, -3.538446E-001, -1.725525E-001
+2.00200178000000E+005, -3.488265E-001, -1.681166E-001
+2.01978980000000E+005, -3.442713E-001, -1.621566E-001
+2.03757782000000E+005, -3.357371E-001, -1.572348E-001
+2.05536584000000E+005, -3.255498E-001, -1.576376E-001
+2.07315387000000E+005, -3.184410E-001, -1.635359E-001
+2.09094189000000E+005, -3.224377E-001, -1.729837E-001
+2.10872991000000E+005, -3.272415E-001, -1.678965E-001
+2.12651793000000E+005, -3.309187E-001, -1.691181E-001
+2.14430595000000E+005, -3.366812E-001, -1.609583E-001
+2.16209397000000E+005, -3.329505E-001, -1.480223E-001
+2.17988199000000E+005, -3.244988E-001, -1.433854E-001
+2.19767001000000E+005, -3.174213E-001, -1.428723E-001
+2.21545803000000E+005, -3.152717E-001, -1.466755E-001
+2.23324605000000E+005, -3.172401E-001, -1.458293E-001
+2.25103407000000E+005, -3.187988E-001, -1.422880E-001
+2.26882210000000E+005, -3.200974E-001, -1.397190E-001
+2.28661012000000E+005, -3.217684E-001, -1.322628E-001
+2.30439814000000E+005, -3.208792E-001, -1.238299E-001
+2.32218616000000E+005, -3.129199E-001, -1.172206E-001
+2.33997418000000E+005, -3.077713E-001, -1.141099E-001
+2.35776220000000E+005, -3.039709E-001, -1.158744E-001
+2.37820890000000E+005, -3.030398E-001, -1.101157E-001
+2.40186143000000E+005, -2.960262E-001, -1.068839E-001
+2.42551396000000E+005, -2.921475E-001, -1.063847E-001
+2.44916649000000E+005, -2.891722E-001, -1.045484E-001
+2.47281903000000E+005, -2.873644E-001, -1.026746E-001
+2.49647156000000E+005, -2.843763E-001, -1.003205E-001
+2.52012409000000E+005, -2.819474E-001, -9.886479E-002
+2.54377662000000E+005, -2.806191E-001, -9.714831E-002
+2.56742915000000E+005, -2.779027E-001, -9.481028E-002
+2.59108168000000E+005, -2.773218E-001, -9.253575E-002
+2.61473422000000E+005, -2.752929E-001, -9.037265E-002
+2.63838675000000E+005, -2.738619E-001, -8.789880E-002
+2.66203928000000E+005, -2.716710E-001, -8.608988E-002
+2.68569181000000E+005, -2.706281E-001, -8.411182E-002
+2.70934434000000E+005, -2.714465E-001, -7.964293E-002
+2.73299687000000E+005, -2.688221E-001, -7.639553E-002
+2.75664941000000E+005, -2.678978E-001, -7.342082E-002
+2.78030194000000E+005, -2.659858E-001, -6.934480E-002
+2.80395447000000E+005, -2.616639E-001, -6.449578E-002
+2.82760700000000E+005, -2.576081E-001, -6.375957E-002
+2.85125953000000E+005, -2.539364E-001, -6.062356E-002
+2.87491206000000E+005, -2.494425E-001, -6.170464E-002
+2.89856459000000E+005, -2.485024E-001, -6.175306E-002
+2.92221713000000E+005, -2.475519E-001, -6.055170E-002
+2.94586966000000E+005, -2.472174E-001, -5.949535E-002
+2.96952219000000E+005, -2.441183E-001, -5.636707E-002
+2.99317472000000E+005, -2.421452E-001, -5.578583E-002
+3.01682725000000E+005, -2.412249E-001, -5.559571E-002
+3.04047978000000E+005, -2.410673E-001, -5.461265E-002
+3.06413232000000E+005, -2.401009E-001, -5.260006E-002
+3.08778485000000E+005, -2.392063E-001, -5.153491E-002
+3.11143738000000E+005, -2.386046E-001, -5.002521E-002
+3.13508991000000E+005, -2.380156E-001, -4.865621E-002
+3.16227766000000E+005, -2.371558E-001, -4.664587E-002
+3.19387061000000E+005, -2.365228E-001, -4.415143E-002
+3.22546356000000E+005, -2.354831E-001, -4.248137E-002
+3.25705652000000E+005, -2.353809E-001, -4.026770E-002
+3.28864947000000E+005, -2.344743E-001, -3.707606E-002
+3.32024242000000E+005, -2.331565E-001, -3.480645E-002
+3.35183537000000E+005, -2.332009E-001, -3.289512E-002
+3.38342832000000E+005, -2.321242E-001, -3.000149E-002
+3.41502128000000E+005, -2.306617E-001, -2.709291E-002
+3.44661423000000E+005, -2.303296E-001, -2.543180E-002
+3.47820718000000E+005, -2.296641E-001, -2.301744E-002
+3.50980013000000E+005, -2.296275E-001, -1.914120E-002
+3.54139309000000E+005, -2.286665E-001, -1.607139E-002
+3.57298604000000E+005, -2.269295E-001, -1.326924E-002
+3.60457899000000E+005, -2.255548E-001, -1.032689E-002
+3.63617194000000E+005, -2.251225E-001, -8.266351E-003
+3.66776489000000E+005, -2.244932E-001, -5.231102E-003
+3.69935785000000E+005, -2.228837E-001, -2.366192E-003
+3.73095080000000E+005, -2.214328E-001, +3.778150E-004
+3.76254375000000E+005, -2.205905E-001, +2.964113E-003
+3.79413670000000E+005, -2.191094E-001, +5.523153E-003
+3.82572965000000E+005, -2.193787E-001, +7.759779E-003
+3.85732261000000E+005, -2.192744E-001, +1.181793E-002
+3.88891556000000E+005, -2.142470E-001, +1.377882E-002
+3.92050851000000E+005, -2.139750E-001, +1.554914E-002
+3.95210146000000E+005, -2.127486E-001, +1.784120E-002
+3.98369442000000E+005, -2.112899E-001, +1.971006E-002
+4.01528737000000E+005, -2.130883E-001, +2.032955E-002
+4.04688032000000E+005, -2.118116E-001, +2.532185E-002
+4.07847327000000E+005, -2.101225E-001, +2.783115E-002
+4.11006622000000E+005, -2.085225E-001, +3.119758E-002
+4.14165918000000E+005, -2.069938E-001, +3.354251E-002
+4.17325213000000E+005, -2.059555E-001, +3.570688E-002
+4.20484508000000E+005, -2.053116E-001, +3.828166E-002
+4.24130984000000E+005, -2.032397E-001, +4.158905E-002
+4.28349189000000E+005, -2.011358E-001, +4.505242E-002
+4.32567393000000E+005, -1.988711E-001, +4.820912E-002
+4.36785598000000E+005, -1.974920E-001, +5.161563E-002
+4.41003802000000E+005, -1.958037E-001, +5.482242E-002
+4.45222007000000E+005, -1.939700E-001, +5.843898E-002
+4.49440211000000E+005, -1.915597E-001, +6.168694E-002
+4.53658416000000E+005, -1.889706E-001, +6.491613E-002
+4.57876620000000E+005, -1.867659E-001, +6.783361E-002
+4.62094825000000E+005, -1.841914E-001, +7.081255E-002
+4.66313029000000E+005, -1.819663E-001, +7.410231E-002
+4.70531234000000E+005, -1.799390E-001, +7.705076E-002
+4.74749438000000E+005, -1.773005E-001, +8.000283E-002
+4.78967643000000E+005, -1.752747E-001, +8.317402E-002
+4.83185847000000E+005, -1.719830E-001, +8.576254E-002
+4.87404052000000E+005, -1.698708E-001, +8.860017E-002
+4.91622256000000E+005, -1.668904E-001, +9.161208E-002
+4.95840461000000E+005, -1.642235E-001, +9.351964E-002
+5.00058665000000E+005, -1.616123E-001, +9.646098E-002
+5.04276870000000E+005, -1.594397E-001, +9.932591E-002
+5.08495074000000E+005, -1.571681E-001, +1.021975E-001
+5.12713279000000E+005, -1.541295E-001, +1.051371E-001
+5.16931483000000E+005, -1.512451E-001, +1.081612E-001
+5.21149688000000E+005, -1.473688E-001, +1.100105E-001
+5.25367892000000E+005, -1.461774E-001, +1.119266E-001
+5.29586097000000E+005, -1.430913E-001, +1.129845E-001
+5.33804301000000E+005, -1.369508E-001, +1.175788E-001
+5.38022506000000E+005, -1.346256E-001, +1.175938E-001
+5.42240710000000E+005, -1.322069E-001, +1.210257E-001
+5.46458915000000E+005, -1.290107E-001, +1.215432E-001
+5.50677119000000E+005, -1.263594E-001, +1.237998E-001
+5.54895324000000E+005, -1.233171E-001, +1.256367E-001
+5.59113528000000E+005, -1.199690E-001, +1.270513E-001
+5.63962205000000E+005, -1.156010E-001, +1.297779E-001
+5.69571104000000E+005, -1.119719E-001, +1.307787E-001
+5.75180003000000E+005, -1.083835E-001, +1.331117E-001
+5.80788902000000E+005, -1.031769E-001, +1.354240E-001
+5.86397802000000E+005, -9.928863E-002, +1.367038E-001
+5.92006701000000E+005, -9.483805E-002, +1.380818E-001
+5.97615600000000E+005, -9.041099E-002, +1.396734E-001
+6.03224499000000E+005, -8.608740E-002, +1.408182E-001
+6.08833398000000E+005, -8.183236E-002, +1.418635E-001
+6.14442297000000E+005, -7.771120E-002, +1.433085E-001
+6.20051196000000E+005, -7.313356E-002, +1.440242E-001
+6.25660095000000E+005, -6.871781E-002, +1.449792E-001
+6.31268995000000E+005, -6.398448E-002, +1.454111E-001
+6.36877894000000E+005, -5.972917E-002, +1.458465E-001
+6.42486793000000E+005, -5.596614E-002, +1.466095E-001
+6.48095692000000E+005, -5.166350E-002, +1.471179E-001
+6.53704591000000E+005, -4.723032E-002, +1.469782E-001
+6.59313490000000E+005, -4.308906E-002, +1.475018E-001
+6.64922389000000E+005, -3.858782E-002, +1.474746E-001
+6.70531288000000E+005, -3.434502E-002, +1.469433E-001
+6.76140188000000E+005, -2.981420E-002, +1.458870E-001
+6.81749087000000E+005, -2.616127E-002, +1.449974E-001
+6.87357986000000E+005, -2.213161E-002, +1.443771E-001
+6.92966885000000E+005, -2.503806E-002, +1.314344E-001
+6.98575784000000E+005, -1.533504E-002, +1.459319E-001
+7.04184683000000E+005, -1.025069E-002, +1.429060E-001
+7.09793582000000E+005, -6.350269E-003, +1.417364E-001
+7.15402481000000E+005, -2.953152E-003, +1.400155E-001
+7.21011381000000E+005, +5.711283E-004, +1.381501E-001
+7.26620280000000E+005, +4.410091E-003, +1.364082E-001
+7.32229179000000E+005, +7.412449E-003, +1.333654E-001
+7.37838078000000E+005, +1.079063E-002, +1.308047E-001
+7.43446977000000E+005, +1.294759E-002, +1.264506E-001
+7.49894209000000E+005, +1.532639E-002, +1.187511E-001
+7.57386079000000E+005, +1.622004E-002, +1.178270E-001
+7.64877948000000E+005, -4.529287E-002, +1.013678E-001
+7.72369818000000E+005, +2.438380E-002, +1.608422E-001
+7.79861688000000E+005, +1.867475E-002, +1.698825E-001
+7.87353557000000E+005, +4.126247E-002, +1.548679E-001
+7.94845427000000E+005, +4.850699E-002, +1.410369E-001
+8.02337296000000E+005, +5.180574E-002, +1.367690E-001
+8.09829166000000E+005, +5.575981E-002, +1.322633E-001
+8.17321036000000E+005, +6.012382E-002, +1.275379E-001
+8.24812905000000E+005, +6.338195E-002, +1.226754E-001
+8.32304775000000E+005, +6.727540E-002, +1.193052E-001
+8.39796645000000E+005, +7.089435E-002, +1.151233E-001
+8.47288514000000E+005, +7.507449E-002, +1.120553E-001
+8.54780384000000E+005, +7.772927E-002, +1.072108E-001
+8.62272254000000E+005, +8.070919E-002, +1.047999E-001
+8.69764123000000E+005, +8.471777E-002, +1.005921E-001
+8.77255993000000E+005, +8.687165E-002, +9.567244E-002
+8.84747862000000E+005, +8.999564E-002, +9.161185E-002
+8.92239732000000E+005, +9.167185E-002, +8.821562E-002
+8.99731602000000E+005, +9.269363E-002, +8.468860E-002
+9.07223471000000E+005, +9.906925E-002, +8.267416E-002
+9.14715341000000E+005, +9.991045E-002, +7.670462E-002
+9.22207211000000E+005, +1.011992E-001, +7.244897E-002
+9.29699080000000E+005, +1.029353E-001, +6.817016E-002
+9.37190950000000E+005, +1.045428E-001, +6.429081E-002
+9.44682820000000E+005, +1.060323E-001, +6.004703E-002
+9.52174689000000E+005, +1.075174E-001, +5.571783E-002
+9.59666559000000E+005, +1.086639E-001, +5.167705E-002
+9.67158428000000E+005, +1.096098E-001, +4.671468E-002
+9.74650298000000E+005, +1.104273E-001, +4.281387E-002
+9.82142168000000E+005, +1.110122E-001, +3.877678E-002
+9.89634037000000E+005, +1.113674E-001, +3.448940E-002
+9.97125907000000E+005, +1.121396E-001, +3.057726E-002
+1.00577306300000E+006, +1.121655E-001, +2.567830E-002
+1.01577600200000E+006, +1.114835E-001, +1.937630E-002
+1.02577894100000E+006, +1.117154E-001, +1.478301E-002
+1.03578188100000E+006, +1.115948E-001, +9.709872E-003
+1.04578482000000E+006, +1.095660E-001, +4.457576E-003
+1.05578775900000E+006, +1.103992E-001, -9.352400E-004
+1.06579069800000E+006, +1.088262E-001, -5.405773E-003
+1.07579363800000E+006, +1.082734E-001, -1.073096E-002
+1.08579657700000E+006, +1.068172E-001, -1.603317E-002
+1.09579951600000E+006, +1.053229E-001, -2.074252E-002
+1.10580245500000E+006, +1.030346E-001, -2.552247E-002
+1.11580539400000E+006, +1.011046E-001, -3.009459E-002
+1.12580833400000E+006, +9.906226E-002, -3.456526E-002
+1.13581127300000E+006, +9.619796E-002, -3.905645E-002
+1.14581421200000E+006, +9.412165E-002, -4.286284E-002
+1.15581715100000E+006, +9.071814E-002, -4.702223E-002
+1.16582009100000E+006, +8.844975E-002, -5.104949E-002
+1.17582303000000E+006, +8.512816E-002, -5.495795E-002
+1.18582596900000E+006, +8.178336E-002, -5.857567E-002
+1.19582890800000E+006, +7.826152E-002, -6.176996E-002
+1.20583184700000E+006, +7.507709E-002, -6.480160E-002
+1.21583478700000E+006, +7.137020E-002, -6.800459E-002
+1.22583772600000E+006, +6.784475E-002, -7.106772E-002
+1.23584066500000E+006, +6.414037E-002, -7.311197E-002
+1.24584360400000E+006, +6.038211E-002, -7.569174E-002
+1.25584654300000E+006, +5.692481E-002, -7.874086E-002
+1.26584948300000E+006, +5.287024E-002, -8.080290E-002
+1.27585242200000E+006, +4.741836E-002, -8.309628E-002
+1.28585536100000E+006, +4.377509E-002, -8.494513E-002
+1.29585830000000E+006, +3.981311E-002, -8.609863E-002
+1.30586124000000E+006, +3.608395E-002, -8.767019E-002
+1.31586417900000E+006, +5.911265E-002, -9.377808E-002
+1.32586711800000E+006, +2.592947E-002, -9.324005E-002
+1.33736514400000E+006, +2.099116E-002, -9.301661E-002
+1.35066594000000E+006, +1.833920E-002, -9.201185E-002
+1.36396673600000E+006, +1.040250E-002, -9.825720E-002
+1.37726753200000E+006, +6.535225E-005, -9.686921E-002
+1.39056832800000E+006, -7.276000E-003, -9.794030E-002
+1.40386912400000E+006, -1.419787E-002, -9.573933E-002
+1.41716991900000E+006, -2.205410E-002, -9.103660E-002
+1.43047071500000E+006, -2.573818E-002, -8.951177E-002
+1.44377151100000E+006, -3.197264E-002, -8.718894E-002
+1.45707230700000E+006, -3.976184E-002, -8.242890E-002
+1.47037310300000E+006, -4.555861E-002, -8.121605E-002
+1.48367389900000E+006, -5.068491E-002, -7.628702E-002
+1.49697469500000E+006, -5.693242E-002, -7.083079E-002
+1.51027549100000E+006, -6.202767E-002, -6.727694E-002
+1.52357628700000E+006, -6.803460E-002, -6.111629E-002
+1.53687708300000E+006, -7.418150E-002, -5.319598E-002
+1.55017787900000E+006, -7.830188E-002, -4.633215E-002
+1.56347867400000E+006, -8.133058E-002, -4.027398E-002
+1.57677947000000E+006, -8.499566E-002, -3.102947E-002
+1.59008026600000E+006, -8.751167E-002, -2.247708E-002
+1.60338106200000E+006, -8.888394E-002, -1.308052E-002
+1.61668185800000E+006, -8.924468E-002, -1.173482E-003
+1.62998265400000E+006, -8.825371E-002, +1.275714E-002
+1.64328345000000E+006, -8.214079E-002, +2.578746E-002
+1.65658424600000E+006, -7.057008E-002, +3.670522E-002
+1.66988504200000E+006, -6.410000E-002, +4.544876E-002
+1.68318583800000E+006, -6.644268E-002, +4.532236E-002
+1.69648663300000E+006, +1.206082E-001, +1.841822E-001
+1.70978742900000E+006, +8.546371E-003, +1.535440E-002
+1.72308822500000E+006, -3.664993E-003, +3.258623E-003
+1.73638902100000E+006, -1.700152E-002, -1.203647E-003
+1.74968981700000E+006, -1.463856E-002, -6.072510E-004
+1.76299061300000E+006, -1.993770E-002, -6.018050E-004
+1.77827941000000E+006, -2.544780E-002, +9.173820E-004
+1.79604543300000E+006, -2.206182E-002, -1.553402E-003
+1.81381145500000E+006, -2.784301E-002, -5.913690E-003
+1.83157747800000E+006, -4.119834E-002, +1.394033E-002
+1.84934350100000E+006, -3.918037E-002, +2.008261E-002
+1.86710952300000E+006, -3.768007E-002, +2.011556E-002
+1.88487554600000E+006, -3.513172E-002, +2.611185E-002
+1.90264156800000E+006, -3.209407E-002, +2.887852E-002
+1.92040759100000E+006, -2.883499E-002, +3.240906E-002
+1.93817361400000E+006, -2.515157E-002, +3.581363E-002
+1.95593963600000E+006, -2.144100E-002, +3.731088E-002
+1.97370565900000E+006, -1.782929E-002, +3.936342E-002
+1.99147168200000E+006, -1.399748E-002, +4.078851E-002
+2.00923770400000E+006, -9.538395E-003, +4.189320E-002
+2.02700372700000E+006, -5.347035E-003, +4.156195E-002
+2.04476975000000E+006, -1.323231E-003, +4.196553E-002
+2.06253577200000E+006, +2.207570E-003, +4.117813E-002
+2.08030179500000E+006, +6.332011E-003, +4.011961E-002
+2.09806781700000E+006, +9.990083E-003, +3.906406E-002
+2.11583384000000E+006, +1.349700E-002, +3.763750E-002
+2.13359986300000E+006, +1.661588E-002, +3.563555E-002
+2.15136588500000E+006, +2.013224E-002, +3.339303E-002
+2.16913190800000E+006, +2.219760E-002, +3.074587E-002
+2.18689793100000E+006, +2.467995E-002, +2.834856E-002
+2.20466395300000E+006, +2.623305E-002, +2.548523E-002
+2.22242997600000E+006, +2.704989E-002, +2.166706E-002
+2.24019599900000E+006, +1.491210E-002, +2.436428E-002
+2.25796202100000E+006, +3.611422E-002, +1.973609E-002
+2.27572804400000E+006, +3.426402E-002, +1.470545E-002
+2.29349406600000E+006, +3.504996E-002, +1.126492E-002
+2.31126008900000E+006, +3.534279E-002, +8.135164E-003
+2.32902611200000E+006, +3.548010E-002, +4.494340E-003
+2.34679213400000E+006, +3.560401E-002, +1.460351E-003
+2.36455815700000E+006, +3.655947E-002, -8.491695E-003
+2.38506379500000E+006, +3.019370E-002, -4.030496E-003
+2.40878450200000E+006, +2.876258E-002, -8.138828E-003
+2.43250520900000E+006, +2.623402E-002, -1.004221E-002
+2.45622591600000E+006, +1.817286E-002, -9.004461E-003
+2.47994662300000E+006, +5.326492E-002, -2.735818E-002
+2.50366733000000E+006, +2.785866E-002, -2.405970E-002
+2.52738803700000E+006, +2.263718E-002, -2.494056E-002
+2.55110874400000E+006, +1.886829E-002, -2.584070E-002
+2.57482945100000E+006, +1.532203E-002, -2.714075E-002
+2.59855015800000E+006, +1.165795E-002, -2.767296E-002
+2.62227086500000E+006, +8.201942E-003, -2.802368E-002
+2.64599157200000E+006, +4.726064E-003, -2.790866E-002
+2.66971227900000E+006, +1.392948E-003, -2.758980E-002
+2.69343298600000E+006, -1.738103E-003, -2.678171E-002
+2.71715369300000E+006, -4.511781E-003, -2.629321E-002
+2.74087440000000E+006, -1.005821E-002, -2.878407E-002
+2.76459510800000E+006, -8.592917E-003, -2.012643E-002
+2.78831581500000E+006, -1.103915E-002, -1.893067E-002
+2.81203652200000E+006, -1.279257E-002, -1.728945E-002
+2.83575722900000E+006, -1.447407E-002, -1.552851E-002
+2.85947793600000E+006, -1.520568E-002, -1.284152E-002
+2.88319864300000E+006, -1.642800E-002, -1.090265E-002
+2.90691935000000E+006, -1.714190E-002, -8.705679E-003
+2.93064005700000E+006, -1.740545E-002, -6.222897E-003
+2.95436076400000E+006, -1.749661E-002, -4.170503E-003
+2.97808147100000E+006, -1.721336E-002, -1.814266E-003
+3.00180217800000E+006, -1.714759E-002, +4.492664E-004
+3.02552288500000E+006, -1.639614E-002, +2.342798E-003
+3.04924359200000E+006, -1.549099E-002, +4.223939E-003
+3.07296429900000E+006, -1.465797E-002, +6.008241E-003
+3.09668500600000E+006, -1.351114E-002, +7.827345E-003
+3.12040571300000E+006, -1.238039E-002, +9.861704E-003
+3.14412642000000E+006, -8.724930E-003, +9.727057E-003
+3.17139253800000E+006, -8.235618E-003, +1.159839E-002
+3.20293369600000E+006, -5.863892E-003, +1.264277E-002
+3.23447485300000E+006, -3.560694E-003, +1.339996E-002
+3.26601601100000E+006, -9.916676E-004, +1.418838E-002
+3.29755716900000E+006, +1.149135E-003, +1.351266E-002
+3.32909832600000E+006, +3.414391E-003, +1.290633E-002
+3.36063948400000E+006, +4.422551E-003, +1.300383E-002
+3.39218064200000E+006, +7.087868E-003, +1.140011E-002
+3.42372180000000E+006, +8.560086E-003, +9.954312E-003
+3.45526295700000E+006, +9.381695E-003, +1.105075E-002
+3.48680411500000E+006, +1.143483E-002, +7.721742E-003
+3.51834527300000E+006, +1.233869E-002, +5.779097E-003
+3.54988643000000E+006, +1.267832E-002, +3.876166E-003
+3.58142758800000E+006, +1.316923E-002, +2.506320E-003
+3.61296874600000E+006, +1.325485E-002, +5.041001E-004
+3.64450990300000E+006, +1.307216E-002, -1.033294E-003
+3.67605106100000E+006, +1.372334E-002, -1.073900E-003
+3.70759221900000E+006, +1.175574E-002, -4.061425E-003
+3.73913337600000E+006, +1.074436E-002, -5.361360E-003
+3.77067453400000E+006, +1.005715E-002, -6.402141E-003
+3.80221569200000E+006, +8.568659E-003, -7.302008E-003
+3.83375684900000E+006, +7.352818E-003, -7.918321E-003
+3.86529800700000E+006, +6.096501E-003, -7.891964E-003
+3.89683916500000E+006, +4.777356E-003, -8.710135E-003
+3.92838032300000E+006, +3.525561E-003, -8.484418E-003
+3.95992148000000E+006, +2.222984E-003, -8.231319E-003
+3.99146263800000E+006, +1.142134E-003, -7.816378E-003
+4.02300379600000E+006, -9.290985E-005, -7.223536E-003
+4.05454495300000E+006, -7.184403E-004, -6.392929E-003
+4.08608611100000E+006, -1.731720E-003, -5.675729E-003
+4.11762726900000E+006, -2.109156E-003, -5.305392E-003
+4.14916842600000E+006, -2.482856E-003, -3.827345E-003
+4.18070958400000E+006, -2.772142E-003, -2.699671E-003
+4.21696503400000E+006, -1.310046E-004, -1.064520E-003
+4.25909491300000E+006, -1.518509E-003, -8.268739E-004
+4.30122479200000E+006, -1.395187E-003, -1.331986E-004
+4.34335467100000E+006, -9.646562E-004, +6.034622E-004
+4.38548455000000E+006, -4.706885E-004, +1.275804E-003
+4.42761442900000E+006, -3.465510E-006, +1.370777E-003
+4.46974430700000E+006, +4.339491E-004, +1.694895E-003
+4.51187418600000E+006, +8.521957E-004, +1.811966E-003
+4.55400406500000E+006, +1.371028E-003, +1.971930E-003
+4.59613394400000E+006, +1.531281E-003, +1.771328E-003
+4.63826382300000E+006, +2.059416E-003, +2.363922E-003
+4.68039370200000E+006, +2.064664E-003, +2.055438E-003
+4.72252358100000E+006, +2.195671E-003, +2.272602E-003
+4.76465346000000E+006, +2.321789E-003, +2.204396E-003
+4.80678333900000E+006, +2.422697E-003, +2.066550E-003
+4.84891321800000E+006, +2.469924E-003, +2.032342E-003
+4.89104309700000E+006, +2.465653E-003, +2.438965E-003
+4.93317297500000E+006, +2.394062E-003, +2.547695E-003
+4.97530285400000E+006, +2.738561E-003, +2.441009E-003
+5.01743273300000E+006, +2.836123E-003, +2.325390E-003
+5.05956261200000E+006, +2.533735E-003, +2.773703E-003
+5.10169249100000E+006, +2.836867E-003, +2.745752E-003
+5.14382237000000E+006, +2.883214E-003, +3.169077E-003
+5.18595224900000E+006, +2.927527E-003, +3.187805E-003
+5.22808212800000E+006, +3.135944E-003, +3.692281E-003
+5.27021200700000E+006, +3.378645E-003, +3.823745E-003
+5.31234188600000E+006, +3.436794E-003, +4.076219E-003
+5.35447176500000E+006, +3.985016E-003, +4.489392E-003
+5.39660164300000E+006, +3.894098E-003, +4.480663E-003
+5.43873152200000E+006, +5.384352E-003, +5.351862E-003
+5.48086140100000E+006, +5.303357E-003, +4.383701E-003
+5.52299128000000E+006, +5.390374E-003, +4.338370E-003
+5.56512115900000E+006, +5.513724E-003, +4.275439E-003
+5.60725103800000E+006, +5.786580E-003, +4.330993E-003
+5.65587757100000E+006, +5.722439E-003, +4.061981E-003
+5.71212823200000E+006, +6.063341E-003, +3.986154E-003
+5.76837889300000E+006, +6.229486E-003, +3.885251E-003
+5.82462955400000E+006, +6.131487E-003, +3.617405E-003
+5.88088021500000E+006, +6.120277E-003, +3.480595E-003
+5.93713087600000E+006, +6.243203E-003, +3.334478E-003
+5.99338153600000E+006, +6.087021E-003, +3.448910E-003
+6.04963219700000E+006, +5.948584E-003, +3.571085E-003
+6.10588285800000E+006, +5.927562E-003, +3.773441E-003
+6.16213351900000E+006, +6.038277E-003, +3.630988E-003
+6.21838418000000E+006, +5.752238E-003, +3.822474E-003
+6.27463484100000E+006, +5.787635E-003, +3.775830E-003
+6.33088550200000E+006, +5.719956E-003, +3.891245E-003
+6.38713616300000E+006, +5.595137E-003, +4.164460E-003
+6.44338682400000E+006, +5.657353E-003, +4.144832E-003
+6.49963748500000E+006, +5.565638E-003, +4.159837E-003
+6.55588814600000E+006, +5.411846E-003, +4.512637E-003
+6.61213880600000E+006, +5.323234E-003, +4.599356E-003
+6.66838946700000E+006, +5.287172E-003, +4.709722E-003
+6.72464012800000E+006, +5.224847E-003, +4.941511E-003
+6.78089078900000E+006, +5.152143E-003, +5.252607E-003
+6.83714145000000E+006, +4.918598E-003, +5.675936E-003
+6.89339211100000E+006, +4.928397E-003, +5.761728E-003
+6.94964277200000E+006, +4.731206E-003, +6.136984E-003
+7.00589343300000E+006, +4.572927E-003, +6.355249E-003
+7.06214409400000E+006, +4.618162E-003, +6.794863E-003
+7.11839475500000E+006, +4.792896E-003, +6.973102E-003
+7.17464541500000E+006, +4.545711E-003, +7.149792E-003
+7.23089607600000E+006, +4.753815E-003, +7.495175E-003
+7.28714673700000E+006, +4.595582E-003, +7.932039E-003
+7.34339739800000E+006, +4.451262E-003, +8.135574E-003
+7.39964805900000E+006, +4.557789E-003, +8.431821E-003
+7.45589872000000E+006, +4.620623E-003, +8.594083E-003
+7.52055687500000E+006, +4.546733E-003, +9.302322E-003
+7.59569151500000E+006, +4.578768E-003, +9.603269E-003
+7.67082615500000E+006, +4.529661E-003, +9.865571E-003
+7.74596079500000E+006, +4.637381E-003, +1.026343E-002
+7.82109543600000E+006, +4.793865E-003, +1.088119E-002
+7.89623007600000E+006, +4.716500E-003, +1.120581E-002
+7.97136471600000E+006, +4.523028E-003, +1.148334E-002
+8.04649935600000E+006, +4.456558E-003, +1.208695E-002
+8.12163399600000E+006, +4.399374E-003, +1.266488E-002
+8.19676863600000E+006, +4.441217E-003, +1.293485E-002
+8.27190327700000E+006, +4.403350E-003, +1.329875E-002
+8.34703791700000E+006, +4.204345E-003, +1.363819E-002
+8.42217255700000E+006, +4.049898E-003, +1.426414E-002
+8.49730719700000E+006, +4.279786E-003, +1.516559E-002
+8.57244183700000E+006, +4.247288E-003, +1.538392E-002
+8.64757647700000E+006, +3.770847E-003, +1.575662E-002
+8.72271111700000E+006, +3.742884E-003, +1.618103E-002
+8.79784575800000E+006, +4.054835E-003, +1.686348E-002
+8.87298039800000E+006, +3.915228E-003, +1.765184E-002
+8.94811503800000E+006, +3.566954E-003, +1.771394E-002
+9.02324967800000E+006, +3.200594E-003, +1.816348E-002
+9.09838431800000E+006, +3.186571E-003, +1.888188E-002
+9.17351895800000E+006, +3.124809E-003, +1.915087E-002
+9.24865359800000E+006, +2.886196E-003, +1.982352E-002
+9.32378823900000E+006, +2.219445E-003, +2.053490E-002
+9.39892287900000E+006, +2.190684E-003, +2.110337E-002
+9.47405751900000E+006, +2.398792E-003, +2.181655E-002
+9.54919215900000E+006, +1.939212E-003, +2.221192E-002
+9.62432679900000E+006, +1.453772E-003, +2.303836E-002
+9.69946143900000E+006, +1.080359E-003, +2.391935E-002
+9.77459608000000E+006, +8.798031E-004, +2.457690E-002
+9.84973072000000E+006, +6.701507E-004, +2.524355E-002
+9.92486536000000E+006, +4.072808E-004, +2.613041E-002
+1.00000000000000E+007, +1.231542E-004, +2.694862E-002
