+1.00000000000000E+003, -4.097535E+002, +1.912939E+002
+1.01334100000000E+003, -7.737294E+001, -2.490504E+001
+1.02668200000000E+003, -4.774147E+001, +1.012892E+002
+1.04002300000000E+003, -2.144032E+002, +2.337491E+002
+1.05336300000000E+003, +1.306655E+002, -5.911560E-001
+1.06670400000000E+003, -2.655410E+002, -1.416521E+002
+1.08004500000000E+003, -2.720004E+002, +2.271292E+002
+1.09338600000000E+003, -8.254684E+001, +1.028048E+002
+1.10672700000000E+003, +4.665885E+001, +8.644301E+001
+1.12006800000000E+003, -1.770590E+002, -1.502182E+002
+1.13340800000000E+003, -4.700448E+001, -6.804381E+001
+1.14674900000000E+003, +9.880921E+001, -1.135775E+002
+1.16009000000000E+003, -7.906018E+001, -6.807942E+001
+1.17343100000000E+003, -9.924157E+001, -5.836423E+001
+1.18677200000000E+003, -1.477400E+002, +7.461879E+001
+1.20011300000000E+003, -2.613065E+002, -7.060244E+001
+1.21345300000000E+003, +3.369740E+002, +6.403490E+001
+1.22679400000000E+003, -1.100661E+002, -4.750880E+001
+1.24013500000000E+003, -2.155919E+002, -1.048101E+002
+1.25347600000000E+003, +1.834604E+002, +6.890504E+001
+1.26681700000000E+003, -8.283897E+001, -6.363459E+001
+1.28015800000000E+003, +1.034467E+002, -1.256895E+002
+1.29349800000000E+003, -2.482636E+001, +1.155223E+002
+1.30683900000000E+003, -9.137051E+001, +1.395630E-001
+1.32018000000000E+003, -4.439684E+001, +4.913923E+001
+1.33352100000000E+003, -9.287003E+000, -4.480787E+001
+1.34896300000000E+003, -1.052805E+002, +7.421417E-001
+1.36685100000000E+003, +5.233768E+001, +1.198950E+002
+1.38473900000000E+003, -1.760741E+002, +4.899201E+001
+1.40262800000000E+003, -1.798618E+002, -7.480477E+001
+1.42051600000000E+003, -1.095989E+002, -4.303497E-001
+1.43840400000000E+003, +2.420894E+001, +1.146896E+002
+1.45629200000000E+003, -2.875251E+001, -1.496554E+002
+1.47418000000000E+003, -1.188035E+002, +1.122701E+002
+1.49206800000000E+003, -9.331508E+001, +4.599323E+001
+1.50995700000000E+003, +1.280487E-001, -6.306471E+001
+1.52784500000000E+003, +1.244066E+002, +1.337998E+002
+1.54573300000000E+003, +7.456403E+000, -3.641118E+001
+1.56362100000000E+003, -1.879051E+002, -9.464502E+001
+1.58150900000000E+003, -6.950007E+001, -4.327465E+001
+1.59939700000000E+003, +4.558237E+001, -5.938298E+001
+1.61728600000000E+003, +3.136279E+001, -2.186939E+001
+1.63517400000000E+003, +7.470896E+001, -9.802744E+000
+1.65306200000000E+003, -7.500462E+001, -5.683750E+001
+1.67095000000000E+003, -5.987203E+001, -2.224134E+002
+1.68883800000000E+003, -9.282455E+000, -1.483980E+000
+1.70672600000000E+003, -5.090059E+001, +1.369825E+002
+1.72461500000000E+003, -1.340759E+002, -7.968031E+001
+1.74250300000000E+003, -7.829329E+001, -6.467674E+000
+1.76039100000000E+003, -3.826000E+001, -3.795909E+001
+1.77827900000000E+003, -1.291819E+001, +1.068316E+002
+1.79887100000000E+003, -3.186391E+001, +2.983569E+001
+1.82272500000000E+003, +2.121320E+002, +8.218472E+001
+1.84658000000000E+003, -7.417409E+000, -6.925415E+000
+1.87043400000000E+003, -8.348393E+001, +1.425836E+001
+1.89428800000000E+003, +3.158107E+001, -2.005844E+001
+1.91814200000000E+003, +1.440218E+001, +3.518233E+000
+1.94199700000000E+003, +2.515026E+001, -4.953965E+001
+1.96585100000000E+003, +2.354226E+001, +7.237294E+001
+1.98970500000000E+003, -3.227574E+001, +9.857221E+000
+2.01356000000000E+003, -2.452229E+001, -8.167860E+000
+2.03741400000000E+003, -2.746584E+001, -5.662614E+001
+2.06126800000000E+003, -2.500439E+001, -3.099268E+001
+2.08512300000000E+003, +2.321552E+001, -3.643720E+001
+2.10897700000000E+003, +2.915818E+001, +5.310488E+001
+2.13283100000000E+003, +2.775319E+001, -1.838660E+001
+2.15668500000000E+003, -3.779234E+001, -1.018969E+001
+2.18054000000000E+003, -1.540542E+001, +9.426334E+001
+2.20439400000000E+003, +5.630776E+001, +3.514852E+001
+2.22824800000000E+003, -4.556059E+001, +1.225307E+001
+2.25210300000000E+003, -4.664036E+001, -1.012426E+001
+2.27595700000000E+003, -7.884546E+000, +2.410699E+001
+2.29981100000000E+003, -5.040219E+001, +2.505220E+001
+2.32366500000000E+003, -9.936629E+001, -4.766059E+001
+2.34752000000000E+003, -2.449224E+001, +3.376626E+001
+2.37137400000000E+003, +8.402853E+000, +5.367996E+001
+2.39883300000000E+003, -9.631979E+000, -1.435636E+001
+2.43064300000000E+003, -9.747900E+000, +6.808583E+000
+2.46245300000000E+003, -4.656291E+000, -4.091434E+001
+2.49426400000000E+003, +1.593819E+001, +1.861485E+001
+2.52607400000000E+003, +2.478394E+001, -1.588876E+001
+2.55788400000000E+003, -5.586813E+001, -1.437094E+001
+2.58969400000000E+003, -9.701582E+000, +1.901446E+000
+2.62150400000000E+003, -1.380016E+001, -7.379390E+000
+2.65331500000000E+003, +2.308086E+002, -4.697598E+001
+2.68512500000000E+003, +3.793212E+001, -3.090195E+001
+2.71693500000000E+003, -2.891708E+001, -8.043166E+001
+2.74874500000000E+003, +2.096978E+001, -2.573815E+001
+2.78055600000000E+003, -4.150420E+001, -1.812996E+001
+2.81236600000000E+003, +2.096082E+001, +2.132587E+001
+2.84417600000000E+003, -7.381969E+001, -1.622213E+001
+2.87598600000000E+003, -4.115069E+001, +2.750641E-001
+2.90779600000000E+003, +3.115672E+001, -1.590959E+001
+2.93960700000000E+003, -1.307681E+000, +3.141733E+001
+2.97141700000000E+003, -2.099294E+001, -2.825544E+001
+3.00322700000000E+003, -3.008060E+001, -2.303135E+001
+3.03503700000000E+003, -2.604841E+001, +4.560603E+001
+3.06684700000000E+003, +3.101217E+001, -6.735791E+000
+3.09865800000000E+003, +4.448391E+001, -9.838499E+000
+3.13046800000000E+003, -8.044991E+000, +1.462102E+001
+3.16227800000000E+003, +6.677791E+001, -9.480682E+000
+3.19889500000000E+003, +1.893717E+000, +1.460341E+001
+3.24131500000000E+003, -5.727913E-001, -9.080333E+000
+3.28373400000000E+003, -9.225661E+000, +1.215234E+001
+3.32615400000000E+003, -8.977201E+000, -2.480865E+001
+3.36857300000000E+003, -7.610035E+000, +4.436942E+000
+3.41099300000000E+003, +2.216462E+000, -4.457462E+000
+3.45341300000000E+003, +4.385064E+000, +1.306744E+000
+3.49583200000000E+003, -1.743163E+000, +3.488007E+000
+3.53825200000000E+003, -9.649729E+000, +1.840439E+001
+3.58067100000000E+003, +6.854361E+000, -1.423135E+000
+3.62309100000000E+003, -5.177878E+000, +1.615849E+001
+3.66551000000000E+003, +7.062393E+000, +3.461010E+000
+3.70793000000000E+003, -3.292487E+001, +3.765550E+000
+3.75035000000000E+003, -4.755728E+000, -3.106206E+000
+3.79276900000000E+003, +3.439025E+001, +1.306653E+002
+3.83518900000000E+003, +5.186188E-001, -5.850716E+000
+3.87760800000000E+003, +2.078932E+001, +8.328843E+001
+3.92002800000000E+003, -5.470831E+001, +1.625098E+001
+3.96244800000000E+003, -1.956427E+000, -4.350154E+001
+4.00486700000000E+003, +2.151082E+001, -1.061709E+001
+4.04728700000000E+003, +1.998385E+000, +1.132261E+001
+4.08970600000000E+003, -1.277168E+001, -3.000823E+001
+4.13212600000000E+003, -2.982704E+000, +1.644689E+001
+4.17454500000000E+003, +2.717225E+001, -1.325306E+002
+4.21696500000000E+003, -2.180009E+001, +8.059638E+001
+4.26579500000000E+003, +3.086286E+001, -6.152188E+000
+4.32236200000000E+003, +2.872401E+001, +9.901439E+000
+4.37893000000000E+003, +2.682606E+001, -9.439275E+001
+4.43549700000000E+003, +4.174771E+000, -3.301644E+001
+4.49206500000000E+003, -4.471030E+001, +6.682639E+001
+4.54863200000000E+003, -2.185038E+002, +8.217244E+001
+4.60520000000000E+003, +2.022213E+001, +7.075648E+001
+4.66176700000000E+003, -6.519625E+001, +4.352321E+001
+4.71833400000000E+003, +5.558656E+001, +1.906994E+002
+4.77490200000000E+003, -3.556300E+001, +9.127538E+001
+4.83146900000000E+003, -3.724871E+001, +8.657619E+000
+4.88803700000000E+003, +5.640459E+001, -1.823296E+001
+4.94460400000000E+003, +2.909856E+001, +8.014919E+001
+5.00117100000000E+003, +6.081343E+001, -3.738904E+000
+5.05773900000000E+003, +2.919872E+001, -1.443647E+001
+5.11430600000000E+003, +6.881184E+001, +1.042795E+001
+5.17087400000000E+003, -6.482344E+001, +6.681721E+001
+5.22744100000000E+003, -7.869886E+000, +2.004479E+001
+5.28400900000000E+003, -6.748286E+001, +3.883289E+001
+5.34057600000000E+003, -1.897038E+002, +5.452309E+001
+5.39714300000000E+003, -1.734315E+001, -9.948580E+000
+5.45371100000000E+003, +5.864807E-001, -7.916759E+001
+5.51027800000000E+003, +1.125809E+000, +4.119659E+001
+5.56684600000000E+003, -6.846356E+000, +6.643864E+001
+5.62341300000000E+003, -4.019787E+001, -3.518501E+001
+5.68852900000000E+003, +2.296868E+002, +2.423631E+001
+5.76396300000000E+003, +2.589532E+001, -1.378576E+001
+5.83939700000000E+003, -5.356546E+001, +2.461136E+002
+5.91483100000000E+003, -1.242693E+001, +2.336473E+001
+5.99026500000000E+003, +2.924437E+001, -1.178046E+001
+6.06569800000000E+003, +3.039950E+001, +1.805701E+001
+6.14113200000000E+003, +4.261981E+001, +2.073563E+000
+6.21656600000000E+003, +2.371847E+001, +5.239636E+000
+6.29200000000000E+003, +2.896736E+001, +1.320522E+001
+6.36743400000000E+003, +1.047606E+001, -4.456506E+001
+6.44286800000000E+003, -5.078732E+000, -4.429307E+000
+6.51830200000000E+003, -2.892547E+001, +3.327230E+001
+6.59373600000000E+003, +3.327647E+001, +3.726405E+001
+6.66916900000000E+003, +1.057524E+002, -3.714716E+001
+6.74460300000000E+003, +4.066545E+000, +1.482579E+001
+6.82003700000000E+003, +2.207471E+001, -6.995353E+000
+6.89547100000000E+003, +2.927346E+001, -6.447491E+001
+6.97090500000000E+003, +3.091094E+000, +2.710209E+001
+7.04633900000000E+003, +1.182584E+001, -7.695439E+000
+7.12177300000000E+003, +5.254030E+001, +6.947923E+000
+7.19720700000000E+003, +2.977303E+000, +1.363862E+001
+7.27264000000000E+003, +3.419123E+001, +5.063301E+000
+7.34807400000000E+003, +4.564300E+001, +4.884096E+001
+7.42350800000000E+003, -4.662376E+001, +5.466144E+001
+7.49894200000000E+003, +1.495978E+001, +8.519719E+001
+7.58577600000000E+003, +2.637565E+001, +8.150912E+000
+7.68636900000000E+003, +2.869162E+001, +2.887206E+001
+7.78696100000000E+003, +3.959952E+001, +3.131318E+001
+7.88755400000000E+003, -2.005058E+001, +1.385198E+001
+7.98814700000000E+003, -1.489713E+001, +2.270612E+001
+8.08873900000000E+003, +2.131878E+001, +1.477518E+001
+8.18933200000000E+003, -6.333667E+001, +7.266615E+001
+8.28992500000000E+003, +1.174980E+001, +2.559520E+001
+8.39051700000000E+003, +3.939502E+001, +7.666170E+000
+8.49111000000000E+003, -2.069245E+001, -1.003622E+001
+8.59170300000000E+003, -2.151416E+001, +6.139991E+001
+8.69229500000000E+003, +5.257748E+000, +2.598579E+001
+8.79288800000000E+003, +3.468980E+001, +1.967820E+001
+8.89348100000000E+003, +7.735513E+000, +8.685197E+000
+8.99407300000000E+003, -1.350418E+001, +3.276392E+001
+9.09466600000000E+003, +2.821751E+000, +3.920161E+001
+9.19525900000000E+003, +4.626466E+000, -4.031416E+000
+9.29585100000000E+003, +7.577938E+000, +2.881407E+001
+9.39644400000000E+003, +8.664276E-001, -8.447981E+000
+9.49703700000000E+003, -3.210816E+000, +3.119773E+001
+9.59762900000000E+003, +5.833713E+000, +7.685683E+001
+9.69822200000000E+003, +1.078669E+001, +5.135175E+001
+9.79881500000000E+003, +6.461540E+001, +3.719357E+001
+9.89940700000000E+003, +6.635396E+000, +5.157490E+001
+1.00000000000000E+004, +9.766319E-001, +6.042591E+001
+1.01157950000000E+004, +4.296559E+001, +5.729283E+001
+1.02499370000000E+004, +5.650695E+000, +1.208568E+001
+1.03840800000000E+004, +3.780127E+001, +3.980344E+001
+1.05182220000000E+004, +4.977570E+000, +3.284229E+001
+1.06523650000000E+004, +2.504493E+000, +3.766094E+001
+1.07865070000000E+004, +1.124327E+001, +2.262828E+001
+1.09206500000000E+004, +3.017971E+000, +4.063346E+001
+1.10547920000000E+004, +8.656574E+000, +4.395631E+001
+1.11889350000000E+004, +1.722832E-001, +1.475183E+001
+1.13230770000000E+004, -1.009774E+001, +3.469397E+001
+1.14572200000000E+004, +2.701939E-001, +3.306858E+001
+1.15913620000000E+004, +3.165124E+000, +3.660395E+001
+1.17255050000000E+004, +1.436629E+001, +2.356066E+001
+1.18596470000000E+004, +1.569667E+001, +2.572632E+001
+1.19937890000000E+004, -5.481240E+000, +2.640117E+001
+1.21279320000000E+004, -3.352238E+000, +2.295649E+001
+1.22620740000000E+004, -2.585135E+000, +2.488526E+001
+1.23962170000000E+004, +1.051286E+001, +1.786310E+001
+1.25303590000000E+004, -4.421037E+000, +2.185365E+001
+1.26645020000000E+004, -1.635947E+001, +8.145933E+000
+1.27986440000000E+004, -7.783581E+000, +2.745444E+001
+1.29327870000000E+004, +4.744490E+000, +2.201683E+001
+1.30669290000000E+004, -5.124641E+000, +2.440564E+001
+1.32010720000000E+004, -7.636644E-001, +2.133593E+001
+1.33352140000000E+004, -3.838205E+000, +2.949079E+001
+1.34896290000000E+004, -3.042643E+000, +1.958033E+001
+1.36685110000000E+004, -7.495984E+000, +1.692167E+001
+1.38473930000000E+004, -1.407474E+000, +1.678297E+001
+1.40262750000000E+004, +2.777257E+000, +2.355922E+001
+1.42051570000000E+004, -3.709162E+000, +1.577007E+001
+1.43840380000000E+004, -2.512911E+000, +1.619919E+001
+1.45629200000000E+004, -4.845027E+000, +1.620385E+001
+1.47418020000000E+004, -1.990611E+000, +1.396062E+001
+1.49206840000000E+004, -5.592179E+000, +1.344768E+001
+1.50995660000000E+004, -5.991145E+000, +1.418391E+001
+1.52784480000000E+004, -4.150855E+000, +1.207794E+001
+1.54573300000000E+004, -6.527933E+000, +1.411068E+001
+1.56362120000000E+004, -4.507057E+000, +1.326085E+001
+1.58150930000000E+004, -4.722878E+000, +1.147003E+001
+1.59939750000000E+004, -3.992610E+000, +1.062458E+001
+1.61728570000000E+004, -6.322303E+000, +1.092247E+001
+1.63517390000000E+004, -5.742845E+000, +9.346138E+000
+1.65306210000000E+004, -5.199534E+000, +9.333761E+000
+1.67095030000000E+004, -4.647317E+000, +9.883471E+000
+1.68883850000000E+004, -5.011469E+000, +9.301847E+000
+1.70672670000000E+004, -5.289937E+000, +8.887604E+000
+1.72461480000000E+004, -5.206309E+000, +9.187741E+000
+1.74250300000000E+004, -4.393853E+000, +7.824976E+000
+1.76039120000000E+004, -4.438592E+000, +7.537534E+000
+1.77827940000000E+004, -4.220877E+000, +7.129182E+000
+1.79887090000000E+004, -5.154218E+000, +7.204053E+000
+1.82272520000000E+004, -5.079780E+000, +5.814612E+000
+1.84657950000000E+004, -4.383034E+000, +6.294644E+000
+1.87043370000000E+004, -4.801478E+000, +6.354140E+000
+1.89428800000000E+004, -4.438726E+000, +5.439527E+000
+1.91814230000000E+004, -4.725715E+000, +4.985756E+000
+1.94199660000000E+004, -4.600978E+000, +5.415055E+000
+1.96585090000000E+004, -3.730823E+000, +4.806958E+000
+1.98970520000000E+004, -4.837580E+000, +4.612923E+000
+2.01355940000000E+004, -4.498087E+000, +4.395120E+000
+2.03741370000000E+004, -4.217031E+000, +3.804105E+000
+2.06126800000000E+004, -4.171551E+000, +3.868939E+000
+2.08512230000000E+004, -3.961667E+000, +3.705406E+000
+2.10897660000000E+004, -4.301095E+000, +3.586737E+000
+2.13283090000000E+004, -3.887599E+000, +3.282849E+000
+2.15668510000000E+004, -4.024669E+000, +3.043726E+000
+2.18053940000000E+004, -4.262368E+000, +3.219800E+000
+2.20439370000000E+004, -3.767007E+000, +2.640778E+000
+2.22824800000000E+004, -3.976617E+000, +2.650540E+000
+2.25210230000000E+004, -3.814960E+000, +2.607183E+000
+2.27595660000000E+004, -4.035472E+000, +2.344236E+000
+2.29981080000000E+004, -3.705465E+000, +2.015319E+000
+2.32366510000000E+004, -3.456058E+000, +2.289545E+000
+2.34751940000000E+004, -3.607055E+000, +1.753439E+000
+2.37137370000000E+004, -3.510102E+000, +1.828346E+000
+2.39883290000000E+004, -3.531085E+000, +1.693617E+000
+2.43064310000000E+004, -3.586285E+000, +1.450665E+000
+2.46245330000000E+004, -3.460980E+000, +1.427583E+000
+2.49426350000000E+004, -3.331400E+000, +1.336318E+000
+2.52607370000000E+004, -3.407412E+000, +1.309747E+000
+2.55788390000000E+004, -3.277061E+000, +1.203901E+000
+2.58969410000000E+004, -3.199912E+000, +1.015106E+000
+2.62150430000000E+004, -3.207600E+000, +9.489452E-001
+2.65331450000000E+004, -3.166708E+000, +8.418382E-001
+2.68512470000000E+004, -3.037795E+000, +7.700666E-001
+2.71693490000000E+004, -2.983160E+000, +6.069826E-001
+2.74874510000000E+004, -2.795689E+000, +5.480745E-001
+2.78055530000000E+004, -2.933311E+000, +5.960731E-001
+2.81236550000000E+004, -2.876951E+000, +3.779735E-001
+2.84417570000000E+004, -2.721706E+000, +4.788828E-001
+2.87598590000000E+004, -2.810626E+000, +3.384014E-001
+2.90779610000000E+004, -2.688386E+000, +2.712111E-001
+2.93960630000000E+004, -2.547829E+000, +2.490404E-001
+2.97141650000000E+004, -2.637709E+000, +1.276568E-001
+3.00322670000000E+004, -2.588295E+000, +4.941596E-002
+3.03503690000000E+004, -2.531717E+000, +1.144529E-001
+3.06684710000000E+004, -2.493950E+000, +1.670176E-002
+3.09865730000000E+004, -2.475631E+000, +3.958278E-002
+3.13046750000000E+004, -2.400951E+000, -1.134847E-001
+3.16227770000000E+004, -2.353337E+000, -6.232353E-002
+3.19889510000000E+004, -2.326344E+000, -1.643391E-001
+3.24131470000000E+004, -2.284353E+000, -1.396293E-001
+3.28373430000000E+004, -2.260403E+000, -2.564592E-001
+3.32615380000000E+004, -2.226311E+000, -2.319254E-001
+3.36857340000000E+004, -2.134286E+000, -2.707468E-001
+3.41099300000000E+004, -2.039708E+000, -2.947266E-001
+3.45341260000000E+004, -1.991016E+000, -3.331974E-001
+3.49583220000000E+004, -1.997432E+000, -3.607392E-001
+3.53825170000000E+004, -1.936882E+000, -3.670157E-001
+3.58067130000000E+004, -1.857576E+000, -4.129593E-001
+3.62309090000000E+004, -1.867199E+000, -5.163029E-001
+3.66551050000000E+004, -1.802517E+000, -5.251020E-001
+3.70793000000000E+004, -1.786446E+000, -5.478340E-001
+3.75034960000000E+004, -1.760904E+000, -5.771550E-001
+3.79276920000000E+004, -1.726124E+000, -6.174574E-001
+3.83518880000000E+004, -1.673463E+000, -6.440060E-001
+3.87760840000000E+004, -1.674461E+000, -6.318139E-001
+3.92002790000000E+004, -1.606974E+000, -6.038331E-001
+3.96244750000000E+004, -1.524974E+000, -6.316948E-001
+4.00486710000000E+004, -1.443596E+000, -6.510407E-001
+4.04728670000000E+004, -1.039051E+000, -1.130890E+000
+4.08970630000000E+004, -2.534838E+000, -3.867070E-001
+4.13212580000000E+004, -2.720322E+000, -1.351568E-001
+4.17454540000000E+004, -2.287385E+000, -4.779827E-002
+4.21696500000000E+004, -2.014729E+000, -1.372212E-001
+4.26579520000000E+004, -1.722591E+000, -3.118586E-001
+4.32236260000000E+004, -1.672950E+000, -3.022468E-001
+4.37893000000000E+004, -1.858454E+000, -2.950441E-001
+4.43549750000000E+004, -1.600969E+000, -3.897785E-001
+4.49206490000000E+004, -1.528315E+000, -3.827797E-001
+4.54863230000000E+004, -1.469682E+000, -4.194146E-001
+4.60519970000000E+004, -1.434566E+000, -4.073733E-001
+4.66176710000000E+004, -1.377411E+000, -4.255119E-001
+4.71833460000000E+004, -1.312569E+000, -4.322272E-001
+4.77490200000000E+004, -1.261507E+000, -4.635185E-001
+4.83146940000000E+004, -1.153903E+000, -5.639297E-001
+4.88803680000000E+004, -1.242059E+000, -8.258283E-001
+4.94460430000000E+004, -1.145043E+000, -8.513134E-001
+5.00117170000000E+004, -1.178363E+000, -8.033146E-001
+5.05773910000000E+004, -1.110228E+000, -7.489625E-001
+5.11430650000000E+004, -1.116241E+000, -7.827238E-001
+5.17087390000000E+004, -1.081437E+000, -7.910821E-001
+5.22744140000000E+004, -1.044240E+000, -7.843620E-001
+5.28400880000000E+004, -1.038653E+000, -8.212048E-001
+5.34057620000000E+004, -1.029727E+000, -8.032118E-001
+5.39714360000000E+004, -1.009285E+000, -8.104647E-001
+5.45371100000000E+004, -9.840416E-001, -8.027670E-001
+5.51027850000000E+004, -9.858106E-001, -8.157234E-001
+5.56684590000000E+004, -9.570086E-001, -8.182964E-001
+5.62341330000000E+004, -9.376520E-001, -8.028514E-001
+5.68852930000000E+004, -9.829323E-001, -8.346807E-001
+5.76396320000000E+004, -8.925703E-001, -8.219734E-001
+5.83939700000000E+004, -8.730761E-001, -8.347337E-001
+5.91483090000000E+004, -8.675442E-001, -8.459395E-001
+5.99026480000000E+004, -8.917817E-001, -8.329908E-001
+6.06569860000000E+004, -8.776931E-001, -8.149710E-001
+6.14113250000000E+004, -8.812202E-001, -7.999095E-001
+6.21656640000000E+004, -8.426559E-001, -8.572730E-001
+6.29200020000000E+004, -8.108960E-001, -7.808668E-001
+6.36743410000000E+004, -7.974191E-001, -7.890114E-001
+6.44286800000000E+004, -8.057259E-001, -7.719679E-001
+6.51830180000000E+004, -7.759908E-001, -8.211058E-001
+6.59373570000000E+004, -7.780017E-001, -7.872678E-001
+6.66916960000000E+004, -7.518052E-001, -7.844807E-001
+6.74460340000000E+004, -7.358407E-001, -7.868924E-001
+6.82003730000000E+004, -7.509606E-001, -7.400689E-001
+6.89547120000000E+004, -7.281812E-001, -7.754200E-001
+6.97090500000000E+004, -7.220725E-001, -7.823460E-001
+7.04633890000000E+004, -7.281571E-001, -7.846838E-001
+7.12177280000000E+004, -6.944177E-001, -7.707537E-001
+7.19720660000000E+004, -6.953042E-001, -7.632247E-001
+7.27264050000000E+004, -7.062503E-001, -7.581402E-001
+7.34807440000000E+004, -6.884620E-001, -7.603835E-001
+7.42350820000000E+004, -7.120456E-001, -7.673915E-001
+7.49894210000000E+004, -6.896502E-001, -7.019744E-001
+7.58577580000000E+004, -6.307560E-001, -7.323698E-001
+7.68636850000000E+004, -5.947949E-001, -7.433833E-001
+7.78696120000000E+004, -6.454439E-001, -7.154390E-001
+7.88755380000000E+004, -6.903438E-001, -6.929930E-001
+7.98814650000000E+004, -5.841557E-001, -7.915022E-001
+8.08873920000000E+004, -5.783607E-001, -7.851068E-001
+8.18933190000000E+004, -7.340580E-001, -8.124497E-001
+8.28992450000000E+004, -7.289158E-001, -4.908863E-001
+8.39051720000000E+004, -6.483592E-001, -4.686868E-001
+8.49110990000000E+004, -6.008833E-001, -4.607218E-001
+8.59170260000000E+004, -6.111425E-001, -5.100914E-001
+8.69229520000000E+004, -6.475633E-001, -4.559997E-001
+8.79288790000000E+004, -6.175023E-001, -4.481152E-001
+8.89348060000000E+004, -5.446141E-001, -4.212447E-001
+8.99407330000000E+004, -4.487497E-001, -4.359514E-001
+9.09466590000000E+004, -3.814699E-001, -4.875565E-001
+9.19525860000000E+004, -3.199076E-001, -4.926437E-001
+9.29585130000000E+004, -2.574963E-001, -5.500994E-001
+9.39644400000000E+004, -2.942149E-001, -6.335652E-001
+9.49703660000000E+004, -2.558966E-001, -6.199474E-001
+9.59762930000000E+004, -4.742340E-001, -6.842031E-001
+9.69822200000000E+004, -4.840496E-001, -6.270320E-001
+9.79881470000000E+004, -4.857174E-001, -6.332484E-001
+9.89940730000000E+004, -4.878927E-001, -6.184503E-001
+1.00000000000000E+005, -5.064134E-001, -6.464334E-001
+1.01157945000000E+005, -5.401998E-001, -6.506664E-001
+1.02499370000000E+005, -5.479432E-001, -5.970117E-001
+1.03840795000000E+005, -5.411419E-001, -5.757663E-001
+1.05182220000000E+005, -5.269066E-001, -5.538234E-001
+1.06523645000000E+005, -5.200925E-001, -5.498053E-001
+1.07865070000000E+005, -5.116297E-001, -5.250369E-001
+1.09206495000000E+005, -5.034925E-001, -5.255312E-001
+1.10547919000000E+005, -4.835709E-001, -5.225323E-001
+1.11889344000000E+005, -4.821526E-001, -5.263250E-001
+1.13230769000000E+005, -4.941894E-001, -5.300406E-001
+1.14572194000000E+005, -5.020096E-001, -5.134876E-001
+1.15913619000000E+005, -5.007469E-001, -4.839075E-001
+1.17255044000000E+005, -4.869216E-001, -4.722041E-001
+1.18596469000000E+005, -4.915437E-001, -4.605488E-001
+1.19937894000000E+005, -4.758270E-001, -4.584149E-001
+1.21279319000000E+005, -4.609469E-001, -4.307047E-001
+1.22620744000000E+005, -4.332108E-001, -4.585605E-001
+1.23962169000000E+005, -4.587619E-001, -4.043375E-001
+1.25303594000000E+005, -4.188623E-001, -3.557933E-001
+1.26645018000000E+005, -3.241225E-001, -3.352204E-001
+1.27986443000000E+005, -2.424320E-001, -4.365934E-001
+1.29327868000000E+005, -3.014385E-001, -5.386633E-001
+1.30669293000000E+005, -3.054827E-001, -5.878065E-001
+1.32010718000000E+005, -4.284070E-001, -5.849626E-001
+1.33352143000000E+005, -4.474528E-001, -5.273994E-001
+1.34896288000000E+005, -4.500633E-001, -4.643868E-001
+1.36685107000000E+005, -4.634446E-001, -4.408537E-001
+1.38473926000000E+005, -4.410534E-001, -4.292122E-001
+1.40262745000000E+005, -4.362669E-001, -3.708458E-001
+1.42051564000000E+005, -4.282511E-001, -4.148241E-001
+1.43840382000000E+005, -4.525457E-001, -3.672328E-001
+1.45629201000000E+005, -4.069917E-001, -3.651070E-001
+1.47418020000000E+005, -4.077395E-001, -3.592154E-001
+1.49206839000000E+005, -4.160253E-001, -3.575155E-001
+1.50995658000000E+005, -3.887791E-001, -3.419513E-001
+1.52784477000000E+005, -4.187669E-001, -3.224571E-001
+1.54573296000000E+005, -3.979784E-001, -3.311697E-001
+1.56362115000000E+005, -4.064134E-001, -3.163227E-001
+1.58150933000000E+005, -3.925653E-001, -3.000373E-001
+1.59939752000000E+005, -3.803310E-001, -2.947094E-001
+1.61728571000000E+005, -3.717705E-001, -2.878556E-001
+1.63517390000000E+005, -3.761693E-001, -2.903621E-001
+1.65306209000000E+005, -3.760635E-001, -2.788485E-001
+1.67095028000000E+005, -3.723615E-001, -2.632002E-001
+1.68883847000000E+005, -3.606326E-001, -2.510825E-001
+1.70672666000000E+005, -3.457633E-001, -2.530745E-001
+1.72461484000000E+005, -3.388395E-001, -2.579459E-001
+1.74250303000000E+005, -3.371163E-001, -2.640854E-001
+1.76039122000000E+005, -3.336231E-001, -2.589173E-001
+1.77827941000000E+005, -3.304557E-001, -2.563318E-001
+1.79887092000000E+005, -3.404109E-001, -2.617897E-001
+1.82272520000000E+005, -3.227612E-001, -2.387867E-001
+1.84657949000000E+005, -3.227371E-001, -2.368685E-001
+1.87043377000000E+005, -3.192338E-001, -2.306932E-001
+1.89428805000000E+005, -3.177499E-001, -2.230887E-001
+1.91814233000000E+005, -3.149456E-001, -2.257946E-001
+1.94199662000000E+005, -3.111474E-001, -2.248226E-001
+1.96585090000000E+005, -3.010985E-001, -2.120658E-001
+1.98970518000000E+005, -2.939465E-001, -2.070927E-001
+2.01355947000000E+005, -3.014532E-001, -2.198626E-001
+2.03741375000000E+005, -2.872245E-001, -2.122464E-001
+2.06126803000000E+005, -2.891459E-001, -2.163372E-001
+2.08512231000000E+005, -2.945531E-001, -1.994454E-001
+2.10897660000000E+005, -2.953290E-001, -2.007847E-001
+2.13283088000000E+005, -2.969589E-001, -1.873588E-001
+2.15668516000000E+005, -2.939653E-001, -1.904098E-001
+2.18053945000000E+005, -2.832704E-001, -1.771807E-001
+2.20439373000000E+005, -2.623771E-001, -1.769027E-001
+2.22824801000000E+005, -2.778052E-001, -1.866117E-001
+2.25210230000000E+005, -2.736376E-001, -1.736629E-001
+2.27595658000000E+005, -2.774217E-001, -1.762055E-001
+2.29981086000000E+005, -2.692082E-001, -1.739752E-001
+2.32366514000000E+005, -2.589024E-001, -1.652517E-001
+2.34751943000000E+005, -2.691234E-001, -1.477618E-001
+2.37137371000000E+005, -2.646092E-001, -1.686023E-001
+2.39883292000000E+005, -2.632039E-001, -1.444465E-001
+2.43064312000000E+005, -2.686662E-001, -1.576600E-001
+2.46245332000000E+005, -2.624920E-001, -1.576791E-001
+2.49426351000000E+005, -2.678222E-001, -1.530958E-001
+2.52607371000000E+005, -2.506865E-001, -1.487209E-001
+2.55788391000000E+005, -2.676095E-001, -1.472984E-001
+2.58969411000000E+005, -2.502658E-001, -1.501648E-001
+2.62150430000000E+005, -2.354156E-001, -1.321056E-001
+2.65331450000000E+005, -2.464953E-001, -1.299555E-001
+2.68512470000000E+005, -2.451555E-001, -1.348492E-001
+2.71693490000000E+005, -2.369695E-001, -1.304087E-001
+2.74874509000000E+005, -2.368916E-001, -1.440128E-001
+2.78055529000000E+005, -2.369644E-001, -1.267025E-001
+2.81236549000000E+005, -2.396439E-001, -1.355892E-001
+2.84417569000000E+005, -2.329728E-001, -1.227803E-001
+2.87598588000000E+005, -2.332522E-001, -1.241937E-001
+2.90779608000000E+005, -2.364112E-001, -1.149514E-001
+2.93960628000000E+005, -2.415593E-001, -1.216016E-001
+2.97141648000000E+005, -2.336821E-001, -1.206436E-001
+3.00322667000000E+005, -2.447512E-001, -1.301571E-001
+3.03503687000000E+005, -2.530485E-001, -1.324992E-001
+3.06684707000000E+005, -2.614705E-001, -1.045634E-001
+3.09865727000000E+005, -2.325584E-001, -1.090492E-001
+3.13046746000000E+005, -2.490556E-001, -1.041620E-001
+3.16227766000000E+005, -2.450375E-001, -1.126347E-001
+3.19889511000000E+005, -2.380005E-001, -1.003258E-001
+3.24131469000000E+005, -2.529145E-001, -9.687775E-002
+3.28373427000000E+005, -2.454654E-001, -9.420551E-002
+3.32615385000000E+005, -2.467982E-001, -8.855096E-002
+3.36857343000000E+005, -2.505455E-001, -8.365175E-002
+3.41099301000000E+005, -2.545873E-001, -7.871184E-002
+3.45341259000000E+005, -2.522480E-001, -7.789597E-002
+3.49583217000000E+005, -2.592862E-001, -7.304408E-002
+3.53825175000000E+005, -2.480029E-001, -6.567605E-002
+3.58067133000000E+005, -2.534481E-001, -6.108220E-002
+3.62309091000000E+005, -2.562150E-001, -6.028571E-002
+3.66551049000000E+005, -2.514977E-001, -5.283997E-002
+3.70793007000000E+005, -2.587277E-001, -5.181755E-002
+3.75034965000000E+005, -2.579275E-001, -4.569144E-002
+3.79276923000000E+005, -2.549264E-001, -4.204622E-002
+3.83518881000000E+005, -2.587426E-001, -3.724878E-002
+3.87760839000000E+005, -2.554204E-001, -2.942972E-002
+3.92002797000000E+005, -2.593015E-001, -3.153792E-002
+3.96244755000000E+005, -2.583008E-001, -2.326183E-002
+4.00486713000000E+005, -2.546028E-001, -2.384740E-002
+4.04728671000000E+005, -2.583565E-001, -1.516833E-002
+4.08970629000000E+005, -2.596086E-001, -9.154240E-003
+4.13212587000000E+005, -2.575541E-001, -5.358788E-003
+4.17454545000000E+005, -2.566929E-001, -2.105663E-003
+4.21696503000000E+005, -2.565625E-001, +3.381279E-003
+4.26579519000000E+005, -2.582191E-001, +9.716359E-003
+4.32236261000000E+005, -2.559865E-001, +1.871988E-002
+4.37893003000000E+005, -2.568417E-001, +2.504570E-002
+4.43549745000000E+005, -2.547808E-001, +3.153221E-002
+4.49206487000000E+005, -2.536446E-001, +3.815453E-002
+4.54863229000000E+005, -2.496303E-001, +4.462730E-002
+4.60519971000000E+005, -2.514415E-001, +5.199131E-002
+4.66176712000000E+005, -2.480110E-001, +5.763022E-002
+4.71833454000000E+005, -2.461931E-001, +6.549059E-002
+4.77490196000000E+005, -2.454861E-001, +7.240690E-002
+4.83146938000000E+005, -2.445448E-001, +7.856847E-002
+4.88803680000000E+005, -2.400480E-001, +8.471256E-002
+4.94460422000000E+005, -2.371272E-001, +9.160429E-002
+5.00117164000000E+005, -2.345864E-001, +9.922601E-002
+5.05773906000000E+005, -2.317465E-001, +1.046203E-001
+5.11430648000000E+005, -2.302031E-001, +1.130314E-001
+5.17087390000000E+005, -2.255226E-001, +1.205525E-001
+5.22744132000000E+005, -2.204508E-001, +1.231672E-001
+5.28400874000000E+005, -2.131361E-001, +1.329050E-001
+5.34057615000000E+005, -2.085516E-001, +1.427485E-001
+5.39714357000000E+005, -2.074792E-001, +1.437312E-001
+5.45371099000000E+005, -2.015247E-001, +1.498003E-001
+5.51027841000000E+005, -1.975634E-001, +1.565254E-001
+5.56684583000000E+005, -1.932521E-001, +1.612531E-001
+5.62341325000000E+005, -1.906536E-001, +1.677842E-001
+5.68852931000000E+005, -1.829753E-001, +1.713142E-001
+5.76396318000000E+005, -1.793147E-001, +1.811603E-001
+5.83939704000000E+005, -1.705765E-001, +1.876186E-001
+5.91483091000000E+005, -1.617507E-001, +1.947489E-001
+5.99026477000000E+005, -1.544759E-001, +1.995663E-001
+6.06569864000000E+005, -1.461716E-001, +2.038997E-001
+6.14113251000000E+005, -1.381872E-001, +2.122475E-001
+6.21656637000000E+005, -1.308189E-001, +2.183267E-001
+6.29200024000000E+005, -1.186276E-001, +2.227147E-001
+6.36743410000000E+005, -1.116813E-001, +2.268651E-001
+6.44286797000000E+005, -1.030448E-001, +2.312798E-001
+6.51830183000000E+005, -9.460522E-002, +2.359636E-001
+6.59373570000000E+005, -8.458932E-002, +2.408320E-001
+6.66916957000000E+005, -7.230536E-002, +2.435679E-001
+6.74460343000000E+005, -6.210200E-002, +2.472536E-001
+6.82003730000000E+005, -5.447209E-002, +2.473498E-001
+6.89547116000000E+005, -4.304469E-002, +2.510501E-001
+6.97090503000000E+005, -4.062846E-002, +2.528296E-001
+7.04633890000000E+005, -2.540112E-002, +2.539929E-001
+7.12177276000000E+005, -1.178787E-002, +2.524736E-001
+7.19720663000000E+005, -2.536489E-003, +2.528443E-001
+7.27264049000000E+005, +8.811114E-003, +2.512909E-001
+7.34807436000000E+005, +1.727858E-002, +2.483713E-001
+7.42350822000000E+005, +2.851682E-002, +2.425799E-001
+7.49894209000000E+005, +3.441839E-002, +2.264639E-001
+7.58577575000000E+005, +3.657179E-002, +2.202497E-001
+7.68636843000000E+005, -1.295689E-001, +3.557917E-001
+7.78696110000000E+005, +3.542465E-002, +3.272956E-001
+7.88755378000000E+005, +1.229394E-001, +3.094142E-001
+7.98814646000000E+005, +1.231725E-001, +2.789682E-001
+8.08873914000000E+005, +1.434928E-001, +2.781158E-001
+8.18933181000000E+005, +1.665792E-001, +2.636077E-001
+8.28992449000000E+005, +1.849132E-001, +2.589133E-001
+8.39051717000000E+005, +2.010911E-001, +2.433408E-001
+8.49110984000000E+005, +2.190615E-001, +2.300425E-001
+8.59170252000000E+005, +2.351756E-001, +2.155967E-001
+8.69229520000000E+005, +2.469868E-001, +2.001667E-001
+8.79288788000000E+005, +2.603896E-001, +1.949981E-001
+8.89348055000000E+005, +2.816131E-001, +1.800177E-001
+8.99407323000000E+005, +2.998686E-001, +1.611999E-001
+9.09466591000000E+005, +3.281813E-001, +1.347039E-001
+9.19525858000000E+005, +3.349021E-001, +1.107928E-001
+9.29585126000000E+005, +3.480354E-001, +8.460200E-002
+9.39644394000000E+005, +3.603481E-001, +5.725227E-002
+9.49703661000000E+005, +3.664457E-001, +2.465593E-002
+9.59762929000000E+005, +3.677655E-001, -9.134727E-003
+9.69822197000000E+005, +3.678328E-001, -3.819561E-002
+9.79881465000000E+005, +3.699057E-001, -6.237189E-002
+9.89940732000000E+005, +3.722780E-001, -9.824540E-002
+1.00000000000000E+006, +3.668327E-001, -1.417770E-001
+1.01157945400000E+006, +3.518478E-001, -1.886310E-001
+1.02499370300000E+006, +3.193118E-001, -2.423690E-001
+1.03840795200000E+006, +2.735322E-001, -3.011638E-001
+1.05182220100000E+006, +2.017717E-001, -3.377717E-001
+1.06523645000000E+006, +1.176639E-001, -3.509298E-001
+1.07865069900000E+006, +4.530716E-002, -3.431589E-001
+1.09206494900000E+006, -1.168393E-002, -3.208564E-001
+1.10547919800000E+006, -5.794253E-002, -2.954234E-001
+1.11889344700000E+006, -9.168367E-002, -2.679259E-001
+1.13230769600000E+006, -1.219913E-001, -2.381976E-001
+1.14572194500000E+006, -1.442141E-001, -2.095309E-001
+1.15913619400000E+006, -1.597499E-001, -1.813171E-001
+1.17255044300000E+006, -1.700535E-001, -1.552514E-001
+1.18596469200000E+006, -1.796536E-001, -1.299897E-001
+1.19937894100000E+006, -1.845773E-001, -1.054776E-001
+1.21279319000000E+006, -1.873388E-001, -8.414314E-002
+1.22620743900000E+006, -1.882848E-001, -6.338292E-002
+1.23962168800000E+006, -1.865333E-001, -4.324038E-002
+1.25303593700000E+006, -1.858025E-001, -2.622239E-002
+1.26645018700000E+006, -1.816830E-001, -8.188863E-003
+1.27986443600000E+006, -1.741325E-001, +9.777207E-003
+1.29327868500000E+006, -1.654056E-001, +2.498481E-002
+1.30669293400000E+006, -1.545754E-001, +3.472372E-002
+1.32010718300000E+006, -1.510199E-001, +5.253841E-002
+1.33352143200000E+006, -1.327448E-001, +5.825575E-002
+1.34896288300000E+006, -1.149938E-001, +5.937831E-002
+1.36685107200000E+006, -1.103825E-001, +7.327853E-002
+1.38473926000000E+006, -9.611416E-002, +7.914152E-002
+1.40262744900000E+006, -7.976480E-002, +8.499456E-002
+1.42051563800000E+006, -6.580220E-002, +8.647644E-002
+1.43840382600000E+006, -5.024733E-002, +8.851471E-002
+1.45629201500000E+006, -3.430070E-002, +8.748126E-002
+1.47418020300000E+006, -2.118886E-002, +8.516587E-002
+1.49206839200000E+006, -1.353846E-002, +8.094792E-002
+1.50995658100000E+006, -3.371797E-003, +7.542093E-002
+1.52784476900000E+006, +5.151590E-003, +7.229402E-002
+1.54573295800000E+006, +1.722059E-002, +6.616075E-002
+1.56362114700000E+006, +2.304038E-002, +5.986541E-002
+1.58150933500000E+006, +3.033014E-002, +5.183696E-002
+1.59939752400000E+006, +3.541137E-002, +4.157403E-002
+1.61728571200000E+006, +3.976950E-002, +2.959888E-002
+1.63517390100000E+006, +3.913357E-002, +1.483832E-002
+1.65306209000000E+006, +3.127565E-002, +7.996614E-003
+1.67095027800000E+006, +2.232236E-002, +8.207394E-003
+1.68883846700000E+006, +2.200744E-002, +1.892466E-002
+1.70672665600000E+006, +8.185239E-004, -1.957491E-002
+1.72461484400000E+006, +2.257618E-003, +1.725730E-003
+1.74250303300000E+006, +7.169431E-003, +1.703561E-003
+1.76039122100000E+006, +6.305897E-003, +3.785847E-003
+1.77827941000000E+006, +8.279964E-003, +5.140319E-003
+1.79887091500000E+006, +6.811921E-003, +8.747078E-003
+1.82272519800000E+006, +9.784036E-003, +1.106894E-002
+1.84657948100000E+006, +1.087265E-002, +4.145474E-003
+1.87043376400000E+006, +1.153942E-002, +2.572362E-003
+1.89428804700000E+006, +9.102585E-003, +5.450769E-004
+1.91814233000000E+006, +9.416552E-003, +8.319179E-004
+1.94199661300000E+006, +8.059400E-003, -1.837155E-003
+1.96585089600000E+006, +6.967473E-003, -2.610767E-003
+1.98970517900000E+006, +6.840242E-003, -2.653787E-003
+2.01355946200000E+006, +5.355542E-003, -3.794097E-003
+2.03741374500000E+006, +4.103031E-003, -5.180894E-003
+2.06126802800000E+006, +3.026239E-003, -3.251299E-003
+2.08512231000000E+006, +1.353219E-003, -4.714695E-003
+2.10897659300000E+006, +1.389681E-003, -2.503907E-003
+2.13283087600000E+006, +6.126643E-004, -3.307410E-003
+2.15668515900000E+006, +3.925709E-004, -2.876961E-003
+2.18053944200000E+006, +1.010231E-003, -1.090129E-003
+2.20439372500000E+006, +2.253172E-004, -1.992553E-004
+2.22824800800000E+006, +1.566160E-003, -1.058050E-003
+2.25210229100000E+006, +1.192960E-003, -1.186108E-003
+2.27595657400000E+006, -7.924284E-004, +4.505579E-004
+2.29981085700000E+006, +1.272215E-003, -1.107135E-003
+2.32366514000000E+006, +1.723078E-003, -3.042657E-004
+2.34751942300000E+006, +1.836248E-003, +6.965001E-004
+2.37137370600000E+006, +2.178793E-003, +1.255605E-003
+2.39883291900000E+006, +1.995783E-003, +1.314542E-003
+2.43064311700000E+006, +1.850074E-003, +2.322586E-003
+2.46245331400000E+006, +2.006567E-003, +5.969312E-004
+2.49426351200000E+006, +4.898727E-003, +1.127978E-004
+2.52607370900000E+006, +5.079947E-003, -1.127578E-004
+2.55788390700000E+006, +4.729542E-003, -1.707796E-003
+2.58969410400000E+006, +4.642074E-003, -2.593469E-003
+2.62150430200000E+006, +6.290705E-003, -2.163681E-003
+2.65331449900000E+006, +4.093214E-003, -3.824145E-003
+2.68512469700000E+006, +4.055226E-003, -4.881810E-003
+2.71693489400000E+006, +3.873257E-003, -4.547649E-003
+2.74874509200000E+006, +7.235174E-004, -3.121072E-003
+2.78055528900000E+006, +2.256478E-003, -5.303845E-003
+2.81236548700000E+006, +4.988843E-004, -5.072785E-003
+2.84417568500000E+006, +3.707502E-005, -6.234574E-003
+2.87598588200000E+006, -6.679389E-005, -5.949032E-003
+2.90779608000000E+006, -1.769720E-003, -6.668846E-003
+2.93960627700000E+006, -2.385854E-003, -5.615846E-003
+2.97141647500000E+006, -3.235360E-003, -4.965958E-003
+3.00322667200000E+006, -4.280691E-003, -3.153478E-003
+3.03503687000000E+006, -6.254175E-003, -1.416733E-003
+3.06684706700000E+006, -6.793694E-003, -3.491374E-004
+3.09865726500000E+006, -6.932461E-003, +1.445583E-003
+3.13046746200000E+006, -7.376139E-003, +4.144839E-003
+3.16227766000000E+006, -6.243513E-003, +3.281849E-003
+3.19889511000000E+006, -5.303939E-003, +6.917378E-003
+3.24131469000000E+006, -3.492820E-003, +8.943939E-003
+3.28373427000000E+006, -3.879582E-004, +9.209839E-003
+3.32615385000000E+006, +1.085433E-003, +1.010614E-002
+3.36857343100000E+006, +5.228789E-003, +1.046147E-002
+3.41099301100000E+006, +7.140891E-003, +1.044527E-002
+3.45341259100000E+006, +1.155978E-002, +1.176420E-002
+3.49583217100000E+006, +1.597238E-002, +6.774304E-003
+3.53825175100000E+006, +1.783212E-002, +3.203307E-003
+3.58067133100000E+006, +1.880146E-002, -6.817686E-004
+3.62309091200000E+006, +1.270228E-002, -4.969804E-003
+3.66551049200000E+006, +1.844134E-002, -8.932630E-003
+3.70793007200000E+006, +1.117698E-002, -9.142756E-003
+3.75034965200000E+006, +1.021341E-002, -1.607568E-002
+3.79276923200000E+006, +8.402824E-003, -1.655791E-002
+3.83518881200000E+006, +2.473957E-003, -1.819686E-002
+3.87760839300000E+006, +7.424188E-004, -1.856370E-002
+3.92002797300000E+006, -3.326975E-003, -1.505217E-002
+3.96244755300000E+006, -6.331527E-003, -1.452573E-002
+4.00486713300000E+006, -9.448822E-003, -1.185106E-002
+4.04728671300000E+006, -9.754753E-003, -8.525454E-003
+4.08970629300000E+006, -9.947209E-003, -5.849150E-003
+4.13212587400000E+006, -1.012879E-002, -3.422099E-003
+4.17454545400000E+006, -9.297620E-003, -3.198920E-003
+4.21696503400000E+006, -6.471277E-003, -2.348584E-003
+4.26579518800000E+006, -7.196688E-003, -1.802585E-003
+4.32236260700000E+006, -9.642416E-003, -1.713029E-003
+4.37893002700000E+006, -8.880044E-003, -6.049114E-004
+4.43549744600000E+006, -1.015599E-002, +5.730416E-004
+4.49206486500000E+006, -8.463280E-003, +2.014404E-003
+4.54863228500000E+006, -1.039090E-002, +6.258903E-003
+4.60519970400000E+006, -9.406884E-003, +7.076042E-003
+4.66176712300000E+006, -7.466208E-003, +8.356259E-003
+4.71833454300000E+006, -6.146635E-003, +1.190082E-002
+4.77490196200000E+006, -4.536996E-003, +1.254799E-002
+4.83146938100000E+006, -2.223020E-003, +1.360887E-002
+4.88803680100000E+006, -1.383019E-003, +1.460927E-002
+4.94460422000000E+006, +2.844373E-003, +1.345647E-002
+5.00117163900000E+006, +3.911468E-003, +1.341804E-002
+5.05773905900000E+006, +5.943738E-003, +1.325254E-002
+5.11430647800000E+006, +7.407765E-003, +1.232965E-002
+5.17087389700000E+006, +9.080243E-003, +1.217994E-002
+5.22744131700000E+006, +9.534234E-003, +1.116215E-002
+5.28400873600000E+006, +1.058553E-002, +9.368401E-003
+5.34057615500000E+006, +1.029701E-002, +9.372654E-003
+5.39714357500000E+006, +1.302258E-002, +6.101070E-003
+5.45371099400000E+006, +1.289855E-002, +5.082990E-003
+5.51027841300000E+006, +1.339231E-002, +3.795099E-003
+5.56684583300000E+006, +1.305700E-002, +1.053164E-003
+5.62341325200000E+006, +1.125563E-002, +1.702174E-003
+5.68852930800000E+006, +1.316450E-002, -4.138938E-004
+5.76396317400000E+006, +1.134417E-002, -2.115523E-003
+5.83939704000000E+006, +1.125181E-002, -2.478177E-003
+5.91483090600000E+006, +1.057153E-002, +2.162089E-003
+5.99026477200000E+006, +2.135746E-002, -1.989756E-003
+6.06569863800000E+006, +2.934541E-003, -1.868809E-002
+6.14113250400000E+006, +9.080065E-003, +1.119130E-003
+6.21656637000000E+006, +6.952463E-003, -7.211689E-004
+6.29200023600000E+006, +6.001089E-003, -1.371401E-003
+6.36743410200000E+006, +4.603317E-003, -2.214850E-003
+6.44286796800000E+006, +4.616909E-003, -1.787953E-003
+6.51830183400000E+006, +1.755052E-003, -7.297110E-005
+6.59373570100000E+006, +2.158456E-003, +3.691148E-004
+6.66916956700000E+006, +2.271803E-003, -6.217204E-004
+6.74460343300000E+006, +1.489116E-003, +6.095434E-004
+6.82003729900000E+006, +1.316335E-003, +2.171976E-003
+6.89547116500000E+006, +2.616057E-003, +1.402290E-003
+6.97090503100000E+006, +1.157388E-003, +3.452067E-003
+7.04633889700000E+006, +3.171214E-003, +5.079978E-003
+7.12177276300000E+006, +2.911862E-003, +4.420088E-003
+7.19720662900000E+006, +2.029627E-003, +4.831925E-003
+7.27264049500000E+006, +2.037985E-003, +4.083275E-003
+7.34807436100000E+006, +4.267696E-003, +6.463943E-003
+7.42350822700000E+006, +2.472514E-003, +6.640016E-003
+7.49894209300000E+006, +2.835592E-003, +7.522007E-003
+7.58577575000000E+006, +4.113649E-003, +5.907492E-003
+7.68636842700000E+006, +4.948443E-003, +9.152533E-003
+7.78696110400000E+006, +2.891130E-003, +7.695953E-003
+7.88755378100000E+006, +2.669894E-003, +8.833428E-003
+7.98814645800000E+006, +4.378744E-003, +9.061158E-003
+8.08873913500000E+006, +5.059581E-003, +1.055695E-002
+8.18933181200000E+006, +3.344952E-003, +1.023614E-002
+8.28992449000000E+006, +4.092361E-003, +9.518936E-003
+8.39051716700000E+006, +5.978615E-003, +7.643001E-003
+8.49110984400000E+006, +5.034861E-003, +1.041892E-002
+8.59170252100000E+006, +5.039576E-003, +9.143972E-003
+8.69229519800000E+006, +5.247590E-003, +1.142697E-002
+8.79288787500000E+006, +4.380126E-003, +1.015414E-002
+8.89348055200000E+006, +5.153011E-003, +1.038157E-002
+8.99407322900000E+006, +3.816596E-003, +1.077993E-002
+9.09466590600000E+006, +4.771886E-003, +1.150802E-002
+9.19525858300000E+006, +4.008876E-003, +1.209639E-002
+9.29585126000000E+006, +5.606812E-003, +1.335070E-002
+9.39644393800000E+006, +4.640191E-003, +1.333045E-002
+9.49703661500000E+006, +4.006962E-003, +1.367814E-002
+9.59762929200000E+006, +3.352127E-003, +1.450120E-002
+9.69822196900000E+006, +4.437044E-003, +1.589469E-002
+9.79881464600000E+006, +5.076114E-003, +1.563046E-002
+9.89940732300000E+006, +4.232296E-003, +1.627199E-002
+1.00000000000000E+007, +3.220735E-003, +1.661874E-002
