# Channel 1
+1.00000000000000E+004, +1.909637E-012
+1.01125000000000E+004, +1.944622E-012
+1.02250000000000E+004, +2.264263E-012
+1.03375000000000E+004, +2.192007E-012
+1.04500000000000E+004, +2.076516E-012
+1.05625000000000E+004, +2.105496E-012
+1.06750000000000E+004, +1.997746E-012
+1.07875000000000E+004, +2.061368E-012
+1.09000000000000E+004, +2.085349E-012
+1.10125000000000E+004, +1.613150E-012
+1.11250000000000E+004, +1.658065E-012
+1.12375000000000E+004, +1.394975E-012
+1.13500000000000E+004, +1.080278E-012
+1.14625000000000E+004, +1.034551E-012
+1.15750000000000E+004, +1.153170E-012
+1.16875000000000E+004, +1.239143E-012
+1.18000000000000E+004, +1.259057E-012
+1.19125000000000E+004, +1.032005E-012
+1.20250000000000E+004, +8.316946E-013
+1.21375000000000E+004, +8.462347E-013
+1.22500000000000E+004, +6.011190E-013
+1.23625000000000E+004, +6.187348E-013
+1.24750000000000E+004, +8.935724E-013
+1.25875000000000E+004, +8.315472E-013
+1.27000000000000E+004, +9.234120E-013
+1.28125000000000E+004, +1.115374E-012
+1.29250000000000E+004, +9.759594E-013
+1.30375000000000E+004, +8.361452E-013
+1.31500000000000E+004, +9.129488E-013
+1.32625000000000E+004, +1.028632E-012
+1.33750000000000E+004, +1.157555E-012
+1.34875000000000E+004, +1.069282E-012
+1.36000000000000E+004, +9.776343E-013
+1.37125000000000E+004, +1.188186E-012
+1.38250000000000E+004, +1.263293E-012
+1.39375000000000E+004, +1.255276E-012
+1.40500000000000E+004, +1.202068E-012
+1.41625000000000E+004, +1.311176E-012
+1.42750000000000E+004, +1.539653E-012
+1.43875000000000E+004, +1.772777E-012
+1.45000000000000E+004, +1.206360E-012
+1.46125000000000E+004, +6.782683E-013
+1.47250000000000E+004, +4.673617E-013
+1.48375000000000E+004, +4.455904E-013
+1.49500000000000E+004, +4.480230E-013
+1.50625000000000E+004, +4.179056E-013
+1.51750000000000E+004, +4.334666E-013
+1.52875000000000E+004, +5.100597E-013
+1.54000000000000E+004, +6.936704E-013
+1.55125000000000E+004, +7.860929E-013
+1.56250000000000E+004, +2.126146E-012
+1.57375000000000E+004, +2.437971E-012
+1.58500000000000E+004, +2.358983E-012
+1.59625000000000E+004, +1.351196E-012
+1.60750000000000E+004, +4.298950E-013
+1.61875000000000E+004, +4.487576E-013
+1.63000000000000E+004, +4.361078E-013
+1.64125000000000E+004, +3.644915E-013
+1.65250000000000E+004, +3.363573E-013
+1.66375000000000E+004, +3.123967E-013
+1.67500000000000E+004, +3.133692E-013
+1.68625000000000E+004, +3.244966E-013
+1.69750000000000E+004, +2.567902E-013
+1.70875000000000E+004, +2.224149E-013
+1.72000000000000E+004, +3.065322E-013
+1.73125000000000E+004, +2.698129E-013
+1.74250000000000E+004, +2.386683E-013
+1.75375000000000E+004, +2.381281E-013
+1.76500000000000E+004, +1.950090E-013
+1.77625000000000E+004, +1.807238E-013
+1.78750000000000E+004, +2.325553E-013
+1.79875000000000E+004, +2.158726E-013
+1.81000000000000E+004, +1.665576E-013
+1.82125000000000E+004, +9.784050E-014
+1.83250000000000E+004, +8.956089E-014
+1.84375000000000E+004, +1.248871E-013
+1.85500000000000E+004, +1.452301E-013
+1.86625000000000E+004, +1.456249E-013
+1.87750000000000E+004, +1.378465E-013
+1.88875000000000E+004, +1.074819E-013
+1.90000000000000E+004, +9.494608E-014
+1.91125000000000E+004, +1.566803E-013
+1.92250000000000E+004, +1.710463E-013
+1.93375000000000E+004, +1.898779E-013
+1.94500000000000E+004, +1.878124E-013
+1.95625000000000E+004, +1.452804E-013
+1.96750000000000E+004, +1.829430E-013
+1.97875000000000E+004, +1.843067E-013
+1.99000000000000E+004, +1.867668E-013
+2.00125000000000E+004, +1.764549E-013
+2.01250000000000E+004, +1.281892E-013
+2.02375000000000E+004, +1.183053E-013
+2.03500000000000E+004, +1.333326E-013
+2.04625000000000E+004, +1.283662E-013
+2.05750000000000E+004, +1.232804E-013
+2.06875000000000E+004, +1.331557E-013
+2.08000000000000E+004, +1.282081E-013
+2.09125000000000E+004, +1.315375E-013
+2.10250000000000E+004, +1.109565E-013
+2.11375000000000E+004, +9.113529E-014
+2.12500000000000E+004, +1.236667E-013
+2.13625000000000E+004, +2.252932E-013
+2.14750000000000E+004, +2.645239E-013
+2.15875000000000E+004, +4.078136E-013
+2.17000000000000E+004, +4.749740E-013
+2.18125000000000E+004, +6.674385E-013
+2.19250000000000E+004, +8.000408E-013
+2.20375000000000E+004, +5.992250E-013
+2.21500000000000E+004, +4.028371E-013
+2.22625000000000E+004, +2.784367E-013
+2.23750000000000E+004, +2.088090E-013
+2.24875000000000E+004, +1.586982E-013
+2.26000000000000E+004, +1.557687E-013
+2.27125000000000E+004, +1.348661E-013
+2.28250000000000E+004, +1.225332E-013
+2.29375000000000E+004, +1.338697E-013
+2.30500000000000E+004, +1.532100E-013
+2.31625000000000E+004, +1.644085E-013
+2.32750000000000E+004, +1.231517E-013
+2.33875000000000E+004, +1.771177E-013
+2.35000000000000E+004, +4.110551E-013
+2.36125000000000E+004, +5.547658E-013
+2.37250000000000E+004, +4.841841E-013
+2.38375000000000E+004, +2.723047E-013
+2.39500000000000E+004, +8.760875E-014
+2.40625000000000E+004, +9.314340E-014
+2.41750000000000E+004, +1.340613E-013
+2.42875000000000E+004, +1.277556E-013
+2.44000000000000E+004, +1.075376E-013
+2.45125000000000E+004, +1.260163E-013
+2.46250000000000E+004, +1.120515E-013
+2.47375000000000E+004, +1.364862E-013
+2.48500000000000E+004, +1.318430E-013
+2.49625000000000E+004, +1.188348E-013
+2.50750000000000E+004, +1.214390E-013
+2.51875000000000E+004, +1.132115E-013
+2.53000000000000E+004, +1.103965E-013
+2.54125000000000E+004, +1.083071E-013
+2.55250000000000E+004, +9.758898E-014
+2.56375000000000E+004, +9.883943E-014
+2.57500000000000E+004, +1.119038E-013
+2.58625000000000E+004, +6.849090E-014
+2.59750000000000E+004, +8.241759E-014
+2.60875000000000E+004, +8.692953E-014
+2.62000000000000E+004, +7.545753E-014
+2.63125000000000E+004, +9.636411E-014
+2.64250000000000E+004, +9.873297E-014
+2.65375000000000E+004, +1.159729E-013
+2.66500000000000E+004, +1.212438E-013
+2.67625000000000E+004, +1.034540E-013
+2.68750000000000E+004, +1.157439E-013
+2.69875000000000E+004, +1.408105E-013
+2.71000000000000E+004, +1.005184E-013
+2.72125000000000E+004, +7.878835E-014
+2.73250000000000E+004, +1.100837E-013
+2.74375000000000E+004, +1.123963E-013
+2.75500000000000E+004, +1.333054E-013
+2.76625000000000E+004, +1.458242E-013
+2.77750000000000E+004, +1.599565E-013
+2.78875000000000E+004, +1.930762E-013
+2.80000000000000E+004, +1.707538E-013
+2.81125000000000E+004, +1.610521E-013
+2.82250000000000E+004, +1.403039E-013
+2.83375000000000E+004, +9.738971E-014
+2.84500000000000E+004, +8.135648E-014
+2.85625000000000E+004, +7.635643E-014
+2.86750000000000E+004, +9.299968E-014
+2.87875000000000E+004, +9.462631E-014
+2.89000000000000E+004, +9.027809E-014
+2.90125000000000E+004, +9.699561E-014
+2.91250000000000E+004, +9.686432E-014
+2.92375000000000E+004, +1.097552E-013
+2.93500000000000E+004, +9.648662E-014
+2.94625000000000E+004, +1.433319E-013
+2.95750000000000E+004, +1.274495E-013
+2.96875000000000E+004, +1.234007E-013
+2.98000000000000E+004, +1.205866E-013
+2.99125000000000E+004, +8.096982E-014
+3.00250000000000E+004, +7.924340E-014
+3.01375000000000E+004, +9.993765E-014
+3.02500000000000E+004, +9.341011E-014
+3.03625000000000E+004, +8.523942E-014
+3.04750000000000E+004, +1.088516E-013
+3.05875000000000E+004, +1.178568E-013
+3.07000000000000E+004, +1.286377E-013
+3.08125000000000E+004, +1.409318E-013
+3.09250000000000E+004, +1.015901E-013
+3.10375000000000E+004, +7.126887E-014
+3.11500000000000E+004, +8.986387E-014
+3.12625000000000E+004, +1.185484E-013
+3.13750000000000E+004, +6.673327E-013
+3.14875000000000E+004, +7.285738E-013
+3.16000000000000E+004, +6.890161E-013
+3.17125000000000E+004, +2.893361E-013
+3.18250000000000E+004, +1.198775E-013
+3.19375000000000E+004, +1.315938E-013
+3.20500000000000E+004, +1.639848E-013
+3.21625000000000E+004, +1.394372E-013
+3.22750000000000E+004, +1.195588E-013
+3.23875000000000E+004, +1.415512E-013
+3.25000000000000E+004, +1.163946E-013
+3.26125000000000E+004, +1.043546E-013
+3.27250000000000E+004, +9.112179E-014
+3.28375000000000E+004, +7.652359E-014
+3.29500000000000E+004, +9.446902E-014
+3.30625000000000E+004, +8.538930E-014
+3.31750000000000E+004, +7.651038E-014
+3.32875000000000E+004, +1.150222E-013
+3.34000000000000E+004, +1.012623E-013
+3.35125000000000E+004, +8.916514E-014
+3.36250000000000E+004, +8.459174E-014
+3.37375000000000E+004, +6.636310E-014
+3.38500000000000E+004, +6.569201E-014
+3.39625000000000E+004, +1.091555E-013
+3.40750000000000E+004, +1.136177E-013
+3.41875000000000E+004, +1.296059E-013
+3.43000000000000E+004, +1.324533E-013
+3.44125000000000E+004, +1.002042E-013
+3.45250000000000E+004, +1.127908E-013
+3.46375000000000E+004, +7.897516E-014
+3.47500000000000E+004, +6.703635E-014
+3.48625000000000E+004, +7.260513E-014
+3.49750000000000E+004, +7.441169E-014
+3.50875000000000E+004, +9.574957E-014
+3.52000000000000E+004, +1.057956E-013
+3.53125000000000E+004, +1.089804E-013
+3.54250000000000E+004, +1.297119E-013
+3.55375000000000E+004, +1.325019E-013
+3.56500000000000E+004, +9.036015E-014
+3.57625000000000E+004, +8.316767E-014
+3.58750000000000E+004, +9.586495E-014
+3.59875000000000E+004, +9.754343E-014
+3.61000000000000E+004, +1.124142E-013
+3.62125000000000E+004, +9.666700E-014
+3.63250000000000E+004, +9.776922E-014
+3.64375000000000E+004, +2.375396E-012
+3.65500000000000E+004, +4.582266E-011
+3.66625000000000E+004, +6.550867E-011
+3.67750000000000E+004, +6.609469E-011
+3.68875000000000E+004, +3.375865E-011
+3.70000000000000E+004, +9.174508E-013
+3.71125000000000E+004, +1.403528E-013
+3.72250000000000E+004, +8.631976E-014
+3.73375000000000E+004, +8.655113E-014
+3.74500000000000E+004, +1.052534E-013
+3.75625000000000E+004, +1.077859E-013
+3.76750000000000E+004, +1.066823E-013
+3.77875000000000E+004, +7.569595E-014
+3.79000000000000E+004, +9.947043E-014
+3.80125000000000E+004, +1.248404E-013
+3.81250000000000E+004, +1.114530E-013
+3.82375000000000E+004, +1.025249E-013
+3.83500000000000E+004, +9.841685E-014
+3.84625000000000E+004, +8.309373E-014
+3.85750000000000E+004, +9.217137E-014
+3.86875000000000E+004, +9.171358E-014
+3.88000000000000E+004, +7.763811E-014
+3.89125000000000E+004, +1.023422E-013
+3.90250000000000E+004, +1.201455E-013
+3.91375000000000E+004, +7.355226E-014
+3.92500000000000E+004, +9.499245E-014
+3.93625000000000E+004, +9.947884E-014
+3.94750000000000E+004, +1.058859E-013
+3.95875000000000E+004, +1.318474E-013
+3.97000000000000E+004, +1.243330E-013
+3.98125000000000E+004, +1.267455E-013
+3.99250000000000E+004, +8.937554E-014
+4.00375000000000E+004, +6.622646E-014
+4.01500000000000E+004, +8.830106E-014
+4.02625000000000E+004, +1.396674E-013
+4.03750000000000E+004, +1.273785E-013
+4.04875000000000E+004, +8.934370E-014
+4.06000000000000E+004, +6.410249E-014
+4.07125000000000E+004, +6.027183E-014
+4.08250000000000E+004, +6.993354E-014
+4.09375000000000E+004, +9.260241E-014
+4.10500000000000E+004, +8.714425E-014
+4.11625000000000E+004, +7.953859E-014
+4.12750000000000E+004, +7.016477E-014
+4.13875000000000E+004, +7.264922E-014
+4.15000000000000E+004, +8.741581E-014
+4.16125000000000E+004, +8.525988E-014
+4.17250000000000E+004, +1.037021E-013
+4.18375000000000E+004, +1.202453E-013
+4.19500000000000E+004, +9.992545E-014
+4.20625000000000E+004, +8.657920E-014
+4.21750000000000E+004, +7.522142E-014
+4.22875000000000E+004, +8.151187E-014
+4.24000000000000E+004, +8.013823E-014
+4.25125000000000E+004, +8.625919E-014
+4.26250000000000E+004, +1.008899E-013
+4.27375000000000E+004, +1.180085E-013
+4.28500000000000E+004, +1.099497E-013
+4.29625000000000E+004, +1.100268E-013
+4.30750000000000E+004, +1.084300E-013
+4.31875000000000E+004, +1.044479E-013
+4.33000000000000E+004, +9.963464E-014
+4.34125000000000E+004, +8.069478E-014
+4.35250000000000E+004, +6.486649E-014
+4.36375000000000E+004, +9.101505E-014
+4.37500000000000E+004, +1.308820E-013
+4.38625000000000E+004, +1.429796E-013
+4.39750000000000E+004, +1.364853E-013
+4.40875000000000E+004, +1.384920E-013
+4.42000000000000E+004, +8.964622E-014
+4.43125000000000E+004, +9.791020E-014
+4.44250000000000E+004, +1.065684E-013
+4.45375000000000E+004, +1.065971E-013
+4.46500000000000E+004, +9.554296E-014
+4.47625000000000E+004, +8.893045E-014
+4.48750000000000E+004, +9.096708E-014
+4.49875000000000E+004, +9.574245E-014
+4.51000000000000E+004, +5.354042E-014
+4.52125000000000E+004, +5.895079E-014
+4.53250000000000E+004, +9.226035E-014
+4.54375000000000E+004, +8.241038E-014
+4.55500000000000E+004, +6.449601E-014
+4.56625000000000E+004, +6.639432E-014
+4.57750000000000E+004, +6.935035E-014
+4.58875000000000E+004, +1.065788E-013
+4.60000000000000E+004, +7.873700E-014
+4.61125000000000E+004, +7.426676E-014
+4.62250000000000E+004, +7.391764E-014
+4.63375000000000E+004, +5.251864E-014
+4.64500000000000E+004, +4.110151E-014
+4.65625000000000E+004, +6.934851E-014
+4.66750000000000E+004, +8.233891E-014
+4.67875000000000E+004, +7.915257E-014
+4.69000000000000E+004, +7.791523E-014
+4.70125000000000E+004, +1.011789E-013
+4.71250000000000E+004, +2.964765E-013
+4.72375000000000E+004, +3.510013E-013
+4.73500000000000E+004, +3.295909E-013
+4.74625000000000E+004, +1.792769E-013
+4.75750000000000E+004, +9.706891E-014
+4.76875000000000E+004, +8.728820E-014
+4.78000000000000E+004, +7.494359E-014
+4.79125000000000E+004, +6.003146E-014
+4.80250000000000E+004, +7.268012E-014
+4.81375000000000E+004, +7.714538E-014
+4.82500000000000E+004, +5.932460E-014
+4.83625000000000E+004, +6.526234E-014
+4.84750000000000E+004, +7.491387E-014
+4.85875000000000E+004, +7.442337E-014
+4.87000000000000E+004, +7.799895E-014
+4.88125000000000E+004, +1.063076E-013
+4.89250000000000E+004, +9.582383E-014
+4.90375000000000E+004, +1.051217E-013
+4.91500000000000E+004, +7.985610E-014
+4.92625000000000E+004, +6.780125E-014
+4.93750000000000E+004, +8.025653E-014
+4.94875000000000E+004, +6.813740E-014
+4.96000000000000E+004, +5.364502E-014
+4.97125000000000E+004, +4.678591E-014
+4.98250000000000E+004, +4.823969E-014
+4.99375000000000E+004, +5.246616E-014
+5.00500000000000E+004, +7.241892E-014
+5.01625000000000E+004, +8.229557E-014
+5.02750000000000E+004, +8.907519E-014
+5.03875000000000E+004, +8.282159E-014
+5.05000000000000E+004, +9.170271E-014
+5.06125000000000E+004, +8.923685E-014
+5.07250000000000E+004, +8.327443E-014
+5.08375000000000E+004, +5.580949E-014
+5.09500000000000E+004, +7.160735E-014
+5.10625000000000E+004, +6.672783E-014
+5.11750000000000E+004, +6.722604E-014
+5.12875000000000E+004, +5.760443E-014
+5.14000000000000E+004, +5.096548E-014
+5.15125000000000E+004, +6.446724E-014
+5.16250000000000E+004, +9.136486E-014
+5.17375000000000E+004, +8.462077E-014
+5.18500000000000E+004, +7.363054E-014
+5.19625000000000E+004, +8.073590E-014
+5.20750000000000E+004, +7.720335E-014
+5.21875000000000E+004, +6.605313E-014
+5.23000000000000E+004, +6.841553E-014
+5.24125000000000E+004, +6.486095E-014
+5.25250000000000E+004, +7.611824E-014
+5.26375000000000E+004, +6.293202E-014
+5.27500000000000E+004, +7.151529E-014
+5.28625000000000E+004, +8.310828E-014
+5.29750000000000E+004, +7.444156E-014
+5.30875000000000E+004, +6.083518E-014
+5.32000000000000E+004, +7.793559E-014
+5.33125000000000E+004, +7.913607E-014
+5.34250000000000E+004, +7.215716E-014
+5.35375000000000E+004, +7.964494E-014
+5.36500000000000E+004, +6.959895E-014
+5.37625000000000E+004, +8.097742E-014
+5.38750000000000E+004, +8.897826E-014
+5.39875000000000E+004, +6.134534E-014
+5.41000000000000E+004, +6.022578E-014
+5.42125000000000E+004, +4.916803E-014
+5.43250000000000E+004, +3.911332E-014
+5.44375000000000E+004, +5.245444E-014
+5.45500000000000E+004, +4.627324E-014
+5.46625000000000E+004, +6.773584E-014
+5.47750000000000E+004, +7.592552E-014
+5.48875000000000E+004, +6.682717E-014
+5.50000000000000E+004, +8.310988E-014
+5.51125000000000E+004, +8.791046E-014
+5.52250000000000E+004, +8.513151E-014
+5.53375000000000E+004, +8.320893E-014
+5.54500000000000E+004, +9.559407E-014
+5.55625000000000E+004, +7.491335E-014
+5.56750000000000E+004, +6.092194E-014
+5.57875000000000E+004, +4.889326E-014
+5.59000000000000E+004, +5.739242E-014
+5.60125000000000E+004, +8.048655E-014
+5.61250000000000E+004, +7.315328E-014
+5.62375000000000E+004, +6.853985E-014
+5.63500000000000E+004, +7.478669E-014
+5.64625000000000E+004, +5.930114E-014
+5.65750000000000E+004, +6.700067E-014
+5.66875000000000E+004, +7.873902E-014
+5.68000000000000E+004, +7.685615E-014
+5.69125000000000E+004, +7.123172E-014
+5.70250000000000E+004, +7.040950E-014
+5.71375000000000E+004, +6.786315E-014
+5.72500000000000E+004, +1.080388E-013
+5.73625000000000E+004, +8.585888E-014
+5.74750000000000E+004, +6.410514E-014
+5.75875000000000E+004, +5.889799E-014
+5.77000000000000E+004, +6.520217E-014
+5.78125000000000E+004, +6.972300E-014
+5.79250000000000E+004, +6.350810E-014
+5.80375000000000E+004, +5.569689E-014
+5.81500000000000E+004, +5.780865E-014
+5.82625000000000E+004, +6.041312E-014
+5.83750000000000E+004, +5.788877E-014
+5.84875000000000E+004, +6.300991E-014
+5.86000000000000E+004, +9.591644E-014
+5.87125000000000E+004, +8.571212E-014
+5.88250000000000E+004, +8.699459E-014
+5.89375000000000E+004, +6.137238E-014
+5.90500000000000E+004, +5.753014E-014
+5.91625000000000E+004, +7.981055E-014
+5.92750000000000E+004, +7.128560E-014
+5.93875000000000E+004, +6.876845E-014
+5.95000000000000E+004, +7.074597E-014
+5.96125000000000E+004, +6.380198E-014
+5.97250000000000E+004, +6.416426E-014
+5.98375000000000E+004, +6.441097E-014
+5.99500000000000E+004, +5.176644E-014
+6.00625000000000E+004, +4.864638E-014
+6.01750000000000E+004, +6.786377E-014
+6.02875000000000E+004, +6.381550E-014
+6.04000000000000E+004, +7.816541E-014
+6.05125000000000E+004, +6.771660E-014
+6.06250000000000E+004, +6.696771E-014
+6.07375000000000E+004, +7.389564E-014
+6.08500000000000E+004, +7.631424E-014
+6.09625000000000E+004, +6.325213E-014
+6.10750000000000E+004, +7.367548E-014
+6.11875000000000E+004, +6.783291E-014
+6.13000000000000E+004, +6.527785E-014
+6.14125000000000E+004, +7.373493E-014
+6.15250000000000E+004, +7.162931E-014
+6.16375000000000E+004, +7.275341E-014
+6.17500000000000E+004, +7.193717E-014
+6.18625000000000E+004, +6.858342E-014
+6.19750000000000E+004, +6.426439E-014
+6.20875000000000E+004, +6.987695E-014
+6.22000000000000E+004, +5.774341E-014
+6.23125000000000E+004, +6.079492E-014
+6.24250000000000E+004, +6.471303E-014
+6.25375000000000E+004, +7.731188E-014
+6.26500000000000E+004, +8.202450E-014
+6.27625000000000E+004, +7.399769E-014
+6.28750000000000E+004, +1.636240E-013
+6.29875000000000E+004, +2.015353E-013
+6.31000000000000E+004, +1.682406E-013
+6.32125000000000E+004, +8.881834E-014
+6.33250000000000E+004, +6.074903E-014
+6.34375000000000E+004, +5.412198E-014
+6.35500000000000E+004, +6.812279E-014
+6.36625000000000E+004, +7.855935E-014
+6.37750000000000E+004, +5.464110E-014
+6.38875000000000E+004, +5.117943E-014
+6.40000000000000E+004, +5.090268E-014
+6.41125000000000E+004, +7.397901E-014
+6.42250000000000E+004, +9.898339E-014
+6.43375000000000E+004, +9.348920E-014
+6.44500000000000E+004, +7.969278E-014
+6.45625000000000E+004, +7.702392E-014
+6.46750000000000E+004, +8.941790E-014
+6.47875000000000E+004, +8.828093E-014
+6.49000000000000E+004, +7.749480E-014
+6.50125000000000E+004, +6.884490E-014
+6.51250000000000E+004, +7.051715E-014
+6.52375000000000E+004, +6.491522E-014
+6.53500000000000E+004, +4.825476E-014
+6.54625000000000E+004, +8.291725E-014
+6.55750000000000E+004, +7.901626E-014
+6.56875000000000E+004, +7.355390E-014
+6.58000000000000E+004, +7.714437E-014
+6.59125000000000E+004, +5.933143E-014
+6.60250000000000E+004, +5.236091E-014
+6.61375000000000E+004, +5.448380E-014
+6.62500000000000E+004, +4.316279E-014
+6.63625000000000E+004, +4.976956E-014
+6.64750000000000E+004, +9.443524E-014
+6.65875000000000E+004, +1.073832E-013
+6.67000000000000E+004, +9.648653E-014
+6.68125000000000E+004, +8.951790E-014
+6.69250000000000E+004, +6.045186E-014
+6.70375000000000E+004, +5.131115E-014
+6.71500000000000E+004, +5.177210E-014
+6.72625000000000E+004, +5.689932E-014
+6.73750000000000E+004, +6.549767E-014
+6.74875000000000E+004, +7.085034E-014
+6.76000000000000E+004, +8.763892E-014
+6.77125000000000E+004, +1.100973E-013
+6.78250000000000E+004, +1.479556E-013
+6.79375000000000E+004, +3.328037E-013
+6.80500000000000E+004, +1.026684E-012
+6.81625000000000E+004, +1.549294E-012
+6.82750000000000E+004, +1.832455E-012
+6.83875000000000E+004, +1.547143E-012
+6.85000000000000E+004, +4.047816E-013
+6.86125000000000E+004, +2.704871E-013
+6.87250000000000E+004, +1.148254E-013
+6.88375000000000E+004, +7.124287E-014
+6.89500000000000E+004, +8.298897E-014
+6.90625000000000E+004, +6.479923E-014
+6.91750000000000E+004, +5.349166E-014
+6.92875000000000E+004, +2.535770E-013
+6.94000000000000E+004, +3.878491E-013
+6.95125000000000E+004, +4.791306E-013
+6.96250000000000E+004, +5.016338E-013
+6.97375000000000E+004, +5.298733E-013
+6.98500000000000E+004, +5.914121E-013
+6.99625000000000E+004, +5.145767E-013
+7.00750000000000E+004, +4.335869E-013
+7.01875000000000E+004, +2.924989E-013
+7.03000000000000E+004, +2.198012E-013
+7.04125000000000E+004, +1.228903E-013
+7.05250000000000E+004, +8.597847E-014
+7.06375000000000E+004, +7.784643E-014
+7.07500000000000E+004, +9.515942E-014
+7.08625000000000E+004, +1.008550E-013
+7.09750000000000E+004, +1.318699E-013
+7.10875000000000E+004, +5.266649E-013
+7.12000000000000E+004, +8.125447E-013
+7.13125000000000E+004, +8.969513E-013
+7.14250000000000E+004, +7.173294E-013
+7.15375000000000E+004, +5.100960E-013
+7.16500000000000E+004, +3.606686E-013
+7.17625000000000E+004, +1.665795E-013
+7.18750000000000E+004, +1.245547E-013
+7.19875000000000E+004, +2.043278E-013
+7.21000000000000E+004, +1.661930E-012
+7.22125000000000E+004, +1.833696E-012
+7.23250000000000E+004, +1.768697E-012
+7.24375000000000E+004, +7.641732E-013
+7.25500000000000E+004, +5.046577E-013
+7.26625000000000E+004, +4.819936E-013
+7.27750000000000E+004, +3.392532E-013
+7.28875000000000E+004, +1.189908E-013
+7.30000000000000E+004, +1.377342E-013
+7.31125000000000E+004, +1.995757E-013
+7.32250000000000E+004, +1.199633E-012
+7.33375000000000E+004, +4.972418E-012
+7.34500000000000E+004, +5.489898E-012
+7.35625000000000E+004, +4.698647E-012
+7.36750000000000E+004, +9.253977E-013
+7.37875000000000E+004, +1.130399E-013
+7.39000000000000E+004, +9.548753E-014
+7.40125000000000E+004, +6.646735E-014
+7.41250000000000E+004, +4.325015E-014
+7.42375000000000E+004, +5.615629E-014
+7.43500000000000E+004, +9.072258E-014
+7.44625000000000E+004, +8.790000E-014
+7.45750000000000E+004, +8.210495E-014
+7.46875000000000E+004, +1.034094E-013
+7.48000000000000E+004, +8.131645E-014
+7.49125000000000E+004, +6.101638E-014
+7.50250000000000E+004, +6.221799E-014
+7.51375000000000E+004, +5.460477E-014
+7.52500000000000E+004, +4.721742E-014
+7.53625000000000E+004, +3.563380E-014
+7.54750000000000E+004, +3.755465E-014
+7.55875000000000E+004, +5.048149E-014
+7.57000000000000E+004, +4.570796E-014
+7.58125000000000E+004, +4.322877E-014
+7.59250000000000E+004, +5.521350E-014
+7.60375000000000E+004, +5.869877E-014
+7.61500000000000E+004, +5.292624E-014
+7.62625000000000E+004, +5.159249E-014
+7.63750000000000E+004, +5.243073E-014
+7.64875000000000E+004, +5.743253E-014
+7.66000000000000E+004, +5.896648E-014
+7.67125000000000E+004, +4.480100E-014
+7.68250000000000E+004, +7.045540E-014
+7.69375000000000E+004, +7.103799E-014
+7.70500000000000E+004, +7.342837E-014
+7.71625000000000E+004, +8.005587E-014
+7.72750000000000E+004, +5.443810E-014
+7.73875000000000E+004, +5.189472E-014
+7.75000000000000E+004, +4.356983E-014
+7.76125000000000E+004, +2.330281E-014
+7.77250000000000E+004, +4.126384E-014
+7.78375000000000E+004, +5.435418E-014
+7.79500000000000E+004, +6.524625E-014
+7.80625000000000E+004, +9.035828E-013
+7.81750000000000E+004, +1.716511E-012
+7.82875000000000E+004, +1.724241E-012
+7.84000000000000E+004, +1.202927E-012
+7.85125000000000E+004, +5.633063E-014
+7.86250000000000E+004, +5.513538E-014
+7.87375000000000E+004, +5.933492E-014
+7.88500000000000E+004, +4.625150E-014
+7.89625000000000E+004, +4.977523E-014
+7.90750000000000E+004, +6.905041E-014
+7.91875000000000E+004, +7.627325E-014
+7.93000000000000E+004, +6.343312E-014
+7.94125000000000E+004, +4.810379E-014
+7.95250000000000E+004, +4.359242E-014
+7.96375000000000E+004, +4.614433E-014
+7.97500000000000E+004, +4.145151E-014
+7.98625000000000E+004, +2.968852E-014
+7.99750000000000E+004, +4.038230E-014
+8.00875000000000E+004, +4.673818E-014
+8.02000000000000E+004, +5.015246E-014
+8.03125000000000E+004, +4.120725E-014
+8.04250000000000E+004, +3.254889E-014
+8.05375000000000E+004, +3.984546E-014
+8.06500000000000E+004, +5.407386E-014
+8.07625000000000E+004, +5.043183E-014
+8.08750000000000E+004, +6.010605E-014
+8.09875000000000E+004, +6.784434E-014
+8.11000000000000E+004, +5.929861E-014
+8.12125000000000E+004, +5.132675E-014
+8.13250000000000E+004, +4.329312E-014
+8.14375000000000E+004, +4.913098E-014
+8.15500000000000E+004, +6.897040E-014
+8.16625000000000E+004, +7.438233E-014
+8.17750000000000E+004, +6.215409E-014
+8.18875000000000E+004, +7.674518E-014
+8.20000000000000E+004, +5.801632E-014
+8.21125000000000E+004, +5.620423E-014
+8.22250000000000E+004, +6.253609E-014
+8.23375000000000E+004, +5.563684E-014
+8.24500000000000E+004, +4.914845E-014
+8.25625000000000E+004, +5.798357E-014
+8.26750000000000E+004, +5.824630E-014
+8.27875000000000E+004, +6.670120E-014
+8.29000000000000E+004, +7.532355E-014
+8.30125000000000E+004, +6.900515E-014
+8.31250000000000E+004, +6.382622E-014
+8.32375000000000E+004, +7.921642E-014
+8.33500000000000E+004, +7.959235E-014
+8.34625000000000E+004, +7.891921E-014
+8.35750000000000E+004, +6.035199E-014
+8.36875000000000E+004, +7.499229E-014
+8.38000000000000E+004, +7.373249E-014
+8.39125000000000E+004, +5.909387E-014
+8.40250000000000E+004, +5.818949E-014
+8.41375000000000E+004, +7.744682E-014
+8.42500000000000E+004, +6.509901E-014
+8.43625000000000E+004, +6.397510E-014
+8.44750000000000E+004, +6.623434E-014
+8.45875000000000E+004, +4.686178E-014
+8.47000000000000E+004, +5.595560E-014
+8.48125000000000E+004, +8.141023E-014
+8.49250000000000E+004, +5.746548E-014
+8.50375000000000E+004, +6.467395E-014
+8.51500000000000E+004, +5.403414E-014
+8.52625000000000E+004, +5.314649E-014
+8.53750000000000E+004, +4.990164E-014
+8.54875000000000E+004, +4.467323E-014
+8.56000000000000E+004, +4.459390E-014
+8.57125000000000E+004, +5.554501E-014
+8.58250000000000E+004, +5.915963E-014
+8.59375000000000E+004, +6.666225E-014
+8.60500000000000E+004, +5.946203E-014
+8.61625000000000E+004, +4.605941E-014
+8.62750000000000E+004, +4.062268E-014
+8.63875000000000E+004, +4.361868E-014
+8.65000000000000E+004, +3.954621E-014
+8.66125000000000E+004, +4.536469E-014
+8.67250000000000E+004, +5.056495E-014
+8.68375000000000E+004, +5.502176E-014
+8.69500000000000E+004, +6.825096E-014
+8.70625000000000E+004, +6.103223E-014
+8.71750000000000E+004, +4.894572E-014
+8.72875000000000E+004, +6.195241E-014
+8.74000000000000E+004, +5.070224E-014
+8.75125000000000E+004, +4.422069E-014
+8.76250000000000E+004, +5.460546E-014
+8.77375000000000E+004, +5.784911E-014
+8.78500000000000E+004, +6.400806E-014
+8.79625000000000E+004, +6.268576E-014
+8.80750000000000E+004, +5.138615E-014
+8.81875000000000E+004, +7.216263E-014
+8.83000000000000E+004, +5.704970E-014
+8.84125000000000E+004, +6.413687E-014
+8.85250000000000E+004, +7.113908E-014
+8.86375000000000E+004, +5.749222E-014
+8.87500000000000E+004, +5.085888E-014
+8.88625000000000E+004, +4.890204E-014
+8.89750000000000E+004, +4.904948E-014
+8.90875000000000E+004, +5.460802E-014
+8.92000000000000E+004, +7.116296E-014
+8.93125000000000E+004, +4.665428E-013
+8.94250000000000E+004, +1.830903E-012
+8.95375000000000E+004, +2.096501E-012
+8.96500000000000E+004, +1.746357E-012
+8.97625000000000E+004, +3.456235E-013
+8.98750000000000E+004, +4.820392E-014
+8.99875000000000E+004, +4.030242E-014
+9.01000000000000E+004, +5.293553E-014
+9.02125000000000E+004, +5.099619E-014
+9.03250000000000E+004, +4.739223E-014
+9.04375000000000E+004, +5.157567E-014
+9.05500000000000E+004, +4.637452E-014
+9.06625000000000E+004, +5.150352E-014
+9.07750000000000E+004, +5.622926E-014
+9.08875000000000E+004, +5.230172E-014
+9.10000000000000E+004, +6.553064E-014
+9.11125000000000E+004, +7.521644E-014
+9.12250000000000E+004, +6.194678E-014
+9.13375000000000E+004, +5.106198E-014
+9.14500000000000E+004, +5.259954E-014
+9.15625000000000E+004, +5.914740E-014
+9.16750000000000E+004, +5.434117E-014
+9.17875000000000E+004, +3.660226E-014
+9.19000000000000E+004, +3.989938E-014
+9.20125000000000E+004, +4.726029E-014
+9.21250000000000E+004, +4.656484E-014
+9.22375000000000E+004, +4.309467E-014
+9.23500000000000E+004, +5.417682E-014
+9.24625000000000E+004, +5.397178E-014
+9.25750000000000E+004, +4.546947E-014
+9.26875000000000E+004, +5.357235E-014
+9.28000000000000E+004, +4.813030E-014
+9.29125000000000E+004, +5.836966E-014
+9.30250000000000E+004, +6.769796E-014
+9.31375000000000E+004, +5.667560E-014
+9.32500000000000E+004, +5.948109E-014
+9.33625000000000E+004, +4.979075E-014
+9.34750000000000E+004, +6.167954E-014
+9.35875000000000E+004, +7.334218E-014
+9.37000000000000E+004, +8.782032E-014
+9.38125000000000E+004, +8.256079E-014
+9.39250000000000E+004, +7.828655E-014
+9.40375000000000E+004, +5.347964E-014
+9.41500000000000E+004, +6.616035E-014
+9.42625000000000E+004, +7.701734E-014
+9.43750000000000E+004, +8.191029E-014
+9.44875000000000E+004, +9.805661E-014
+9.46000000000000E+004, +9.111258E-014
+9.47125000000000E+004, +5.974355E-014
+9.48250000000000E+004, +5.338008E-014
+9.49375000000000E+004, +5.392971E-014
+9.50500000000000E+004, +5.624387E-014
+9.51625000000000E+004, +7.387671E-014
+9.52750000000000E+004, +8.024033E-014
+9.53875000000000E+004, +7.725637E-014
+9.55000000000000E+004, +6.777077E-014
+9.56125000000000E+004, +6.037699E-014
+9.57250000000000E+004, +5.205844E-014
+9.58375000000000E+004, +4.630867E-014
+9.59500000000000E+004, +5.379883E-014
+9.60625000000000E+004, +6.960694E-014
+9.61750000000000E+004, +7.794529E-014
+9.62875000000000E+004, +6.458513E-014
+9.64000000000000E+004, +6.230784E-014
+9.65125000000000E+004, +5.328604E-014
+9.66250000000000E+004, +5.912498E-014
+9.67375000000000E+004, +6.694261E-014
+9.68500000000000E+004, +6.909217E-014
+9.69625000000000E+004, +6.374897E-014
+9.70750000000000E+004, +6.451826E-014
+9.71875000000000E+004, +5.327030E-014
+9.73000000000000E+004, +4.779779E-014
+9.74125000000000E+004, +5.168081E-014
+9.75250000000000E+004, +4.588158E-014
+9.76375000000000E+004, +5.053828E-014
+9.77500000000000E+004, +8.060196E-014
+9.78625000000000E+004, +8.242093E-014
+9.79750000000000E+004, +8.341709E-014
+9.80875000000000E+004, +6.348221E-014
+9.82000000000000E+004, +5.222965E-014
+9.83125000000000E+004, +6.892224E-014
+9.84250000000000E+004, +6.697393E-014
+9.85375000000000E+004, +5.775203E-014
+9.86500000000000E+004, +5.832213E-014
+9.87625000000000E+004, +6.530425E-014
+9.88750000000000E+004, +7.234409E-014
+9.89875000000000E+004, +9.369845E-014
+9.91000000000000E+004, +7.302291E-014
+9.92125000000000E+004, +7.987389E-014
+9.93250000000000E+004, +1.120109E-013
+9.94375000000000E+004, +9.914277E-014
+9.95500000000000E+004, +1.428070E-013
+9.96625000000000E+004, +1.032078E-013
+9.97750000000000E+004, +7.190228E-014
+9.98875000000000E+004, +6.356175E-014
+1.00000000000000E+005, +6.682656E-014
