# Channel 1
+1.00000000000000E+004, +2.569635E-012
+1.01125000000000E+004, +2.638145E-012
+1.02250000000000E+004, +2.657352E-012
+1.03375000000000E+004, +2.483456E-012
+1.04500000000000E+004, +2.741819E-012
+1.05625000000000E+004, +3.477298E-012
+1.06750000000000E+004, +3.736063E-012
+1.07875000000000E+004, +3.897406E-012
+1.09000000000000E+004, +3.871295E-012
+1.10125000000000E+004, +2.830880E-012
+1.11250000000000E+004, +3.110162E-012
+1.12375000000000E+004, +3.294873E-012
+1.13500000000000E+004, +2.409013E-012
+1.14625000000000E+004, +1.940066E-012
+1.15750000000000E+004, +2.146063E-012
+1.16875000000000E+004, +2.350618E-012
+1.18000000000000E+004, +3.043763E-009
+1.19125000000000E+004, +4.062039E-006
+1.20250000000000E+004, +3.672598E-005
+1.21375000000000E+004, +4.325666E-005
+1.22500000000000E+004, +4.237084E-005
+1.23625000000000E+004, +1.373217E-005
+1.24750000000000E+004, +1.071070E-007
+1.25875000000000E+004, +4.368911E-012
+1.27000000000000E+004, +2.108701E-012
+1.28125000000000E+004, +1.865190E-012
+1.29250000000000E+004, +1.533402E-012
+1.30375000000000E+004, +1.505047E-012
+1.31500000000000E+004, +1.661921E-012
+1.32625000000000E+004, +1.535235E-012
+1.33750000000000E+004, +1.691876E-012
+1.34875000000000E+004, +1.608703E-012
+1.36000000000000E+004, +1.466721E-012
+1.37125000000000E+004, +1.605893E-012
+1.38250000000000E+004, +1.595861E-012
+1.39375000000000E+004, +1.690233E-012
+1.40500000000000E+004, +2.016606E-012
+1.41625000000000E+004, +2.236521E-012
+1.42750000000000E+004, +2.333670E-012
+1.43875000000000E+004, +2.157800E-012
+1.45000000000000E+004, +1.313745E-012
+1.46125000000000E+004, +9.776628E-013
+1.47250000000000E+004, +9.224481E-013
+1.48375000000000E+004, +9.938496E-013
+1.49500000000000E+004, +1.111881E-012
+1.50625000000000E+004, +8.754188E-013
+1.51750000000000E+004, +8.146125E-013
+1.52875000000000E+004, +1.222410E-012
+1.54000000000000E+004, +1.289309E-012
+1.55125000000000E+004, +1.644488E-012
+1.56250000000000E+004, +4.233115E-012
+1.57375000000000E+004, +4.238957E-012
+1.58500000000000E+004, +3.745966E-012
+1.59625000000000E+004, +2.165088E-012
+1.60750000000000E+004, +1.107111E-012
+1.61875000000000E+004, +9.315403E-013
+1.63000000000000E+004, +8.103072E-013
+1.64125000000000E+004, +7.514527E-013
+1.65250000000000E+004, +8.422448E-013
+1.66375000000000E+004, +6.131885E-013
+1.67500000000000E+004, +3.902437E-013
+1.68625000000000E+004, +5.617057E-013
+1.69750000000000E+004, +5.991708E-013
+1.70875000000000E+004, +5.632933E-013
+1.72000000000000E+004, +6.928792E-013
+1.73125000000000E+004, +7.156307E-013
+1.74250000000000E+004, +7.740572E-013
+1.75375000000000E+004, +8.436391E-013
+1.76500000000000E+004, +6.717824E-013
+1.77625000000000E+004, +4.911759E-013
+1.78750000000000E+004, +4.662860E-013
+1.79875000000000E+004, +3.150057E-013
+1.81000000000000E+004, +3.364760E-013
+1.82125000000000E+004, +3.733093E-013
+1.83250000000000E+004, +3.980958E-013
+1.84375000000000E+004, +4.253131E-013
+1.85500000000000E+004, +3.875366E-013
+1.86625000000000E+004, +5.157265E-013
+1.87750000000000E+004, +5.806295E-013
+1.88875000000000E+004, +4.294737E-013
+1.90000000000000E+004, +3.961511E-013
+1.91125000000000E+004, +4.110816E-013
+1.92250000000000E+004, +3.989841E-013
+1.93375000000000E+004, +3.720807E-013
+1.94500000000000E+004, +4.577245E-013
+1.95625000000000E+004, +3.881672E-013
+1.96750000000000E+004, +4.190458E-013
+1.97875000000000E+004, +4.043760E-013
+1.99000000000000E+004, +4.353300E-013
+2.00125000000000E+004, +4.723651E-013
+2.01250000000000E+004, +3.319808E-013
+2.02375000000000E+004, +3.840635E-013
+2.03500000000000E+004, +4.469208E-013
+2.04625000000000E+004, +4.899583E-013
+2.05750000000000E+004, +4.450673E-013
+2.06875000000000E+004, +6.174785E-013
+2.08000000000000E+004, +6.190199E-013
+2.09125000000000E+004, +5.882125E-013
+2.10250000000000E+004, +6.821680E-013
+2.11375000000000E+004, +6.595408E-013
+2.12500000000000E+004, +6.938913E-013
+2.13625000000000E+004, +6.573077E-013
+2.14750000000000E+004, +4.183784E-013
+2.15875000000000E+004, +7.845631E-013
+2.17000000000000E+004, +9.977646E-013
+2.18125000000000E+004, +1.486258E-012
+2.19250000000000E+004, +1.534120E-012
+2.20375000000000E+004, +1.090210E-012
+2.21500000000000E+004, +7.769210E-013
+2.22625000000000E+004, +7.674863E-013
+2.23750000000000E+004, +6.878143E-013
+2.24875000000000E+004, +6.979507E-013
+2.26000000000000E+004, +7.054767E-013
+2.27125000000000E+004, +6.760598E-013
+2.28250000000000E+004, +8.501641E-013
+2.29375000000000E+004, +1.113146E-012
+2.30500000000000E+004, +1.084663E-012
+2.31625000000000E+004, +1.060475E-012
+2.32750000000000E+004, +9.714266E-013
+2.33875000000000E+004, +1.169885E-012
+2.35000000000000E+004, +1.251264E-012
+2.36125000000000E+004, +1.283085E-012
+2.37250000000000E+004, +1.116787E-012
+2.38375000000000E+004, +1.551818E-012
+2.39500000000000E+004, +1.767403E-012
+2.40625000000000E+004, +5.135462E-011
+2.41750000000000E+004, +3.340340E-009
+2.42875000000000E+004, +3.676188E-009
+2.44000000000000E+004, +3.674754E-009
+2.45125000000000E+004, +2.481874E-009
+2.46250000000000E+004, +8.201143E-012
+2.47375000000000E+004, +3.077045E-012
+2.48500000000000E+004, +1.770495E-012
+2.49625000000000E+004, +1.844490E-012
+2.50750000000000E+004, +1.858980E-012
+2.51875000000000E+004, +1.313793E-012
+2.53000000000000E+004, +1.375542E-012
+2.54125000000000E+004, +1.205487E-012
+2.55250000000000E+004, +1.279363E-012
+2.56375000000000E+004, +1.301483E-012
+2.57500000000000E+004, +1.181955E-012
+2.58625000000000E+004, +1.016321E-012
+2.59750000000000E+004, +8.702435E-013
+2.60875000000000E+004, +1.015441E-012
+2.62000000000000E+004, +9.336865E-013
+2.63125000000000E+004, +1.022872E-012
+2.64250000000000E+004, +1.022403E-012
+2.65375000000000E+004, +1.016073E-012
+2.66500000000000E+004, +1.099283E-012
+2.67625000000000E+004, +8.091549E-013
+2.68750000000000E+004, +6.943865E-013
+2.69875000000000E+004, +7.794106E-013
+2.71000000000000E+004, +5.827918E-013
+2.72125000000000E+004, +5.768051E-013
+2.73250000000000E+004, +6.772725E-013
+2.74375000000000E+004, +5.792408E-013
+2.75500000000000E+004, +6.030379E-013
+2.76625000000000E+004, +7.481627E-013
+2.77750000000000E+004, +7.954849E-013
+2.78875000000000E+004, +1.055811E-012
+2.80000000000000E+004, +7.479369E-013
+2.81125000000000E+004, +7.368802E-013
+2.82250000000000E+004, +7.726595E-013
+2.83375000000000E+004, +6.586361E-013
+2.84500000000000E+004, +5.829509E-013
+2.85625000000000E+004, +6.087301E-013
+2.86750000000000E+004, +5.236749E-013
+2.87875000000000E+004, +4.292304E-013
+2.89000000000000E+004, +3.157178E-013
+2.90125000000000E+004, +1.722375E-013
+2.91250000000000E+004, +2.000101E-013
+2.92375000000000E+004, +2.677692E-013
+2.93500000000000E+004, +2.631436E-013
+2.94625000000000E+004, +3.695256E-013
+2.95750000000000E+004, +3.260458E-013
+2.96875000000000E+004, +2.378274E-013
+2.98000000000000E+004, +3.026717E-013
+2.99125000000000E+004, +3.961692E-013
+3.00250000000000E+004, +4.312791E-013
+3.01375000000000E+004, +4.200311E-013
+3.02500000000000E+004, +4.075236E-013
+3.03625000000000E+004, +3.957285E-013
+3.04750000000000E+004, +3.712424E-013
+3.05875000000000E+004, +2.698688E-013
+3.07000000000000E+004, +2.784172E-013
+3.08125000000000E+004, +3.219471E-013
+3.09250000000000E+004, +2.177641E-013
+3.10375000000000E+004, +2.371072E-013
+3.11500000000000E+004, +3.187108E-013
+3.12625000000000E+004, +3.417616E-013
+3.13750000000000E+004, +8.754639E-013
+3.14875000000000E+004, +8.622485E-013
+3.16000000000000E+004, +8.246789E-013
+3.17125000000000E+004, +5.120919E-013
+3.18250000000000E+004, +2.293637E-013
+3.19375000000000E+004, +2.815991E-013
+3.20500000000000E+004, +4.057208E-013
+3.21625000000000E+004, +3.910320E-013
+3.22750000000000E+004, +2.843299E-013
+3.23875000000000E+004, +2.515980E-013
+3.25000000000000E+004, +2.277996E-013
+3.26125000000000E+004, +2.701688E-013
+3.27250000000000E+004, +3.442903E-013
+3.28375000000000E+004, +2.759344E-013
+3.29500000000000E+004, +2.615352E-013
+3.30625000000000E+004, +2.234891E-013
+3.31750000000000E+004, +2.421366E-013
+3.32875000000000E+004, +2.838584E-013
+3.34000000000000E+004, +2.460468E-013
+3.35125000000000E+004, +2.139117E-013
+3.36250000000000E+004, +2.714165E-013
+3.37375000000000E+004, +2.889270E-013
+3.38500000000000E+004, +2.847435E-013
+3.39625000000000E+004, +2.835784E-013
+3.40750000000000E+004, +1.982579E-013
+3.41875000000000E+004, +2.175258E-013
+3.43000000000000E+004, +3.038664E-013
+3.44125000000000E+004, +2.973168E-013
+3.45250000000000E+004, +3.233956E-013
+3.46375000000000E+004, +2.714634E-013
+3.47500000000000E+004, +2.976498E-013
+3.48625000000000E+004, +3.300320E-013
+3.49750000000000E+004, +2.553117E-013
+3.50875000000000E+004, +2.330774E-013
+3.52000000000000E+004, +2.842817E-013
+3.53125000000000E+004, +2.594665E-013
+3.54250000000000E+004, +2.506176E-013
+3.55375000000000E+004, +3.423348E-013
+3.56500000000000E+004, +3.041414E-013
+3.57625000000000E+004, +3.085710E-013
+3.58750000000000E+004, +3.646454E-013
+3.59875000000000E+004, +2.941235E-013
+3.61000000000000E+004, +3.270365E-013
+3.62125000000000E+004, +8.851956E-010
+3.63250000000000E+004, +2.365097E-008
+3.64375000000000E+004, +3.702275E-008
+3.65500000000000E+004, +3.721835E-008
+3.66625000000000E+004, +2.168697E-008
+3.67750000000000E+004, +7.418215E-010
+3.68875000000000E+004, +3.905650E-011
+3.70000000000000E+004, +1.496198E-012
+3.71125000000000E+004, +2.525928E-013
+3.72250000000000E+004, +2.500298E-013
+3.73375000000000E+004, +2.446139E-013
+3.74500000000000E+004, +2.482840E-013
+3.75625000000000E+004, +2.006349E-013
+3.76750000000000E+004, +2.831787E-013
+3.77875000000000E+004, +2.619237E-013
+3.79000000000000E+004, +2.864380E-013
+3.80125000000000E+004, +3.117317E-013
+3.81250000000000E+004, +2.304040E-013
+3.82375000000000E+004, +2.085050E-013
+3.83500000000000E+004, +2.288895E-013
+3.84625000000000E+004, +1.376905E-013
+3.85750000000000E+004, +1.501827E-013
+3.86875000000000E+004, +1.901983E-013
+3.88000000000000E+004, +1.887102E-013
+3.89125000000000E+004, +2.055922E-013
+3.90250000000000E+004, +1.851065E-013
+3.91375000000000E+004, +1.564750E-013
+3.92500000000000E+004, +2.887309E-013
+3.93625000000000E+004, +2.764827E-013
+3.94750000000000E+004, +2.354413E-013
+3.95875000000000E+004, +1.891828E-013
+3.97000000000000E+004, +1.766238E-013
+3.98125000000000E+004, +1.862625E-013
+3.99250000000000E+004, +2.401091E-013
+4.00375000000000E+004, +2.431532E-013
+4.01500000000000E+004, +2.695606E-013
+4.02625000000000E+004, +3.108272E-013
+4.03750000000000E+004, +2.274128E-013
+4.04875000000000E+004, +2.229609E-013
+4.06000000000000E+004, +2.927474E-013
+4.07125000000000E+004, +2.772864E-013
+4.08250000000000E+004, +2.390036E-013
+4.09375000000000E+004, +2.153925E-013
+4.10500000000000E+004, +1.707934E-013
+4.11625000000000E+004, +1.708276E-013
+4.12750000000000E+004, +1.899486E-013
+4.13875000000000E+004, +2.549363E-013
+4.15000000000000E+004, +3.000260E-013
+4.16125000000000E+004, +2.703848E-013
+4.17250000000000E+004, +2.529938E-013
+4.18375000000000E+004, +2.667981E-013
+4.19500000000000E+004, +2.109731E-013
+4.20625000000000E+004, +2.109478E-013
+4.21750000000000E+004, +2.699378E-013
+4.22875000000000E+004, +2.972708E-013
+4.24000000000000E+004, +2.353112E-013
+4.25125000000000E+004, +1.893449E-013
+4.26250000000000E+004, +1.413782E-013
+4.27375000000000E+004, +1.263575E-013
+4.28500000000000E+004, +1.158178E-013
+4.29625000000000E+004, +1.376107E-013
+4.30750000000000E+004, +2.219881E-013
+4.31875000000000E+004, +2.536373E-013
+4.33000000000000E+004, +2.081158E-013
+4.34125000000000E+004, +1.763689E-013
+4.35250000000000E+004, +1.922149E-013
+4.36375000000000E+004, +2.654663E-013
+4.37500000000000E+004, +3.716869E-013
+4.38625000000000E+004, +2.652067E-013
+4.39750000000000E+004, +2.461821E-013
+4.40875000000000E+004, +2.853218E-013
+4.42000000000000E+004, +2.573913E-013
+4.43125000000000E+004, +2.336785E-013
+4.44250000000000E+004, +2.525104E-013
+4.45375000000000E+004, +2.613345E-013
+4.46500000000000E+004, +2.540291E-013
+4.47625000000000E+004, +2.133645E-013
+4.48750000000000E+004, +2.523365E-013
+4.49875000000000E+004, +2.660533E-013
+4.51000000000000E+004, +2.151195E-013
+4.52125000000000E+004, +2.363639E-013
+4.53250000000000E+004, +2.582380E-013
+4.54375000000000E+004, +2.062928E-013
+4.55500000000000E+004, +1.847365E-013
+4.56625000000000E+004, +1.952108E-013
+4.57750000000000E+004, +1.200618E-013
+4.58875000000000E+004, +1.713836E-013
+4.60000000000000E+004, +1.283822E-013
+4.61125000000000E+004, +1.663259E-013
+4.62250000000000E+004, +1.855044E-013
+4.63375000000000E+004, +1.573030E-013
+4.64500000000000E+004, +1.681817E-013
+4.65625000000000E+004, +2.097056E-013
+4.66750000000000E+004, +2.047049E-013
+4.67875000000000E+004, +2.072497E-013
+4.69000000000000E+004, +2.350803E-013
+4.70125000000000E+004, +2.280552E-013
+4.71250000000000E+004, +5.081520E-013
+4.72375000000000E+004, +6.812201E-013
+4.73500000000000E+004, +6.057451E-013
+4.74625000000000E+004, +3.404630E-013
+4.75750000000000E+004, +1.617285E-013
+4.76875000000000E+004, +1.822933E-013
+4.78000000000000E+004, +2.201742E-013
+4.79125000000000E+004, +1.814891E-013
+4.80250000000000E+004, +1.920051E-013
+4.81375000000000E+004, +2.526582E-013
+4.82500000000000E+004, +2.142866E-013
+4.83625000000000E+004, +2.789357E-013
+4.84750000000000E+004, +2.345397E-011
+4.85875000000000E+004, +3.168021E-011
+4.87000000000000E+004, +3.241699E-011
+4.88125000000000E+004, +2.838352E-011
+4.89250000000000E+004, +7.658701E-013
+4.90375000000000E+004, +3.928920E-013
+4.91500000000000E+004, +2.446242E-013
+4.92625000000000E+004, +2.074558E-013
+4.93750000000000E+004, +1.544015E-013
+4.94875000000000E+004, +1.722327E-013
+4.96000000000000E+004, +1.660734E-013
+4.97125000000000E+004, +2.077926E-013
+4.98250000000000E+004, +1.858198E-013
+4.99375000000000E+004, +1.355515E-013
+5.00500000000000E+004, +1.471206E-013
+5.01625000000000E+004, +1.538229E-013
+5.02750000000000E+004, +1.620332E-013
+5.03875000000000E+004, +1.845640E-013
+5.05000000000000E+004, +2.005168E-013
+5.06125000000000E+004, +2.069337E-013
+5.07250000000000E+004, +2.235028E-013
+5.08375000000000E+004, +2.033083E-013
+5.09500000000000E+004, +2.460183E-013
+5.10625000000000E+004, +2.559444E-013
+5.11750000000000E+004, +2.414624E-013
+5.12875000000000E+004, +2.833643E-013
+5.14000000000000E+004, +2.399762E-013
+5.15125000000000E+004, +1.852675E-013
+5.16250000000000E+004, +1.754566E-013
+5.17375000000000E+004, +1.502993E-013
+5.18500000000000E+004, +1.276456E-013
+5.19625000000000E+004, +1.792812E-013
+5.20750000000000E+004, +1.918687E-013
+5.21875000000000E+004, +1.970580E-013
+5.23000000000000E+004, +2.678392E-013
+5.24125000000000E+004, +2.348055E-013
+5.25250000000000E+004, +2.426149E-013
+5.26375000000000E+004, +1.664608E-013
+5.27500000000000E+004, +1.742848E-013
+5.28625000000000E+004, +1.735463E-013
+5.29750000000000E+004, +1.262848E-013
+5.30875000000000E+004, +1.551947E-013
+5.32000000000000E+004, +2.149715E-013
+5.33125000000000E+004, +1.845884E-013
+5.34250000000000E+004, +1.643388E-013
+5.35375000000000E+004, +1.824097E-013
+5.36500000000000E+004, +1.403711E-013
+5.37625000000000E+004, +1.419843E-013
+5.38750000000000E+004, +1.516090E-013
+5.39875000000000E+004, +1.374565E-013
+5.41000000000000E+004, +1.773447E-013
+5.42125000000000E+004, +1.633081E-013
+5.43250000000000E+004, +1.698705E-013
+5.44375000000000E+004, +2.188145E-013
+5.45500000000000E+004, +1.975995E-013
+5.46625000000000E+004, +1.684709E-013
+5.47750000000000E+004, +1.506908E-013
+5.48875000000000E+004, +1.433361E-013
+5.50000000000000E+004, +1.608898E-013
+5.51125000000000E+004, +1.817824E-013
+5.52250000000000E+004, +1.496724E-013
+5.53375000000000E+004, +1.220761E-013
+5.54500000000000E+004, +1.618155E-013
+5.55625000000000E+004, +1.588630E-013
+5.56750000000000E+004, +1.686394E-013
+5.57875000000000E+004, +1.311539E-013
+5.59000000000000E+004, +1.369292E-013
+5.60125000000000E+004, +1.599455E-013
+5.61250000000000E+004, +1.799517E-013
+5.62375000000000E+004, +1.968635E-013
+5.63500000000000E+004, +1.974850E-013
+5.64625000000000E+004, +1.519373E-013
+5.65750000000000E+004, +1.217258E-013
+5.66875000000000E+004, +1.589922E-013
+5.68000000000000E+004, +1.714116E-013
+5.69125000000000E+004, +1.705599E-013
+5.70250000000000E+004, +1.635350E-013
+5.71375000000000E+004, +1.546132E-013
+5.72500000000000E+004, +1.915651E-013
+5.73625000000000E+004, +1.761451E-013
+5.74750000000000E+004, +1.710884E-013
+5.75875000000000E+004, +1.615572E-013
+5.77000000000000E+004, +1.186310E-013
+5.78125000000000E+004, +1.005590E-013
+5.79250000000000E+004, +1.065858E-013
+5.80375000000000E+004, +1.146922E-013
+5.81500000000000E+004, +1.527686E-013
+5.82625000000000E+004, +2.112825E-013
+5.83750000000000E+004, +1.772883E-013
+5.84875000000000E+004, +1.546403E-013
+5.86000000000000E+004, +1.560058E-013
+5.87125000000000E+004, +1.037489E-013
+5.88250000000000E+004, +1.610107E-013
+5.89375000000000E+004, +1.471170E-013
+5.90500000000000E+004, +1.716838E-013
+5.91625000000000E+004, +2.037977E-013
+5.92750000000000E+004, +1.772150E-013
+5.93875000000000E+004, +1.678042E-013
+5.95000000000000E+004, +1.736325E-013
+5.96125000000000E+004, +1.396735E-013
+5.97250000000000E+004, +1.151412E-013
+5.98375000000000E+004, +1.131503E-013
+5.99500000000000E+004, +1.093888E-013
+6.00625000000000E+004, +1.037935E-013
+6.01750000000000E+004, +9.102226E-014
+6.02875000000000E+004, +7.108245E-014
+6.04000000000000E+004, +1.056677E-013
+6.05125000000000E+004, +3.744159E-013
+6.06250000000000E+004, +2.328835E-011
+6.07375000000000E+004, +5.849568E-011
+6.08500000000000E+004, +6.237766E-011
+6.09625000000000E+004, +5.117418E-011
+6.10750000000000E+004, +7.318426E-012
+6.11875000000000E+004, +1.723883E-012
+6.13000000000000E+004, +2.912224E-013
+6.14125000000000E+004, +1.496118E-013
+6.15250000000000E+004, +1.202469E-013
+6.16375000000000E+004, +1.296914E-013
+6.17500000000000E+004, +1.243420E-013
+6.18625000000000E+004, +1.294400E-013
+6.19750000000000E+004, +1.486776E-013
+6.20875000000000E+004, +1.386364E-013
+6.22000000000000E+004, +8.759700E-014
+6.23125000000000E+004, +9.773482E-014
+6.24250000000000E+004, +1.298220E-013
+6.25375000000000E+004, +1.285893E-013
+6.26500000000000E+004, +1.131647E-013
+6.27625000000000E+004, +1.707460E-013
+6.28750000000000E+004, +3.255243E-013
+6.29875000000000E+004, +3.816574E-013
+6.31000000000000E+004, +3.184399E-013
+6.32125000000000E+004, +1.803617E-013
+6.33250000000000E+004, +1.241172E-013
+6.34375000000000E+004, +1.050164E-013
+6.35500000000000E+004, +1.206296E-013
+6.36625000000000E+004, +1.705990E-013
+6.37750000000000E+004, +1.555682E-013
+6.38875000000000E+004, +1.504445E-013
+6.40000000000000E+004, +9.029844E-014
+6.41125000000000E+004, +8.159636E-014
+6.42250000000000E+004, +8.815261E-014
+6.43375000000000E+004, +9.395028E-014
+6.44500000000000E+004, +1.047546E-013
+6.45625000000000E+004, +1.141094E-013
+6.46750000000000E+004, +9.028974E-014
+6.47875000000000E+004, +9.372818E-014
+6.49000000000000E+004, +1.175369E-013
+6.50125000000000E+004, +1.239977E-013
+6.51250000000000E+004, +1.237695E-013
+6.52375000000000E+004, +1.325302E-013
+6.53500000000000E+004, +9.519322E-014
+6.54625000000000E+004, +1.337274E-013
+6.55750000000000E+004, +1.295696E-013
+6.56875000000000E+004, +1.270944E-013
+6.58000000000000E+004, +1.162819E-013
+6.59125000000000E+004, +1.064994E-013
+6.60250000000000E+004, +1.268571E-013
+6.61375000000000E+004, +1.412086E-013
+6.62500000000000E+004, +1.099745E-013
+6.63625000000000E+004, +1.215327E-013
+6.64750000000000E+004, +1.495800E-013
+6.65875000000000E+004, +1.823649E-013
+6.67000000000000E+004, +1.683085E-013
+6.68125000000000E+004, +1.376878E-013
+6.69250000000000E+004, +1.392403E-013
+6.70375000000000E+004, +1.466308E-013
+6.71500000000000E+004, +1.221191E-013
+6.72625000000000E+004, +1.143879E-013
+6.73750000000000E+004, +1.462279E-013
+6.74875000000000E+004, +1.482794E-013
+6.76000000000000E+004, +1.508452E-013
+6.77125000000000E+004, +1.814729E-013
+6.78250000000000E+004, +2.879515E-013
+6.79375000000000E+004, +5.813385E-013
+6.80500000000000E+004, +1.482717E-012
+6.81625000000000E+004, +1.897929E-012
+6.82750000000000E+004, +1.796469E-012
+6.83875000000000E+004, +1.388144E-012
+6.85000000000000E+004, +3.491579E-013
+6.86125000000000E+004, +2.318260E-013
+6.87250000000000E+004, +1.543724E-013
+6.88375000000000E+004, +1.783114E-013
+6.89500000000000E+004, +2.004881E-013
+6.90625000000000E+004, +1.418121E-013
+6.91750000000000E+004, +9.432617E-014
+6.92875000000000E+004, +2.786174E-013
+6.94000000000000E+004, +4.037948E-013
+6.95125000000000E+004, +4.188202E-013
+6.96250000000000E+004, +4.760914E-013
+6.97375000000000E+004, +4.022773E-013
+6.98500000000000E+004, +5.041468E-013
+6.99625000000000E+004, +5.453521E-013
+7.00750000000000E+004, +3.936379E-013
+7.01875000000000E+004, +2.543986E-013
+7.03000000000000E+004, +2.295115E-013
+7.04125000000000E+004, +1.519279E-013
+7.05250000000000E+004, +1.091278E-013
+7.06375000000000E+004, +8.237279E-014
+7.07500000000000E+004, +1.048676E-013
+7.08625000000000E+004, +1.241559E-013
+7.09750000000000E+004, +1.204877E-013
+7.10875000000000E+004, +5.118653E-013
+7.12000000000000E+004, +9.123425E-013
+7.13125000000000E+004, +1.094819E-012
+7.14250000000000E+004, +1.020444E-012
+7.15375000000000E+004, +6.249082E-013
+7.16500000000000E+004, +4.082899E-013
+7.17625000000000E+004, +2.171013E-013
+7.18750000000000E+004, +1.784978E-013
+7.19875000000000E+004, +1.263648E-013
+7.21000000000000E+004, +1.569998E-012
+7.22125000000000E+004, +1.825356E-012
+7.23250000000000E+004, +1.956676E-012
+7.24375000000000E+004, +1.499167E-012
+7.25500000000000E+004, +4.345631E-013
+7.26625000000000E+004, +4.815159E-013
+7.27750000000000E+004, +1.173997E-011
+7.28875000000000E+004, +2.252302E-011
+7.30000000000000E+004, +2.325548E-011
+7.31125000000000E+004, +2.260186E-011
+7.32250000000000E+004, +1.360508E-012
+7.33375000000000E+004, +3.051848E-012
+7.34500000000000E+004, +3.618848E-012
+7.35625000000000E+004, +3.224822E-012
+7.36750000000000E+004, +1.133805E-012
+7.37875000000000E+004, +1.022602E-013
+7.39000000000000E+004, +8.712129E-014
+7.40125000000000E+004, +1.326995E-013
+7.41250000000000E+004, +1.366693E-013
+7.42375000000000E+004, +1.234020E-013
+7.43500000000000E+004, +1.066224E-013
+7.44625000000000E+004, +8.103415E-014
+7.45750000000000E+004, +9.355769E-014
+7.46875000000000E+004, +1.130141E-013
+7.48000000000000E+004, +1.325078E-013
+7.49125000000000E+004, +1.222935E-013
+7.50250000000000E+004, +1.417409E-013
+7.51375000000000E+004, +1.243600E-013
+7.52500000000000E+004, +9.902649E-014
+7.53625000000000E+004, +6.189289E-014
+7.54750000000000E+004, +6.806384E-014
+7.55875000000000E+004, +1.015828E-013
+7.57000000000000E+004, +1.173994E-013
+7.58125000000000E+004, +1.207113E-013
+7.59250000000000E+004, +1.243855E-013
+7.60375000000000E+004, +1.119580E-013
+7.61500000000000E+004, +1.167430E-013
+7.62625000000000E+004, +1.159889E-013
+7.63750000000000E+004, +9.749462E-014
+7.64875000000000E+004, +1.054873E-013
+7.66000000000000E+004, +1.476023E-013
+7.67125000000000E+004, +1.463263E-013
+7.68250000000000E+004, +1.592932E-013
+7.69375000000000E+004, +1.137140E-013
+7.70500000000000E+004, +1.067534E-013
+7.71625000000000E+004, +1.198555E-013
+7.72750000000000E+004, +8.311027E-014
+7.73875000000000E+004, +9.672302E-014
+7.75000000000000E+004, +1.553324E-013
+7.76125000000000E+004, +1.376460E-013
+7.77250000000000E+004, +1.140753E-013
+7.78375000000000E+004, +1.101923E-013
+7.79500000000000E+004, +9.870330E-014
+7.80625000000000E+004, +4.278950E-013
+7.81750000000000E+004, +1.719777E-012
+7.82875000000000E+004, +1.798046E-012
+7.84000000000000E+004, +1.602800E-012
+7.85125000000000E+004, +1.001142E-013
+7.86250000000000E+004, +9.100323E-014
+7.87375000000000E+004, +1.407375E-013
+7.88500000000000E+004, +1.410606E-013
+7.89625000000000E+004, +9.824238E-014
+7.90750000000000E+004, +9.207861E-014
+7.91875000000000E+004, +1.041657E-013
+7.93000000000000E+004, +1.126188E-013
+7.94125000000000E+004, +1.104373E-013
+7.95250000000000E+004, +1.083442E-013
+7.96375000000000E+004, +1.235061E-013
+7.97500000000000E+004, +1.569116E-013
+7.98625000000000E+004, +1.505316E-013
+7.99750000000000E+004, +1.287823E-013
+8.00875000000000E+004, +6.761319E-014
+8.02000000000000E+004, +7.222910E-014
+8.03125000000000E+004, +9.002075E-014
+8.04250000000000E+004, +1.030009E-013
+8.05375000000000E+004, +1.107435E-013
+8.06500000000000E+004, +9.761922E-014
+8.07625000000000E+004, +6.826730E-014
+8.08750000000000E+004, +6.180255E-014
+8.09875000000000E+004, +9.505896E-014
+8.11000000000000E+004, +1.260838E-013
+8.12125000000000E+004, +1.272200E-013
+8.13250000000000E+004, +1.426923E-013
+8.14375000000000E+004, +1.248946E-013
+8.15500000000000E+004, +1.318835E-013
+8.16625000000000E+004, +1.341150E-013
+8.17750000000000E+004, +1.036600E-013
+8.18875000000000E+004, +1.263246E-013
+8.20000000000000E+004, +9.860820E-014
+8.21125000000000E+004, +7.539433E-014
+8.22250000000000E+004, +8.821569E-014
+8.23375000000000E+004, +9.279265E-014
+8.24500000000000E+004, +9.224172E-014
+8.25625000000000E+004, +1.010087E-013
+8.26750000000000E+004, +9.632484E-014
+8.27875000000000E+004, +8.987213E-014
+8.29000000000000E+004, +1.012733E-013
+8.30125000000000E+004, +1.020293E-013
+8.31250000000000E+004, +9.581496E-014
+8.32375000000000E+004, +1.111606E-013
+8.33500000000000E+004, +1.082172E-013
+8.34625000000000E+004, +1.113437E-013
+8.35750000000000E+004, +1.153365E-013
+8.36875000000000E+004, +1.211481E-013
+8.38000000000000E+004, +1.163975E-013
+8.39125000000000E+004, +1.108391E-013
+8.40250000000000E+004, +1.023128E-013
+8.41375000000000E+004, +1.134619E-013
+8.42500000000000E+004, +9.478585E-014
+8.43625000000000E+004, +6.959503E-014
+8.44750000000000E+004, +9.469273E-014
+8.45875000000000E+004, +9.186114E-014
+8.47000000000000E+004, +1.150709E-013
+8.48125000000000E+004, +1.351451E-013
+8.49250000000000E+004, +2.021364E-012
+8.50375000000000E+004, +1.024449E-011
+8.51500000000000E+004, +1.026200E-011
+8.52625000000000E+004, +9.405253E-012
+8.53750000000000E+004, +1.964950E-012
+8.54875000000000E+004, +7.736420E-014
+8.56000000000000E+004, +8.979771E-014
+8.57125000000000E+004, +8.861021E-014
+8.58250000000000E+004, +7.803206E-014
+8.59375000000000E+004, +8.771782E-014
+8.60500000000000E+004, +9.899811E-014
+8.61625000000000E+004, +8.403646E-014
+8.62750000000000E+004, +7.864302E-014
+8.63875000000000E+004, +7.053298E-014
+8.65000000000000E+004, +5.257733E-014
+8.66125000000000E+004, +6.183017E-014
+8.67250000000000E+004, +6.727755E-014
+8.68375000000000E+004, +8.103984E-014
+8.69500000000000E+004, +9.589684E-014
+8.70625000000000E+004, +6.404605E-014
+8.71750000000000E+004, +5.591659E-014
+8.72875000000000E+004, +7.463505E-014
+8.74000000000000E+004, +7.503896E-014
+8.75125000000000E+004, +7.772834E-014
+8.76250000000000E+004, +1.019896E-013
+8.77375000000000E+004, +1.072988E-013
+8.78500000000000E+004, +1.035780E-013
+8.79625000000000E+004, +8.202401E-014
+8.80750000000000E+004, +7.183283E-014
+8.81875000000000E+004, +8.546240E-014
+8.83000000000000E+004, +5.992634E-014
+8.84125000000000E+004, +6.050898E-014
+8.85250000000000E+004, +7.883430E-014
+8.86375000000000E+004, +6.152046E-014
+8.87500000000000E+004, +8.078438E-014
+8.88625000000000E+004, +8.183866E-014
+8.89750000000000E+004, +6.669937E-014
+8.90875000000000E+004, +7.323269E-014
+8.92000000000000E+004, +1.160201E-013
+8.93125000000000E+004, +6.932089E-013
+8.94250000000000E+004, +1.959003E-012
+8.95375000000000E+004, +2.087765E-012
+8.96500000000000E+004, +1.748561E-012
+8.97625000000000E+004, +3.359419E-013
+8.98750000000000E+004, +1.006101E-013
+8.99875000000000E+004, +9.029951E-014
+9.01000000000000E+004, +1.010923E-013
+9.02125000000000E+004, +1.046393E-013
+9.03250000000000E+004, +1.010734E-013
+9.04375000000000E+004, +1.000439E-013
+9.05500000000000E+004, +1.012770E-013
+9.06625000000000E+004, +1.084318E-013
+9.07750000000000E+004, +8.386505E-014
+9.08875000000000E+004, +8.379500E-014
+9.10000000000000E+004, +9.522040E-014
+9.11125000000000E+004, +9.406112E-014
+9.12250000000000E+004, +6.966608E-014
+9.13375000000000E+004, +6.518017E-014
+9.14500000000000E+004, +6.639342E-014
+9.15625000000000E+004, +5.935858E-014
+9.16750000000000E+004, +8.527409E-014
+9.17875000000000E+004, +9.491397E-014
+9.19000000000000E+004, +9.202896E-014
+9.20125000000000E+004, +1.100484E-013
+9.21250000000000E+004, +1.170302E-013
+9.22375000000000E+004, +1.514894E-013
+9.23500000000000E+004, +1.510900E-013
+9.24625000000000E+004, +9.750221E-014
+9.25750000000000E+004, +7.703483E-014
+9.26875000000000E+004, +6.405269E-014
+9.28000000000000E+004, +4.977194E-014
+9.29125000000000E+004, +5.564807E-014
+9.30250000000000E+004, +8.940074E-014
+9.31375000000000E+004, +9.233317E-014
+9.32500000000000E+004, +1.043051E-013
+9.33625000000000E+004, +7.814355E-014
+9.34750000000000E+004, +7.309373E-014
+9.35875000000000E+004, +8.593769E-014
+9.37000000000000E+004, +9.042893E-014
+9.38125000000000E+004, +9.625398E-014
+9.39250000000000E+004, +1.088790E-013
+9.40375000000000E+004, +1.137065E-013
+9.41500000000000E+004, +1.336492E-013
+9.42625000000000E+004, +1.337215E-013
+9.43750000000000E+004, +1.005204E-013
+9.44875000000000E+004, +9.894453E-014
+9.46000000000000E+004, +1.187651E-013
+9.47125000000000E+004, +1.156862E-013
+9.48250000000000E+004, +1.385494E-013
+9.49375000000000E+004, +1.324480E-013
+9.50500000000000E+004, +1.218457E-013
+9.51625000000000E+004, +1.235770E-013
+9.52750000000000E+004, +7.345102E-014
+9.53875000000000E+004, +6.806614E-014
+9.55000000000000E+004, +1.053198E-013
+9.56125000000000E+004, +1.092050E-013
+9.57250000000000E+004, +1.136268E-013
+9.58375000000000E+004, +1.003568E-013
+9.59500000000000E+004, +5.629417E-014
+9.60625000000000E+004, +7.277893E-014
+9.61750000000000E+004, +9.877756E-014
+9.62875000000000E+004, +9.798619E-014
+9.64000000000000E+004, +9.976452E-014
+9.65125000000000E+004, +6.244708E-014
+9.66250000000000E+004, +7.006907E-014
+9.67375000000000E+004, +1.244413E-013
+9.68500000000000E+004, +1.237104E-013
+9.69625000000000E+004, +9.799167E-014
+9.70750000000000E+004, +2.155609E-011
+9.71875000000000E+004, +7.993135E-011
+9.73000000000000E+004, +8.326537E-011
+9.74125000000000E+004, +8.296598E-011
+9.75250000000000E+004, +1.101794E-011
+9.76375000000000E+004, +1.769000E-013
+9.77500000000000E+004, +1.352688E-013
+9.78625000000000E+004, +1.054931E-013
+9.79750000000000E+004, +1.098408E-013
+9.80875000000000E+004, +9.061155E-014
+9.82000000000000E+004, +9.741874E-014
+9.83125000000000E+004, +1.257845E-013
+9.84250000000000E+004, +1.205464E-013
+9.85375000000000E+004, +1.044158E-013
+9.86500000000000E+004, +1.266428E-013
+9.87625000000000E+004, +1.202324E-013
+9.88750000000000E+004, +1.129203E-013
+9.89875000000000E+004, +1.342998E-013
+9.91000000000000E+004, +1.368260E-013
+9.92125000000000E+004, +1.204188E-013
+9.93250000000000E+004, +1.100056E-013
+9.94375000000000E+004, +8.939745E-014
+9.95500000000000E+004, +1.070751E-013
+9.96625000000000E+004, +9.630152E-014
+9.97750000000000E+004, +9.184970E-014
+9.98875000000000E+004, +1.037504E-013
+1.00000000000000E+005, +8.420230E-014
