# Channel 1
+1.00000000000000E+006, +1.720195E-012
+1.24875000000000E+006, +1.178509E-012
+1.49750000000000E+006, +1.488173E-012
+1.74625000000000E+006, +1.401528E-012
+1.99500000000000E+006, +1.266812E-012
+2.24375000000000E+006, +1.640928E-012
+2.49250000000000E+006, +1.278240E-012
+2.74125000000000E+006, +1.369672E-012
+2.99000000000000E+006, +2.086151E-012
+3.23875000000000E+006, +1.235782E-012
+3.48750000000000E+006, +8.345077E-013
+3.73625000000000E+006, +1.240510E-012
+3.98500000000000E+006, +1.046071E-012
+4.23375000000000E+006, +1.495077E-012
+4.48250000000000E+006, +1.225044E-012
+4.73125000000000E+006, +1.429342E-012
+4.98000000000000E+006, +1.634629E-012
+5.22875000000000E+006, +1.477641E-012
+5.47750000000000E+006, +1.824097E-012
+5.72625000000000E+006, +1.216084E-012
+5.97500000000000E+006, +1.165992E-012
+6.22375000000000E+006, +1.482516E-012
+6.47250000000000E+006, +1.472230E-012
+6.72125000000000E+006, +1.131391E-012
+6.97000000000000E+006, +1.446557E-012
+7.21875000000000E+006, +1.145882E-012
+7.46750000000000E+006, +1.012818E-012
+7.71625000000000E+006, +1.265695E-012
+7.96500000000000E+006, +9.452403E-013
+8.21375000000000E+006, +1.174688E-012
+8.46250000000000E+006, +7.369820E-013
+8.71125000000000E+006, +1.279638E-012
+8.96000000000000E+006, +7.997000E-013
+9.20875000000000E+006, +2.016849E-012
+9.45750000000000E+006, +1.395747E-012
+9.70625000000000E+006, +1.463435E-012
+9.95500000000000E+006, +2.053615E-012
+1.02037500000000E+007, +1.290993E-012
+1.04525000000000E+007, +1.156419E-012
+1.07012500000000E+007, +5.174579E-013
+1.09500000000000E+007, +3.093993E-011
+1.11987500000000E+007, +5.823719E-013
+1.14475000000000E+007, +4.647845E-013
+1.16962500000000E+007, +3.023202E-013
+1.19450000000000E+007, +3.407631E-013
+1.21937500000000E+007, +3.665698E-013
+1.24425000000000E+007, +6.049496E-013
+1.26912500000000E+007, +3.525805E-013
+1.29400000000000E+007, +2.992142E-013
+1.31887500000000E+007, +3.773793E-013
+1.34375000000000E+007, +4.346833E-013
+1.36862500000000E+007, +6.183537E-013
+1.39350000000000E+007, +4.607557E-013
+1.41837500000000E+007, +3.915379E-013
+1.44325000000000E+007, +5.012781E-013
+1.46812500000000E+007, +5.920644E-013
+1.49300000000000E+007, +5.382157E-013
+1.51787500000000E+007, +4.523510E-013
+1.54275000000000E+007, +4.526877E-013
+1.56762500000000E+007, +3.164579E-013
+1.59250000000000E+007, +3.770039E-013
+1.61737500000000E+007, +4.287191E-013
+1.64225000000000E+007, +4.503975E-013
+1.66712500000000E+007, +4.521249E-013
+1.69200000000000E+007, +5.333989E-013
+1.71687500000000E+007, +3.136549E-013
+1.74175000000000E+007, +5.163160E-013
+1.76662500000000E+007, +4.120566E-013
+1.79150000000000E+007, +3.857200E-013
+1.81637500000000E+007, +4.787696E-013
+1.84125000000000E+007, +4.281787E-013
+1.86612500000000E+007, +4.681276E-013
+1.89100000000000E+007, +5.338022E-013
+1.91587500000000E+007, +3.415157E-013
+1.94075000000000E+007, +5.400026E-013
+1.96562500000000E+007, +3.945261E-013
+1.99050000000000E+007, +4.825874E-013
+2.01537500000000E+007, +6.107545E-013
+2.04025000000000E+007, +4.346596E-013
+2.06512500000000E+007, +3.047061E-013
+2.09000000000000E+007, +3.261653E-013
+2.11487500000000E+007, +3.804518E-013
+2.13975000000000E+007, +5.655215E-013
+2.16462500000000E+007, +3.413982E-013
+2.18950000000000E+007, +1.589977E-009
+2.21437500000000E+007, +1.915216E-008
+2.23925000000000E+007, +3.560662E-013
+2.26412500000000E+007, +5.242844E-013
+2.28900000000000E+007, +5.109607E-013
+2.31387500000000E+007, +5.430463E-013
+2.33875000000000E+007, +5.757426E-013
+2.36362500000000E+007, +5.668558E-013
+2.38850000000000E+007, +4.086268E-013
+2.41337500000000E+007, +5.613130E-013
+2.43825000000000E+007, +4.596978E-013
+2.46312500000000E+007, +3.509393E-013
+2.48800000000000E+007, +5.313423E-013
+2.51287500000000E+007, +5.101361E-013
+2.53775000000000E+007, +4.722850E-013
+2.56262500000000E+007, +5.953060E-013
+2.58750000000000E+007, +3.601166E-013
+2.61237500000000E+007, +7.708909E-013
+2.63725000000000E+007, +4.331488E-013
+2.66212500000000E+007, +4.631550E-013
+2.68700000000000E+007, +6.528096E-013
+2.71187500000000E+007, +6.237104E-013
+2.73675000000000E+007, +5.869790E-013
+2.76162500000000E+007, +5.724876E-013
+2.78650000000000E+007, +5.771842E-013
+2.81137500000000E+007, +5.801247E-013
+2.83625000000000E+007, +3.335057E-013
+2.86112500000000E+007, +4.918134E-013
+2.88600000000000E+007, +5.396621E-013
+2.91087500000000E+007, +4.907996E-013
+2.93575000000000E+007, +4.255853E-013
+2.96062500000000E+007, +5.240525E-013
+2.98550000000000E+007, +5.938811E-013
+3.01037500000000E+007, +4.362111E-013
+3.03525000000000E+007, +4.320745E-013
+3.06012500000000E+007, +4.066691E-013
+3.08500000000000E+007, +5.135718E-013
+3.10987500000000E+007, +7.298296E-013
+3.13475000000000E+007, +5.637582E-013
+3.15962500000000E+007, +5.216061E-013
+3.18450000000000E+007, +6.615627E-013
+3.20937500000000E+007, +3.950884E-013
+3.23425000000000E+007, +4.926544E-013
+3.25912500000000E+007, +5.475046E-013
+3.28400000000000E+007, +6.593876E-013
+3.30887500000000E+007, +3.372647E-010
+3.33375000000000E+007, +6.064672E-011
+3.35862500000000E+007, +5.035464E-013
+3.38350000000000E+007, +1.025216E-012
+3.40837500000000E+007, +5.146027E-013
+3.43325000000000E+007, +8.766400E-013
+3.45812500000000E+007, +7.855523E-013
+3.48300000000000E+007, +5.351052E-013
+3.50787500000000E+007, +5.681059E-013
+3.53275000000000E+007, +5.108288E-013
+3.55762500000000E+007, +5.623669E-013
+3.58250000000000E+007, +5.591064E-013
+3.60737500000000E+007, +5.690301E-013
+3.63225000000000E+007, +5.697671E-013
+3.65712500000000E+007, +4.999710E-013
+3.68200000000000E+007, +4.283430E-013
+3.70687500000000E+007, +5.427377E-013
+3.73175000000000E+007, +3.623075E-013
+3.75662500000000E+007, +4.869796E-013
+3.78150000000000E+007, +4.518519E-013
+3.80637500000000E+007, +5.717894E-013
+3.83125000000000E+007, +4.817038E-013
+3.85612500000000E+007, +5.445366E-013
+3.88100000000000E+007, +4.713453E-013
+3.90587500000000E+007, +4.113268E-013
+3.93075000000000E+007, +4.491959E-013
+3.95562500000000E+007, +5.211447E-013
+3.98050000000000E+007, +6.016303E-013
+4.00537500000000E+007, +4.886325E-013
+4.03025000000000E+007, +5.498578E-013
+4.05512500000000E+007, +1.169576E-012
+4.08000000000000E+007, +4.681234E-013
+4.10487500000000E+007, +6.227341E-013
+4.12975000000000E+007, +6.950536E-013
+4.15462500000000E+007, +5.515120E-013
+4.17950000000000E+007, +6.802012E-013
+4.20437500000000E+007, +4.920279E-013
+4.22925000000000E+007, +3.682495E-013
+4.25412500000000E+007, +5.275465E-013
+4.27900000000000E+007, +3.593094E-013
+4.30387500000000E+007, +5.317389E-013
+4.32875000000000E+007, +4.648258E-013
+4.35362500000000E+007, +4.820249E-013
+4.37850000000000E+007, +4.451145E-013
+4.40337500000000E+007, +6.440586E-011
+4.42825000000000E+007, +3.910504E-009
+4.45312500000000E+007, +5.460613E-013
+4.47800000000000E+007, +5.355303E-013
+4.50287500000000E+007, +5.319482E-013
+4.52775000000000E+007, +5.784397E-013
+4.55262500000000E+007, +6.201253E-013
+4.57750000000000E+007, +4.144319E-013
+4.60237500000000E+007, +3.523092E-013
+4.62725000000000E+007, +5.474003E-013
+4.65212500000000E+007, +3.758494E-013
+4.67700000000000E+007, +3.983705E-013
+4.70187500000000E+007, +6.559708E-013
+4.72675000000000E+007, +7.113492E-013
+4.75162500000000E+007, +4.426795E-013
+4.77650000000000E+007, +4.370073E-013
+4.80137500000000E+007, +4.538871E-013
+4.82625000000000E+007, +4.738329E-013
+4.85112500000000E+007, +3.440384E-013
+4.87600000000000E+007, +3.838320E-013
+4.90087500000000E+007, +3.333348E-013
+4.92575000000000E+007, +5.684026E-013
+4.95062500000000E+007, +3.478650E-013
+4.97550000000000E+007, +6.449177E-013
+5.00037500000000E+007, +6.104468E-013
+5.02525000000000E+007, +4.610047E-013
+5.05012500000000E+007, +4.387321E-013
+5.07500000000000E+007, +5.116947E-013
+5.09987500000000E+007, +5.006892E-013
+5.12475000000000E+007, +3.729980E-013
+5.14962500000000E+007, +4.616622E-013
+5.17450000000000E+007, +7.894551E-013
+5.19937500000000E+007, +3.713321E-013
+5.22425000000000E+007, +4.018959E-013
+5.24912500000000E+007, +6.150830E-013
+5.27400000000000E+007, +5.186130E-013
+5.29887500000000E+007, +4.493645E-013
+5.32375000000000E+007, +5.477771E-013
+5.34862500000000E+007, +5.560549E-013
+5.37350000000000E+007, +4.052853E-013
+5.39837500000000E+007, +4.130463E-013
+5.42325000000000E+007, +5.831385E-013
+5.44812500000000E+007, +4.370874E-013
+5.47300000000000E+007, +3.749851E-013
+5.49787500000000E+007, +5.675579E-013
+5.52275000000000E+007, +2.494369E-011
+5.54762500000000E+007, +1.020620E-011
+5.57250000000000E+007, +4.790786E-013
+5.59737500000000E+007, +4.647140E-013
+5.62225000000000E+007, +4.567281E-013
+5.64712500000000E+007, +4.122133E-013
+5.67200000000000E+007, +6.899022E-013
+5.69687500000000E+007, +4.795292E-013
+5.72175000000000E+007, +4.358321E-013
+5.74662500000000E+007, +7.967260E-013
+5.77150000000000E+007, +6.025699E-013
+5.79637500000000E+007, +4.296228E-013
+5.82125000000000E+007, +4.569905E-013
+5.84612500000000E+007, +5.081987E-013
+5.87100000000000E+007, +5.885363E-013
+5.89587500000000E+007, +1.355566E-012
+5.92075000000000E+007, +5.737730E-013
+5.94562500000000E+007, +4.596866E-013
+5.97050000000000E+007, +7.035470E-013
+5.99537500000000E+007, +6.128085E-013
+6.02025000000000E+007, +4.835265E-013
+6.04512500000000E+007, +4.052134E-013
+6.07000000000000E+007, +5.688081E-013
+6.09487500000000E+007, +6.630141E-013
+6.11975000000000E+007, +3.516875E-013
+6.14462500000000E+007, +4.212626E-013
+6.16950000000000E+007, +5.532404E-013
+6.19437500000000E+007, +5.907491E-013
+6.21925000000000E+007, +6.161279E-013
+6.24412500000000E+007, +4.638343E-013
+6.26900000000000E+007, +4.837612E-013
+6.29387500000000E+007, +4.331075E-013
+6.31875000000000E+007, +5.629954E-013
+6.34362500000000E+007, +4.485496E-013
+6.36850000000000E+007, +5.062004E-013
+6.39337500000000E+007, +4.885877E-013
+6.41825000000000E+007, +4.550518E-013
+6.44312500000000E+007, +5.117541E-013
+6.46800000000000E+007, +4.471556E-013
+6.49287500000000E+007, +4.000711E-013
+6.51775000000000E+007, +5.865701E-013
+6.54262500000000E+007, +5.211878E-013
+6.56750000000000E+007, +5.034351E-013
+6.59237500000000E+007, +5.561332E-013
+6.61725000000000E+007, +7.419173E-013
+6.64212500000000E+007, +1.376724E-012
+6.66700000000000E+007, +4.691748E-013
+6.69187500000000E+007, +5.873608E-013
+6.71675000000000E+007, +4.350096E-013
+6.74162500000000E+007, +5.926285E-013
+6.76650000000000E+007, +4.259880E-013
+6.79137500000000E+007, +4.608978E-013
+6.81625000000000E+007, +4.491052E-013
+6.84112500000000E+007, +4.957326E-013
+6.86600000000000E+007, +4.998820E-013
+6.89087500000000E+007, +5.137860E-013
+6.91575000000000E+007, +4.459844E-013
+6.94062500000000E+007, +5.078599E-013
+6.96550000000000E+007, +6.058545E-013
+6.99037500000000E+007, +9.335464E-013
+7.01525000000000E+007, +8.925386E-013
+7.04012500000000E+007, +6.156989E-013
+7.06500000000000E+007, +3.982778E-013
+7.08987500000000E+007, +3.264210E-013
+7.11475000000000E+007, +4.273979E-013
+7.13962500000000E+007, +4.743398E-013
+7.16450000000000E+007, +5.162105E-013
+7.18937500000000E+007, +5.088243E-013
+7.21425000000000E+007, +4.977232E-013
+7.23912500000000E+007, +5.745303E-013
+7.26400000000000E+007, +5.640430E-013
+7.28887500000000E+007, +6.806107E-013
+7.31375000000000E+007, +6.077390E-013
+7.33862500000000E+007, +5.587837E-013
+7.36350000000000E+007, +5.768839E-013
+7.38837500000000E+007, +7.929778E-013
+7.41325000000000E+007, +4.963824E-013
+7.43812500000000E+007, +6.806582E-013
+7.46300000000000E+007, +5.593673E-013
+7.48787500000000E+007, +5.460054E-013
+7.51275000000000E+007, +5.308924E-013
+7.53762500000000E+007, +5.150843E-013
+7.56250000000000E+007, +5.037326E-013
+7.58737500000000E+007, +7.324278E-013
+7.61225000000000E+007, +2.556309E-013
+7.63712500000000E+007, +7.363904E-013
+7.66200000000000E+007, +5.974190E-013
+7.68687500000000E+007, +5.854947E-013
+7.71175000000000E+007, +5.327977E-013
+7.73662500000000E+007, +5.098278E-012
+7.76150000000000E+007, +3.805462E-012
+7.78637500000000E+007, +5.107827E-013
+7.81125000000000E+007, +7.212530E-013
+7.83612500000000E+007, +4.722772E-013
+7.86100000000000E+007, +6.825943E-013
+7.88587500000000E+007, +6.080575E-013
+7.91075000000000E+007, +4.983539E-013
+7.93562500000000E+007, +4.683050E-013
+7.96050000000000E+007, +6.491157E-013
+7.98537500000000E+007, +5.880739E-013
+8.01025000000000E+007, +5.225478E-013
+8.03512500000000E+007, +5.445001E-013
+8.06000000000000E+007, +5.914563E-013
+8.08487500000000E+007, +6.160254E-013
+8.10975000000000E+007, +6.270280E-013
+8.13462500000000E+007, +6.595184E-013
+8.15950000000000E+007, +6.469455E-013
+8.18437500000000E+007, +4.942262E-013
+8.20925000000000E+007, +5.903085E-013
+8.23412500000000E+007, +5.776766E-013
+8.25900000000000E+007, +6.691996E-013
+8.28387500000000E+007, +7.560328E-013
+8.30875000000000E+007, +6.095168E-013
+8.33362500000000E+007, +3.666445E-013
+8.35850000000000E+007, +4.958918E-013
+8.38337500000000E+007, +6.629264E-013
+8.40825000000000E+007, +8.648912E-013
+8.43312500000000E+007, +4.809982E-013
+8.45800000000000E+007, +4.853383E-013
+8.48287500000000E+007, +4.193717E-013
+8.50775000000000E+007, +3.013194E-013
+8.53262500000000E+007, +4.138015E-013
+8.55750000000000E+007, +5.104936E-013
+8.58237500000000E+007, +6.727658E-013
+8.60725000000000E+007, +4.913293E-013
+8.63212500000000E+007, +3.714721E-013
+8.65700000000000E+007, +6.573271E-013
+8.68187500000000E+007, +4.401156E-013
+8.70675000000000E+007, +6.872236E-013
+8.73162500000000E+007, +4.348217E-013
+8.75650000000000E+007, +5.171497E-013
+8.78137500000000E+007, +7.047266E-013
+8.80625000000000E+007, +5.819009E-013
+8.83112500000000E+007, +5.376548E-013
+8.85600000000000E+007, +1.097653E-011
+8.88087500000000E+007, +5.196583E-013
+8.90575000000000E+007, +5.215352E-013
+8.93062500000000E+007, +4.105146E-013
+8.95550000000000E+007, +5.502266E-013
+8.98037500000000E+007, +7.930865E-013
+9.00525000000000E+007, +5.595758E-013
+9.03012500000000E+007, +7.117188E-013
+9.05500000000000E+007, +6.572216E-013
+9.07987500000000E+007, +5.202298E-013
+9.10475000000000E+007, +7.829719E-013
+9.12962500000000E+007, +4.280849E-013
+9.15450000000000E+007, +6.784785E-013
+9.17937500000000E+007, +5.196144E-013
+9.20425000000000E+007, +1.125739E-012
+9.22912500000000E+007, +1.011169E-012
+9.25400000000000E+007, +4.735757E-013
+9.27887500000000E+007, +6.038856E-013
+9.30375000000000E+007, +8.244868E-013
+9.32862500000000E+007, +5.744195E-013
+9.35350000000000E+007, +5.591228E-013
+9.37837500000000E+007, +5.657778E-013
+9.40325000000000E+007, +6.349149E-013
+9.42812500000000E+007, +7.226013E-013
+9.45300000000000E+007, +6.521314E-013
+9.47787500000000E+007, +5.024065E-013
+9.50275000000000E+007, +6.555575E-013
+9.52762500000000E+007, +7.156150E-013
+9.55250000000000E+007, +5.665791E-013
+9.57737500000000E+007, +3.824505E-013
+9.60225000000000E+007, +3.613528E-013
+9.62712500000000E+007, +5.391598E-013
+9.65200000000000E+007, +4.233342E-013
+9.67687500000000E+007, +3.785687E-013
+9.70175000000000E+007, +6.806650E-013
+9.72662500000000E+007, +7.493596E-013
+9.75150000000000E+007, +5.489599E-013
+9.77637500000000E+007, +8.852584E-013
+9.80125000000000E+007, +6.880269E-013
+9.82612500000000E+007, +6.194101E-013
+9.85100000000000E+007, +7.012346E-013
+9.87587500000000E+007, +5.508264E-013
+9.90075000000000E+007, +7.628926E-013
+9.92562500000000E+007, +5.837743E-013
+9.95050000000000E+007, +1.266277E-010
+9.97537500000000E+007, +1.288571E-010
+1.00002500000000E+008, +3.385866E-013
+1.00251250000000E+008, +3.859617E-013
+1.00500000000000E+008, +6.375986E-013
+1.00748750000000E+008, +5.698717E-013
+1.00997500000000E+008, +3.566597E-013
+1.01246250000000E+008, +6.980632E-013
+1.01495000000000E+008, +5.863510E-013
+1.01743750000000E+008, +6.870552E-013
+1.01992500000000E+008, +5.157923E-013
+1.02241250000000E+008, +5.516808E-013
+1.02490000000000E+008, +7.609964E-013
+1.02738750000000E+008, +9.241885E-013
+1.02987500000000E+008, +7.997122E-013
+1.03236250000000E+008, +6.127211E-013
+1.03485000000000E+008, +6.777247E-013
+1.03733750000000E+008, +6.690479E-013
+1.03982500000000E+008, +6.437047E-013
+1.04231250000000E+008, +5.967563E-013
+1.04480000000000E+008, +7.474822E-013
+1.04728750000000E+008, +4.736332E-013
+1.04977500000000E+008, +7.278452E-013
+1.05226250000000E+008, +6.028735E-013
+1.05475000000000E+008, +5.839371E-013
+1.05723750000000E+008, +4.475898E-013
+1.05972500000000E+008, +4.301359E-013
+1.06221250000000E+008, +7.254461E-013
+1.06470000000000E+008, +4.387786E-013
+1.06718750000000E+008, +3.919280E-013
+1.06967500000000E+008, +1.178732E-012
+1.07216250000000E+008, +6.908621E-013
+1.07465000000000E+008, +4.038242E-013
+1.07713750000000E+008, +5.877392E-013
+1.07962500000000E+008, +7.656573E-013
+1.08211250000000E+008, +8.001789E-013
+1.08460000000000E+008, +4.862738E-013
+1.08708750000000E+008, +6.620690E-013
+1.08957500000000E+008, +7.801252E-013
+1.09206250000000E+008, +7.607786E-013
+1.09455000000000E+008, +5.748231E-013
+1.09703750000000E+008, +7.828348E-013
+1.09952500000000E+008, +5.059458E-013
+1.10201250000000E+008, +6.243982E-013
+1.10450000000000E+008, +5.309360E-013
+1.10698750000000E+008, +1.199669E-011
+1.10947500000000E+008, +5.998488E-013
+1.11196250000000E+008, +5.220470E-013
+1.11445000000000E+008, +6.620027E-013
+1.11693750000000E+008, +5.784309E-013
+1.11942500000000E+008, +6.603008E-013
+1.12191250000000E+008, +5.643688E-013
+1.12440000000000E+008, +6.079730E-013
+1.12688750000000E+008, +6.385790E-013
+1.12937500000000E+008, +7.405920E-013
+1.13186250000000E+008, +8.313320E-013
+1.13435000000000E+008, +5.538312E-013
+1.13683750000000E+008, +5.003933E-013
+1.13932500000000E+008, +7.311440E-013
+1.14181250000000E+008, +6.081280E-013
+1.14430000000000E+008, +4.835852E-013
+1.14678750000000E+008, +5.155893E-013
+1.14927500000000E+008, +4.240408E-013
+1.15176250000000E+008, +5.433206E-013
+1.15425000000000E+008, +6.422516E-013
+1.15673750000000E+008, +5.800121E-013
+1.15922500000000E+008, +8.511524E-013
+1.16171250000000E+008, +6.193768E-013
+1.16420000000000E+008, +7.955897E-013
+1.16668750000000E+008, +5.888705E-013
+1.16917500000000E+008, +4.448032E-013
+1.17166250000000E+008, +6.564815E-013
+1.17415000000000E+008, +5.859800E-013
+1.17663750000000E+008, +6.398116E-013
+1.17912500000000E+008, +5.593298E-013
+1.18161250000000E+008, +6.356890E-013
+1.18410000000000E+008, +6.975427E-013
+1.18658750000000E+008, +8.145620E-013
+1.18907500000000E+008, +5.377792E-013
+1.19156250000000E+008, +5.047685E-013
+1.19405000000000E+008, +5.805381E-013
+1.19653750000000E+008, +6.711391E-013
+1.19902500000000E+008, +5.540092E-013
+1.20151250000000E+008, +5.123368E-013
+1.20400000000000E+008, +6.434760E-013
+1.20648750000000E+008, +1.213817E-012
+1.20897500000000E+008, +6.295263E-013
+1.21146250000000E+008, +7.215551E-013
+1.21395000000000E+008, +6.770202E-013
+1.21643750000000E+008, +2.422794E-011
+1.21892500000000E+008, +3.040807E-011
+1.22141250000000E+008, +5.299329E-013
+1.22390000000000E+008, +7.081954E-013
+1.22638750000000E+008, +5.494408E-013
+1.22887500000000E+008, +6.512471E-013
+1.23136250000000E+008, +3.954580E-013
+1.23385000000000E+008, +5.321842E-013
+1.23633750000000E+008, +4.961132E-013
+1.23882500000000E+008, +4.764335E-013
+1.24131250000000E+008, +6.182358E-013
+1.24380000000000E+008, +6.885835E-013
+1.24628750000000E+008, +7.585764E-013
+1.24877500000000E+008, +6.629597E-013
+1.25126250000000E+008, +5.697792E-013
+1.25375000000000E+008, +2.175116E-012
+1.25623750000000E+008, +6.672257E-013
+1.25872500000000E+008, +4.442245E-013
+1.26121250000000E+008, +5.315343E-013
+1.26370000000000E+008, +7.355706E-013
+1.26618750000000E+008, +6.795370E-013
+1.26867500000000E+008, +6.381070E-013
+1.27116250000000E+008, +6.208026E-013
+1.27365000000000E+008, +6.280511E-013
+1.27613750000000E+008, +5.604521E-013
+1.27862500000000E+008, +6.461188E-013
+1.28111250000000E+008, +6.833669E-013
+1.28360000000000E+008, +7.641859E-013
+1.28608750000000E+008, +7.042348E-013
+1.28857500000000E+008, +7.467451E-013
+1.29106250000000E+008, +5.420954E-013
+1.29355000000000E+008, +4.789065E-013
+1.29603750000000E+008, +5.907419E-013
+1.29852500000000E+008, +4.891235E-013
+1.30101250000000E+008, +6.698341E-013
+1.30350000000000E+008, +7.096240E-013
+1.30598750000000E+008, +1.008306E-012
+1.30847500000000E+008, +7.606273E-013
+1.31096250000000E+008, +5.250141E-013
+1.31345000000000E+008, +7.705599E-013
+1.31593750000000E+008, +9.259243E-013
+1.31842500000000E+008, +8.534074E-013
+1.32091250000000E+008, +7.450635E-013
+1.32340000000000E+008, +8.610279E-013
+1.32588750000000E+008, +5.190630E-013
+1.32837500000000E+008, +9.536193E-011
+1.33086250000000E+008, +8.639794E-013
+1.33335000000000E+008, +6.122080E-013
+1.33583750000000E+008, +6.592728E-013
+1.33832500000000E+008, +6.638647E-013
+1.34081250000000E+008, +9.374153E-013
+1.34330000000000E+008, +1.059547E-012
+1.34578750000000E+008, +7.904247E-013
+1.34827500000000E+008, +6.773498E-013
+1.35076250000000E+008, +6.592140E-013
+1.35325000000000E+008, +8.027696E-013
+1.35573750000000E+008, +5.969320E-013
+1.35822500000000E+008, +7.832287E-013
+1.36071250000000E+008, +8.861454E-013
+1.36320000000000E+008, +8.954656E-013
+1.36568750000000E+008, +9.135700E-013
+1.36817500000000E+008, +5.418394E-013
+1.37066250000000E+008, +4.847659E-013
+1.37315000000000E+008, +4.408170E-013
+1.37563750000000E+008, +5.278050E-013
+1.37812500000000E+008, +4.388723E-013
+1.38061250000000E+008, +3.802491E-013
+1.38310000000000E+008, +6.685467E-013
+1.38558750000000E+008, +5.642779E-013
+1.38807500000000E+008, +7.606757E-013
+1.39056250000000E+008, +5.178505E-013
+1.39305000000000E+008, +5.907208E-013
+1.39553750000000E+008, +5.380983E-013
+1.39802500000000E+008, +4.435185E-013
+1.40051250000000E+008, +4.789159E-013
+1.40300000000000E+008, +2.048480E-012
+1.40548750000000E+008, +5.947091E-013
+1.40797500000000E+008, +6.447569E-013
+1.41046250000000E+008, +7.701966E-013
+1.41295000000000E+008, +7.184437E-013
+1.41543750000000E+008, +9.986509E-013
+1.41792500000000E+008, +5.819387E-013
+1.42041250000000E+008, +5.521217E-013
+1.42290000000000E+008, +6.976420E-013
+1.42538750000000E+008, +6.493381E-013
+1.42787500000000E+008, +6.032121E-013
+1.43036250000000E+008, +5.093735E-013
+1.43285000000000E+008, +4.090702E-013
+1.43533750000000E+008, +1.038719E-012
+1.43782500000000E+008, +1.192521E-011
+1.44031250000000E+008, +2.087482E-011
+1.44280000000000E+008, +6.615864E-013
+1.44528750000000E+008, +9.066693E-013
+1.44777500000000E+008, +6.844100E-013
+1.45026250000000E+008, +6.075337E-013
+1.45275000000000E+008, +4.340105E-013
+1.45523750000000E+008, +3.079181E-013
+1.45772500000000E+008, +5.190639E-013
+1.46021250000000E+008, +6.688659E-013
+1.46270000000000E+008, +1.047426E-012
+1.46518750000000E+008, +7.068211E-013
+1.46767500000000E+008, +8.064097E-013
+1.47016250000000E+008, +4.574984E-013
+1.47265000000000E+008, +4.679742E-013
+1.47513750000000E+008, +5.812101E-013
+1.47762500000000E+008, +6.928018E-013
+1.48011250000000E+008, +5.053844E-013
+1.48260000000000E+008, +3.552900E-013
+1.48508750000000E+008, +6.987584E-013
+1.48757500000000E+008, +4.108623E-013
+1.49006250000000E+008, +5.882898E-013
+1.49255000000000E+008, +6.616667E-013
+1.49503750000000E+008, +7.318953E-013
+1.49752500000000E+008, +6.688981E-013
+1.50001250000000E+008, +9.233167E-013
+1.50250000000000E+008, +7.588065E-013
+1.50498750000000E+008, +7.523438E-013
+1.50747500000000E+008, +6.981568E-013
+1.50996250000000E+008, +8.783902E-013
+1.51245000000000E+008, +7.517321E-013
+1.51493750000000E+008, +3.827367E-013
+1.51742500000000E+008, +5.319844E-013
+1.51991250000000E+008, +7.446762E-013
+1.52240000000000E+008, +5.959364E-013
+1.52488750000000E+008, +7.581800E-013
+1.52737500000000E+008, +4.828428E-013
+1.52986250000000E+008, +3.445332E-013
+1.53235000000000E+008, +5.212977E-013
+1.53483750000000E+008, +6.017345E-013
+1.53732500000000E+008, +5.617634E-013
+1.53981250000000E+008, +5.894090E-013
+1.54230000000000E+008, +7.635740E-013
+1.54478750000000E+008, +5.510657E-013
+1.54727500000000E+008, +7.297974E-013
+1.54976250000000E+008, +5.145230E-011
+1.55225000000000E+008, +1.265351E-012
+1.55473750000000E+008, +5.497754E-013
+1.55722500000000E+008, +5.433790E-013
+1.55971250000000E+008, +7.327686E-013
+1.56220000000000E+008, +6.112168E-013
+1.56468750000000E+008, +5.113463E-013
+1.56717500000000E+008, +6.470938E-013
+1.56966250000000E+008, +7.156125E-013
+1.57215000000000E+008, +5.210304E-013
+1.57463750000000E+008, +6.828584E-013
+1.57712500000000E+008, +8.512697E-013
+1.57961250000000E+008, +4.236355E-013
+1.58210000000000E+008, +6.040761E-013
+1.58458750000000E+008, +5.169435E-013
+1.58707500000000E+008, +1.780769E-011
+1.58956250000000E+008, +6.432936E-013
+1.59205000000000E+008, +8.739689E-013
+1.59453750000000E+008, +7.035387E-013
+1.59702500000000E+008, +6.695788E-013
+1.59951250000000E+008, +8.804719E-013
+1.60200000000000E+008, +5.452438E-013
+1.60448750000000E+008, +7.952427E-013
+1.60697500000000E+008, +6.868104E-013
+1.60946250000000E+008, +8.537732E-013
+1.61195000000000E+008, +6.744808E-013
+1.61443750000000E+008, +6.161948E-013
+1.61692500000000E+008, +7.002575E-013
+1.61941250000000E+008, +8.841302E-013
+1.62190000000000E+008, +4.405505E-013
+1.62438750000000E+008, +5.982267E-013
+1.62687500000000E+008, +6.908700E-013
+1.62936250000000E+008, +7.156057E-013
+1.63185000000000E+008, +7.413700E-013
+1.63433750000000E+008, +4.502635E-013
+1.63682500000000E+008, +5.408757E-013
+1.63931250000000E+008, +7.543034E-013
+1.64180000000000E+008, +5.126362E-013
+1.64428750000000E+008, +4.713762E-013
+1.64677500000000E+008, +6.677383E-013
+1.64926250000000E+008, +4.122795E-013
+1.65175000000000E+008, +6.378136E-013
+1.65423750000000E+008, +5.244711E-013
+1.65672500000000E+008, +8.298873E-013
+1.65921250000000E+008, +5.114900E-011
+1.66170000000000E+008, +2.649611E-009
+1.66418750000000E+008, +6.887927E-013
+1.66667500000000E+008, +5.088618E-013
+1.66916250000000E+008, +7.644418E-013
+1.67165000000000E+008, +9.127003E-013
+1.67413750000000E+008, +6.963457E-013
+1.67662500000000E+008, +6.818105E-013
+1.67911250000000E+008, +3.814244E-013
+1.68160000000000E+008, +3.829165E-013
+1.68408750000000E+008, +6.373894E-013
+1.68657500000000E+008, +6.112314E-013
+1.68906250000000E+008, +5.077708E-013
+1.69155000000000E+008, +4.103562E-013
+1.69403750000000E+008, +8.567974E-013
+1.69652500000000E+008, +7.381525E-013
+1.69901250000000E+008, +7.555594E-013
+1.70150000000000E+008, +6.400578E-013
+1.70398750000000E+008, +5.707130E-013
+1.70647500000000E+008, +5.062744E-013
+1.70896250000000E+008, +7.452662E-013
+1.71145000000000E+008, +6.359052E-013
+1.71393750000000E+008, +6.102340E-013
+1.71642500000000E+008, +6.787599E-013
+1.71891250000000E+008, +5.857665E-013
+1.72140000000000E+008, +7.248115E-013
+1.72388750000000E+008, +5.632976E-013
+1.72637500000000E+008, +6.827630E-013
+1.72886250000000E+008, +4.562628E-013
+1.73135000000000E+008, +6.071435E-013
+1.73383750000000E+008, +1.907209E-012
+1.73632500000000E+008, +4.135679E-012
+1.73881250000000E+008, +6.626573E-013
+1.74130000000000E+008, +9.105529E-013
+1.74378750000000E+008, +7.084162E-013
+1.74627500000000E+008, +1.068533E-012
+1.74876250000000E+008, +1.161390E-012
+1.75125000000000E+008, +5.589359E-013
+1.75373750000000E+008, +9.731404E-013
+1.75622500000000E+008, +5.708216E-013
+1.75871250000000E+008, +6.772392E-013
+1.76120000000000E+008, +6.410039E-013
+1.76368750000000E+008, +5.860739E-013
+1.76617500000000E+008, +6.821169E-013
+1.76866250000000E+008, +5.088715E-013
+1.77115000000000E+008, +2.062975E-010
+1.77363750000000E+008, +8.167977E-011
+1.77612500000000E+008, +1.001329E-012
+1.77861250000000E+008, +5.606026E-013
+1.78110000000000E+008, +5.248739E-013
+1.78358750000000E+008, +6.389931E-013
+1.78607500000000E+008, +5.809342E-013
+1.78856250000000E+008, +1.048272E-012
+1.79105000000000E+008, +8.433754E-013
+1.79353750000000E+008, +7.538814E-013
+1.79602500000000E+008, +8.690702E-013
+1.79851250000000E+008, +7.668256E-013
+1.80100000000000E+008, +5.606739E-013
+1.80348750000000E+008, +7.124865E-013
+1.80597500000000E+008, +8.561791E-013
+1.80846250000000E+008, +1.054469E-012
+1.81095000000000E+008, +7.452200E-013
+1.81343750000000E+008, +9.650932E-013
+1.81592500000000E+008, +7.535139E-013
+1.81841250000000E+008, +5.062410E-013
+1.82090000000000E+008, +5.305508E-013
+1.82338750000000E+008, +7.533565E-013
+1.82587500000000E+008, +9.140265E-013
+1.82836250000000E+008, +6.282888E-013
+1.83085000000000E+008, +7.348500E-013
+1.83333750000000E+008, +8.270858E-013
+1.83582500000000E+008, +5.487588E-013
+1.83831250000000E+008, +4.227354E-013
+1.84080000000000E+008, +5.344732E-013
+1.84328750000000E+008, +7.299013E-013
+1.84577500000000E+008, +1.558289E-012
+1.84826250000000E+008, +6.889040E-013
+1.85075000000000E+008, +5.831443E-013
+1.85323750000000E+008, +5.469043E-013
+1.85572500000000E+008, +7.403417E-013
+1.85821250000000E+008, +5.399541E-013
+1.86070000000000E+008, +9.249769E-013
+1.86318750000000E+008, +8.813840E-013
+1.86567500000000E+008, +8.300199E-013
+1.86816250000000E+008, +9.506398E-013
+1.87065000000000E+008, +5.563175E-013
+1.87313750000000E+008, +6.861307E-013
+1.87562500000000E+008, +6.131221E-013
+1.87811250000000E+008, +7.780939E-013
+1.88060000000000E+008, +7.985274E-013
+1.88308750000000E+008, +7.009478E-011
+1.88557500000000E+008, +7.040911E-013
+1.88806250000000E+008, +9.878246E-013
+1.89055000000000E+008, +7.297401E-013
+1.89303750000000E+008, +9.982474E-013
+1.89552500000000E+008, +8.203993E-013
+1.89801250000000E+008, +5.698521E-013
+1.90050000000000E+008, +8.995468E-013
+1.90298750000000E+008, +1.091183E-012
+1.90547500000000E+008, +8.865661E-013
+1.90796250000000E+008, +1.064866E-012
+1.91045000000000E+008, +5.795519E-013
+1.91293750000000E+008, +8.145712E-013
+1.91542500000000E+008, +7.627992E-013
+1.91791250000000E+008, +2.552895E-011
+1.92040000000000E+008, +1.978246E-011
+1.92288750000000E+008, +8.816375E-013
+1.92537500000000E+008, +7.691432E-013
+1.92786250000000E+008, +1.025231E-012
+1.93035000000000E+008, +5.281877E-013
+1.93283750000000E+008, +5.656309E-013
+1.93532500000000E+008, +7.339861E-013
+1.93781250000000E+008, +8.534334E-013
+1.94030000000000E+008, +8.285905E-013
+1.94278750000000E+008, +7.363365E-013
+1.94527500000000E+008, +7.998670E-013
+1.94776250000000E+008, +6.050972E-013
+1.95025000000000E+008, +6.428316E-013
+1.95273750000000E+008, +7.065740E-013
+1.95522500000000E+008, +6.156994E-013
+1.95771250000000E+008, +8.829508E-013
+1.96020000000000E+008, +7.641269E-013
+1.96268750000000E+008, +8.048714E-013
+1.96517500000000E+008, +6.311644E-013
+1.96766250000000E+008, +7.279568E-013
+1.97015000000000E+008, +6.524768E-013
+1.97263750000000E+008, +1.182215E-012
+1.97512500000000E+008, +4.811614E-013
+1.97761250000000E+008, +1.085852E-012
+1.98010000000000E+008, +1.020484E-012
+1.98258750000000E+008, +7.844850E-013
+1.98507500000000E+008, +5.903088E-013
+1.98756250000000E+008, +6.312672E-013
+1.99005000000000E+008, +6.513744E-013
+1.99253750000000E+008, +3.362801E-011
+1.99502500000000E+008, +2.224624E-011
+1.99751250000000E+008, +7.133856E-013
+2.00000000000000E+008, +5.414232E-013
