# Channel 1
+1.00000000000000E+006, +5.614181E-013
+1.24875000000000E+006, +6.323311E-013
+1.49750000000000E+006, +6.649996E-013
+1.74625000000000E+006, +4.151999E-013
+1.99500000000000E+006, +6.128106E-013
+2.24375000000000E+006, +6.512515E-013
+2.49250000000000E+006, +4.617788E-013
+2.74125000000000E+006, +3.892763E-013
+2.99000000000000E+006, +6.612348E-013
+3.23875000000000E+006, +4.674937E-013
+3.48750000000000E+006, +5.255501E-013
+3.73625000000000E+006, +4.889868E-013
+3.98500000000000E+006, +4.519875E-013
+4.23375000000000E+006, +5.201114E-013
+4.48250000000000E+006, +7.601643E-013
+4.73125000000000E+006, +6.649799E-013
+4.98000000000000E+006, +6.112613E-013
+5.22875000000000E+006, +3.711799E-013
+5.47750000000000E+006, +6.600486E-013
+5.72625000000000E+006, +5.579298E-013
+5.97500000000000E+006, +6.295011E-013
+6.22375000000000E+006, +4.330537E-013
+6.47250000000000E+006, +4.857651E-013
+6.72125000000000E+006, +5.977702E-013
+6.97000000000000E+006, +5.214393E-013
+7.21875000000000E+006, +5.624067E-013
+7.46750000000000E+006, +4.526516E-013
+7.71625000000000E+006, +5.592731E-013
+7.96500000000000E+006, +4.503237E-013
+8.21375000000000E+006, +5.828593E-013
+8.46250000000000E+006, +6.694315E-013
+8.71125000000000E+006, +5.327668E-013
+8.96000000000000E+006, +5.007984E-013
+9.20875000000000E+006, +4.626149E-013
+9.45750000000000E+006, +7.491889E-013
+9.70625000000000E+006, +4.756343E-013
+9.95500000000000E+006, +5.284598E-013
+1.02037500000000E+007, +3.803718E-013
+1.04525000000000E+007, +2.300017E-013
+1.07012500000000E+007, +1.600043E-013
+1.09500000000000E+007, +1.992842E-013
+1.11987500000000E+007, +1.828252E-013
+1.14475000000000E+007, +2.347110E-013
+1.16962500000000E+007, +3.131766E-013
+1.19450000000000E+007, +1.730535E-013
+1.21937500000000E+007, +1.525654E-013
+1.24425000000000E+007, +2.190764E-013
+1.26912500000000E+007, +2.626346E-013
+1.29400000000000E+007, +2.022032E-013
+1.31887500000000E+007, +2.889454E-013
+1.34375000000000E+007, +1.806941E-013
+1.36862500000000E+007, +1.761810E-013
+1.39350000000000E+007, +1.494692E-013
+1.41837500000000E+007, +1.375010E-013
+1.44325000000000E+007, +1.438607E-013
+1.46812500000000E+007, +1.981022E-013
+1.49300000000000E+007, +2.294616E-013
+1.51787500000000E+007, +1.994518E-013
+1.54275000000000E+007, +1.823105E-013
+1.56762500000000E+007, +2.710318E-013
+1.59250000000000E+007, +1.970932E-013
+1.61737500000000E+007, +1.892703E-013
+1.64225000000000E+007, +2.048244E-013
+1.66712500000000E+007, +1.820161E-013
+1.69200000000000E+007, +1.952539E-013
+1.71687500000000E+007, +2.490939E-013
+1.74175000000000E+007, +1.647446E-013
+1.76662500000000E+007, +1.632974E-013
+1.79150000000000E+007, +1.468967E-013
+1.81637500000000E+007, +1.558932E-013
+1.84125000000000E+007, +1.583956E-013
+1.86612500000000E+007, +1.598375E-013
+1.89100000000000E+007, +1.964039E-013
+1.91587500000000E+007, +1.902441E-013
+1.94075000000000E+007, +2.816593E-013
+1.96562500000000E+007, +2.085986E-013
+1.99050000000000E+007, +1.663326E-013
+2.01537500000000E+007, +2.291919E-013
+2.04025000000000E+007, +1.760986E-013
+2.06512500000000E+007, +2.451124E-013
+2.09000000000000E+007, +2.280090E-013
+2.11487500000000E+007, +1.914598E-013
+2.13975000000000E+007, +1.801483E-013
+2.16462500000000E+007, +1.557032E-013
+2.18950000000000E+007, +2.278744E-013
+2.21437500000000E+007, +3.755231E-013
+2.23925000000000E+007, +2.101689E-013
+2.26412500000000E+007, +1.546163E-013
+2.28900000000000E+007, +2.536867E-013
+2.31387500000000E+007, +2.151589E-013
+2.33875000000000E+007, +2.312472E-013
+2.36362500000000E+007, +2.579999E-013
+2.38850000000000E+007, +1.563317E-013
+2.41337500000000E+007, +1.652329E-013
+2.43825000000000E+007, +2.469744E-013
+2.46312500000000E+007, +1.769212E-013
+2.48800000000000E+007, +6.091506E-013
+2.51287500000000E+007, +1.568808E-013
+2.53775000000000E+007, +1.756968E-013
+2.56262500000000E+007, +1.856992E-013
+2.58750000000000E+007, +1.760090E-013
+2.61237500000000E+007, +1.726079E-013
+2.63725000000000E+007, +2.240387E-013
+2.66212500000000E+007, +1.598193E-013
+2.68700000000000E+007, +2.106929E-013
+2.71187500000000E+007, +1.703296E-013
+2.73675000000000E+007, +1.640650E-013
+2.76162500000000E+007, +2.357803E-013
+2.78650000000000E+007, +2.551877E-013
+2.81137500000000E+007, +1.699661E-013
+2.83625000000000E+007, +2.154516E-013
+2.86112500000000E+007, +1.561559E-013
+2.88600000000000E+007, +2.070646E-013
+2.91087500000000E+007, +2.148406E-013
+2.93575000000000E+007, +1.737132E-013
+2.96062500000000E+007, +1.622866E-013
+2.98550000000000E+007, +2.451653E-013
+3.01037500000000E+007, +3.057002E-013
+3.03525000000000E+007, +1.510732E-013
+3.06012500000000E+007, +2.303400E-013
+3.08500000000000E+007, +1.854997E-013
+3.10987500000000E+007, +2.080511E-013
+3.13475000000000E+007, +2.102959E-013
+3.15962500000000E+007, +1.806802E-013
+3.18450000000000E+007, +1.946303E-013
+3.20937500000000E+007, +2.211840E-013
+3.23425000000000E+007, +2.142675E-013
+3.25912500000000E+007, +1.525793E-013
+3.28400000000000E+007, +1.963234E-013
+3.30887500000000E+007, +2.054668E-013
+3.33375000000000E+007, +1.975009E-013
+3.35862500000000E+007, +2.453055E-013
+3.38350000000000E+007, +2.130735E-013
+3.40837500000000E+007, +1.970242E-013
+3.43325000000000E+007, +1.783189E-013
+3.45812500000000E+007, +2.208339E-013
+3.48300000000000E+007, +1.785170E-013
+3.50787500000000E+007, +2.352884E-013
+3.53275000000000E+007, +2.279548E-013
+3.55762500000000E+007, +1.973885E-013
+3.58250000000000E+007, +1.457057E-013
+3.60737500000000E+007, +1.917886E-013
+3.63225000000000E+007, +2.979986E-013
+3.65712500000000E+007, +1.650574E-013
+3.68200000000000E+007, +2.000198E-013
+3.70687500000000E+007, +1.933731E-013
+3.73175000000000E+007, +1.606767E-013
+3.75662500000000E+007, +1.636313E-013
+3.78150000000000E+007, +2.528530E-013
+3.80637500000000E+007, +1.895666E-013
+3.83125000000000E+007, +2.142611E-013
+3.85612500000000E+007, +1.599564E-013
+3.88100000000000E+007, +2.952201E-013
+3.90587500000000E+007, +2.174080E-013
+3.93075000000000E+007, +2.195770E-013
+3.95562500000000E+007, +1.650516E-013
+3.98050000000000E+007, +1.896490E-013
+4.00537500000000E+007, +1.910856E-013
+4.03025000000000E+007, +2.063936E-013
+4.05512500000000E+007, +2.083476E-013
+4.08000000000000E+007, +2.129643E-013
+4.10487500000000E+007, +1.480253E-013
+4.12975000000000E+007, +2.264598E-013
+4.15462500000000E+007, +1.917065E-013
+4.17950000000000E+007, +1.614371E-013
+4.20437500000000E+007, +2.195615E-013
+4.22925000000000E+007, +2.554151E-013
+4.25412500000000E+007, +2.702001E-013
+4.27900000000000E+007, +2.228016E-013
+4.30387500000000E+007, +2.152919E-013
+4.32875000000000E+007, +1.968430E-013
+4.35362500000000E+007, +1.755131E-013
+4.37850000000000E+007, +2.123664E-013
+4.40337500000000E+007, +2.661297E-013
+4.42825000000000E+007, +1.872625E-013
+4.45312500000000E+007, +1.355143E-013
+4.47800000000000E+007, +1.973281E-013
+4.50287500000000E+007, +2.497464E-013
+4.52775000000000E+007, +1.931384E-013
+4.55262500000000E+007, +2.682090E-013
+4.57750000000000E+007, +1.323191E-013
+4.60237500000000E+007, +1.989796E-013
+4.62725000000000E+007, +1.796815E-013
+4.65212500000000E+007, +1.665920E-013
+4.67700000000000E+007, +1.347698E-013
+4.70187500000000E+007, +1.689630E-013
+4.72675000000000E+007, +2.090424E-013
+4.75162500000000E+007, +1.711207E-013
+4.77650000000000E+007, +1.977659E-013
+4.80137500000000E+007, +2.177037E-013
+4.82625000000000E+007, +2.194594E-013
+4.85112500000000E+007, +2.724205E-013
+4.87600000000000E+007, +1.418968E-013
+4.90087500000000E+007, +2.134768E-013
+4.92575000000000E+007, +1.657453E-013
+4.95062500000000E+007, +2.119332E-013
+4.97550000000000E+007, +1.997895E-013
+5.00037500000000E+007, +2.270834E-013
+5.02525000000000E+007, +2.385102E-013
+5.05012500000000E+007, +1.947691E-013
+5.07500000000000E+007, +1.923267E-013
+5.09987500000000E+007, +1.609807E-013
+5.12475000000000E+007, +2.088235E-013
+5.14962500000000E+007, +2.205085E-013
+5.17450000000000E+007, +3.204701E-013
+5.19937500000000E+007, +2.095122E-013
+5.22425000000000E+007, +2.583079E-013
+5.24912500000000E+007, +1.937590E-013
+5.27400000000000E+007, +2.618033E-013
+5.29887500000000E+007, +1.969946E-013
+5.32375000000000E+007, +2.871222E-013
+5.34862500000000E+007, +1.965288E-013
+5.37350000000000E+007, +1.973660E-013
+5.39837500000000E+007, +1.976720E-013
+5.42325000000000E+007, +2.371418E-013
+5.44812500000000E+007, +2.347959E-013
+5.47300000000000E+007, +2.005017E-013
+5.49787500000000E+007, +1.515013E-013
+5.52275000000000E+007, +2.826397E-013
+5.54762500000000E+007, +2.518823E-013
+5.57250000000000E+007, +2.130500E-013
+5.59737500000000E+007, +2.240553E-013
+5.62225000000000E+007, +2.595167E-013
+5.64712500000000E+007, +2.397337E-013
+5.67200000000000E+007, +1.542044E-013
+5.69687500000000E+007, +1.917524E-013
+5.72175000000000E+007, +2.000848E-013
+5.74662500000000E+007, +2.563340E-013
+5.77150000000000E+007, +3.170312E-013
+5.79637500000000E+007, +2.278994E-013
+5.82125000000000E+007, +2.313977E-013
+5.84612500000000E+007, +2.264870E-013
+5.87100000000000E+007, +2.229219E-013
+5.89587500000000E+007, +1.886372E-013
+5.92075000000000E+007, +2.329085E-013
+5.94562500000000E+007, +2.018524E-013
+5.97050000000000E+007, +2.343475E-013
+5.99537500000000E+007, +2.084658E-013
+6.02025000000000E+007, +1.928153E-013
+6.04512500000000E+007, +1.825630E-013
+6.07000000000000E+007, +2.028444E-013
+6.09487500000000E+007, +1.971287E-013
+6.11975000000000E+007, +1.657557E-013
+6.14462500000000E+007, +1.925467E-013
+6.16950000000000E+007, +2.018390E-013
+6.19437500000000E+007, +2.326438E-013
+6.21925000000000E+007, +2.401531E-013
+6.24412500000000E+007, +3.061348E-013
+6.26900000000000E+007, +2.319507E-013
+6.29387500000000E+007, +1.992438E-013
+6.31875000000000E+007, +2.146282E-013
+6.34362500000000E+007, +1.679855E-013
+6.36850000000000E+007, +2.050888E-013
+6.39337500000000E+007, +3.072293E-013
+6.41825000000000E+007, +2.351299E-013
+6.44312500000000E+007, +2.250229E-013
+6.46800000000000E+007, +1.620121E-013
+6.49287500000000E+007, +2.191828E-013
+6.51775000000000E+007, +2.746676E-013
+6.54262500000000E+007, +2.143169E-013
+6.56750000000000E+007, +2.118916E-013
+6.59237500000000E+007, +3.271875E-013
+6.61725000000000E+007, +2.927259E-013
+6.64212500000000E+007, +9.610325E-012
+6.66700000000000E+007, +2.482126E-013
+6.69187500000000E+007, +2.093302E-013
+6.71675000000000E+007, +1.436141E-013
+6.74162500000000E+007, +2.682770E-013
+6.76650000000000E+007, +2.028378E-013
+6.79137500000000E+007, +1.591575E-013
+6.81625000000000E+007, +1.898759E-013
+6.84112500000000E+007, +2.181918E-013
+6.86600000000000E+007, +1.985386E-013
+6.89087500000000E+007, +2.119722E-013
+6.91575000000000E+007, +2.149178E-013
+6.94062500000000E+007, +2.357328E-013
+6.96550000000000E+007, +1.879348E-013
+6.99037500000000E+007, +2.253374E-013
+7.01525000000000E+007, +2.565277E-013
+7.04012500000000E+007, +2.308914E-013
+7.06500000000000E+007, +1.943247E-013
+7.08987500000000E+007, +1.480789E-013
+7.11475000000000E+007, +1.720438E-013
+7.13962500000000E+007, +2.023904E-013
+7.16450000000000E+007, +3.130461E-013
+7.18937500000000E+007, +1.649914E-013
+7.21425000000000E+007, +2.397075E-013
+7.23912500000000E+007, +1.901081E-013
+7.26400000000000E+007, +2.544484E-013
+7.28887500000000E+007, +2.461440E-013
+7.31375000000000E+007, +2.306897E-013
+7.33862500000000E+007, +2.338701E-013
+7.36350000000000E+007, +2.713645E-013
+7.38837500000000E+007, +2.150725E-013
+7.41325000000000E+007, +2.134546E-013
+7.43812500000000E+007, +1.861689E-013
+7.46300000000000E+007, +1.843135E-013
+7.48787500000000E+007, +2.475697E-013
+7.51275000000000E+007, +1.728906E-013
+7.53762500000000E+007, +2.243960E-013
+7.56250000000000E+007, +2.495393E-013
+7.58737500000000E+007, +1.894137E-013
+7.61225000000000E+007, +2.087241E-013
+7.63712500000000E+007, +1.959370E-013
+7.66200000000000E+007, +2.004788E-013
+7.68687500000000E+007, +2.634161E-013
+7.71175000000000E+007, +2.091901E-013
+7.73662500000000E+007, +2.944304E-013
+7.76150000000000E+007, +1.868956E-013
+7.78637500000000E+007, +1.784422E-013
+7.81125000000000E+007, +2.601418E-013
+7.83612500000000E+007, +2.227980E-013
+7.86100000000000E+007, +2.288610E-013
+7.88587500000000E+007, +2.023079E-013
+7.91075000000000E+007, +2.781303E-013
+7.93562500000000E+007, +2.412955E-013
+7.96050000000000E+007, +1.580362E-013
+7.98537500000000E+007, +3.318991E-013
+8.01025000000000E+007, +2.799799E-013
+8.03512500000000E+007, +2.230124E-013
+8.06000000000000E+007, +2.933137E-013
+8.08487500000000E+007, +1.875732E-013
+8.10975000000000E+007, +2.198220E-013
+8.13462500000000E+007, +2.801798E-013
+8.15950000000000E+007, +3.060723E-013
+8.18437500000000E+007, +2.391552E-013
+8.20925000000000E+007, +1.999550E-013
+8.23412500000000E+007, +2.778876E-013
+8.25900000000000E+007, +3.947388E-013
+8.28387500000000E+007, +2.271786E-013
+8.30875000000000E+007, +2.609614E-013
+8.33362500000000E+007, +2.188645E-013
+8.35850000000000E+007, +2.225626E-013
+8.38337500000000E+007, +1.955367E-013
+8.40825000000000E+007, +2.794519E-013
+8.43312500000000E+007, +2.517425E-013
+8.45800000000000E+007, +2.568151E-013
+8.48287500000000E+007, +2.843904E-013
+8.50775000000000E+007, +1.718075E-013
+8.53262500000000E+007, +2.176352E-013
+8.55750000000000E+007, +1.981123E-013
+8.58237500000000E+007, +2.702527E-013
+8.60725000000000E+007, +2.119328E-013
+8.63212500000000E+007, +2.779128E-013
+8.65700000000000E+007, +2.431905E-013
+8.68187500000000E+007, +1.766216E-013
+8.70675000000000E+007, +1.803630E-013
+8.73162500000000E+007, +2.346111E-013
+8.75650000000000E+007, +2.136047E-013
+8.78137500000000E+007, +2.003910E-013
+8.80625000000000E+007, +2.601536E-013
+8.83112500000000E+007, +1.898391E-013
+8.85600000000000E+007, +6.595463E-013
+8.88087500000000E+007, +2.340856E-013
+8.90575000000000E+007, +2.174146E-013
+8.93062500000000E+007, +2.970351E-013
+8.95550000000000E+007, +2.563005E-013
+8.98037500000000E+007, +3.259707E-013
+9.00525000000000E+007, +2.116206E-013
+9.03012500000000E+007, +3.544021E-013
+9.05500000000000E+007, +4.043049E-013
+9.07987500000000E+007, +4.336286E-013
+9.10475000000000E+007, +2.416343E-013
+9.12962500000000E+007, +2.377576E-013
+9.15450000000000E+007, +2.512008E-013
+9.17937500000000E+007, +1.901423E-013
+9.20425000000000E+007, +2.902836E-013
+9.22912500000000E+007, +2.981108E-013
+9.25400000000000E+007, +2.196229E-013
+9.27887500000000E+007, +2.544231E-013
+9.30375000000000E+007, +2.531589E-013
+9.32862500000000E+007, +2.444111E-013
+9.35350000000000E+007, +1.891817E-013
+9.37837500000000E+007, +2.346177E-013
+9.40325000000000E+007, +2.736016E-013
+9.42812500000000E+007, +3.068155E-013
+9.45300000000000E+007, +2.441147E-013
+9.47787500000000E+007, +4.866370E-013
+9.50275000000000E+007, +2.406418E-013
+9.52762500000000E+007, +2.007846E-013
+9.55250000000000E+007, +4.128172E-013
+9.57737500000000E+007, +3.274419E-013
+9.60225000000000E+007, +1.861097E-013
+9.62712500000000E+007, +2.232706E-013
+9.65200000000000E+007, +2.868040E-013
+9.67687500000000E+007, +3.247119E-013
+9.70175000000000E+007, +2.870355E-013
+9.72662500000000E+007, +2.283097E-013
+9.75150000000000E+007, +3.208748E-013
+9.77637500000000E+007, +2.614103E-013
+9.80125000000000E+007, +2.970418E-013
+9.82612500000000E+007, +2.997807E-013
+9.85100000000000E+007, +2.389776E-013
+9.87587500000000E+007, +2.990690E-013
+9.90075000000000E+007, +2.656550E-013
+9.92562500000000E+007, +2.148439E-013
+9.95050000000000E+007, +1.744711E-012
+9.97537500000000E+007, +3.037812E-013
+1.00002500000000E+008, +2.446861E-013
+1.00251250000000E+008, +3.777508E-013
+1.00500000000000E+008, +3.069256E-013
+1.00748750000000E+008, +3.732665E-013
+1.00997500000000E+008, +3.285947E-013
+1.01246250000000E+008, +3.106915E-013
+1.01495000000000E+008, +3.062355E-013
+1.01743750000000E+008, +2.927090E-013
+1.01992500000000E+008, +2.487853E-013
+1.02241250000000E+008, +1.944215E-013
+1.02490000000000E+008, +2.250162E-013
+1.02738750000000E+008, +4.932751E-013
+1.02987500000000E+008, +2.458990E-013
+1.03236250000000E+008, +2.105375E-013
+1.03485000000000E+008, +4.094996E-013
+1.03733750000000E+008, +2.774508E-013
+1.03982500000000E+008, +2.024094E-013
+1.04231250000000E+008, +6.416256E-013
+1.04480000000000E+008, +4.337863E-013
+1.04728750000000E+008, +2.704921E-013
+1.04977500000000E+008, +5.465151E-013
+1.05226250000000E+008, +6.824548E-013
+1.05475000000000E+008, +2.532442E-013
+1.05723750000000E+008, +3.806450E-013
+1.05972500000000E+008, +9.209736E-013
+1.06221250000000E+008, +2.574106E-013
+1.06470000000000E+008, +2.695210E-013
+1.06718750000000E+008, +2.953728E-013
+1.06967500000000E+008, +2.652894E-013
+1.07216250000000E+008, +2.971323E-013
+1.07465000000000E+008, +5.551830E-013
+1.07713750000000E+008, +2.667306E-013
+1.07962500000000E+008, +2.116966E-013
+1.08211250000000E+008, +2.565537E-013
+1.08460000000000E+008, +3.391066E-013
+1.08708750000000E+008, +3.354741E-013
+1.08957500000000E+008, +3.330848E-013
+1.09206250000000E+008, +3.413988E-013
+1.09455000000000E+008, +2.066643E-013
+1.09703750000000E+008, +2.854010E-013
+1.09952500000000E+008, +2.489011E-013
+1.10201250000000E+008, +2.814664E-013
+1.10450000000000E+008, +2.522871E-013
+1.10698750000000E+008, +2.048873E-008
+1.10947500000000E+008, +2.299758E-013
+1.11196250000000E+008, +2.867504E-013
+1.11445000000000E+008, +2.330979E-013
+1.11693750000000E+008, +2.177135E-013
+1.11942500000000E+008, +2.262581E-013
+1.12191250000000E+008, +2.359111E-013
+1.12440000000000E+008, +2.407922E-013
+1.12688750000000E+008, +2.670899E-013
+1.12937500000000E+008, +3.131109E-013
+1.13186250000000E+008, +2.767313E-013
+1.13435000000000E+008, +2.339135E-013
+1.13683750000000E+008, +2.260632E-013
+1.13932500000000E+008, +4.200989E-013
+1.14181250000000E+008, +3.001642E-013
+1.14430000000000E+008, +2.900316E-013
+1.14678750000000E+008, +2.466467E-013
+1.14927500000000E+008, +2.928218E-013
+1.15176250000000E+008, +2.398539E-013
+1.15425000000000E+008, +3.021607E-013
+1.15673750000000E+008, +3.420843E-013
+1.15922500000000E+008, +2.896565E-013
+1.16171250000000E+008, +2.403794E-013
+1.16420000000000E+008, +3.071242E-013
+1.16668750000000E+008, +2.744902E-013
+1.16917500000000E+008, +2.772109E-013
+1.17166250000000E+008, +2.930024E-013
+1.17415000000000E+008, +3.320817E-013
+1.17663750000000E+008, +2.679633E-013
+1.17912500000000E+008, +2.633673E-013
+1.18161250000000E+008, +1.905043E-013
+1.18410000000000E+008, +2.776657E-013
+1.18658750000000E+008, +2.516385E-013
+1.18907500000000E+008, +3.460754E-013
+1.19156250000000E+008, +2.502262E-013
+1.19405000000000E+008, +2.577311E-013
+1.19653750000000E+008, +3.053027E-013
+1.19902500000000E+008, +2.358442E-013
+1.20151250000000E+008, +3.595359E-013
+1.20400000000000E+008, +2.819857E-013
+1.20648750000000E+008, +4.462682E-013
+1.20897500000000E+008, +3.168977E-013
+1.21146250000000E+008, +4.013536E-013
+1.21395000000000E+008, +4.883366E-013
+1.21643750000000E+008, +2.503165E-010
+1.21892500000000E+008, +2.214106E-010
+1.22141250000000E+008, +3.183849E-013
+1.22390000000000E+008, +2.841697E-013
+1.22638750000000E+008, +3.014566E-013
+1.22887500000000E+008, +2.931196E-013
+1.23136250000000E+008, +3.930549E-013
+1.23385000000000E+008, +3.301231E-013
+1.23633750000000E+008, +2.886441E-013
+1.23882500000000E+008, +3.088945E-013
+1.24131250000000E+008, +3.502774E-013
+1.24380000000000E+008, +2.665717E-013
+1.24628750000000E+008, +2.000593E-013
+1.24877500000000E+008, +2.437225E-013
+1.25126250000000E+008, +3.124604E-013
+1.25375000000000E+008, +3.329082E-013
+1.25623750000000E+008, +2.199220E-013
+1.25872500000000E+008, +4.013268E-013
+1.26121250000000E+008, +3.895770E-013
+1.26370000000000E+008, +3.352655E-013
+1.26618750000000E+008, +5.347299E-013
+1.26867500000000E+008, +3.580829E-013
+1.27116250000000E+008, +2.289541E-013
+1.27365000000000E+008, +3.714671E-013
+1.27613750000000E+008, +2.655570E-013
+1.27862500000000E+008, +2.698702E-013
+1.28111250000000E+008, +3.219071E-013
+1.28360000000000E+008, +2.178940E-013
+1.28608750000000E+008, +2.179330E-013
+1.28857500000000E+008, +2.949133E-013
+1.29106250000000E+008, +2.218383E-013
+1.29355000000000E+008, +3.493066E-013
+1.29603750000000E+008, +2.070300E-013
+1.29852500000000E+008, +1.975717E-013
+1.30101250000000E+008, +3.710183E-013
+1.30350000000000E+008, +3.440826E-013
+1.30598750000000E+008, +4.287361E-013
+1.30847500000000E+008, +3.665639E-013
+1.31096250000000E+008, +2.565261E-013
+1.31345000000000E+008, +3.865515E-013
+1.31593750000000E+008, +5.067316E-013
+1.31842500000000E+008, +4.052760E-013
+1.32091250000000E+008, +2.986878E-013
+1.32340000000000E+008, +3.661205E-013
+1.32588750000000E+008, +2.078243E-013
+1.32837500000000E+008, +3.532100E-009
+1.33086250000000E+008, +2.372396E-013
+1.33335000000000E+008, +3.204481E-013
+1.33583750000000E+008, +2.973360E-013
+1.33832500000000E+008, +3.008660E-013
+1.34081250000000E+008, +2.999071E-013
+1.34330000000000E+008, +2.986936E-013
+1.34578750000000E+008, +2.587299E-013
+1.34827500000000E+008, +3.214570E-013
+1.35076250000000E+008, +3.217878E-013
+1.35325000000000E+008, +2.570688E-013
+1.35573750000000E+008, +2.266840E-013
+1.35822500000000E+008, +2.576679E-013
+1.36071250000000E+008, +4.067551E-013
+1.36320000000000E+008, +3.927075E-013
+1.36568750000000E+008, +3.045345E-013
+1.36817500000000E+008, +3.518634E-013
+1.37066250000000E+008, +3.817157E-013
+1.37315000000000E+008, +2.610635E-013
+1.37563750000000E+008, +2.486413E-013
+1.37812500000000E+008, +2.744708E-013
+1.38061250000000E+008, +3.095065E-013
+1.38310000000000E+008, +2.422347E-013
+1.38558750000000E+008, +2.307716E-013
+1.38807500000000E+008, +2.585657E-013
+1.39056250000000E+008, +2.085781E-013
+1.39305000000000E+008, +2.884139E-013
+1.39553750000000E+008, +2.711596E-013
+1.39802500000000E+008, +3.364586E-013
+1.40051250000000E+008, +3.436733E-013
+1.40300000000000E+008, +2.528438E-013
+1.40548750000000E+008, +3.884534E-013
+1.40797500000000E+008, +4.149186E-013
+1.41046250000000E+008, +2.877245E-013
+1.41295000000000E+008, +2.767551E-013
+1.41543750000000E+008, +2.905653E-013
+1.41792500000000E+008, +2.421978E-013
+1.42041250000000E+008, +3.216052E-013
+1.42290000000000E+008, +3.154943E-013
+1.42538750000000E+008, +3.104890E-013
+1.42787500000000E+008, +3.846556E-013
+1.43036250000000E+008, +2.809266E-013
+1.43285000000000E+008, +4.007049E-013
+1.43533750000000E+008, +3.376095E-013
+1.43782500000000E+008, +6.243756E-013
+1.44031250000000E+008, +5.703397E-012
+1.44280000000000E+008, +4.309439E-013
+1.44528750000000E+008, +1.888145E-013
+1.44777500000000E+008, +2.273726E-013
+1.45026250000000E+008, +4.009755E-013
+1.45275000000000E+008, +3.245694E-013
+1.45523750000000E+008, +2.833011E-013
+1.45772500000000E+008, +3.199895E-013
+1.46021250000000E+008, +3.428793E-013
+1.46270000000000E+008, +3.112823E-013
+1.46518750000000E+008, +4.032834E-013
+1.46767500000000E+008, +2.964337E-013
+1.47016250000000E+008, +3.128143E-013
+1.47265000000000E+008, +2.443308E-013
+1.47513750000000E+008, +3.084299E-013
+1.47762500000000E+008, +2.666411E-013
+1.48011250000000E+008, +3.249752E-013
+1.48260000000000E+008, +3.169976E-013
+1.48508750000000E+008, +2.607086E-013
+1.48757500000000E+008, +3.583277E-013
+1.49006250000000E+008, +2.958329E-013
+1.49255000000000E+008, +3.590110E-013
+1.49503750000000E+008, +2.907729E-013
+1.49752500000000E+008, +3.064430E-013
+1.50001250000000E+008, +3.632279E-013
+1.50250000000000E+008, +3.006043E-013
+1.50498750000000E+008, +3.242140E-013
+1.50747500000000E+008, +2.836118E-013
+1.50996250000000E+008, +2.592263E-013
+1.51245000000000E+008, +2.664939E-013
+1.51493750000000E+008, +2.166868E-013
+1.51742500000000E+008, +3.637148E-013
+1.51991250000000E+008, +2.197150E-013
+1.52240000000000E+008, +3.416116E-013
+1.52488750000000E+008, +3.085012E-013
+1.52737500000000E+008, +2.026959E-013
+1.52986250000000E+008, +2.617857E-013
+1.53235000000000E+008, +3.196304E-013
+1.53483750000000E+008, +3.307127E-013
+1.53732500000000E+008, +3.729296E-013
+1.53981250000000E+008, +3.538598E-013
+1.54230000000000E+008, +3.036180E-013
+1.54478750000000E+008, +2.884147E-013
+1.54727500000000E+008, +3.955992E-013
+1.54976250000000E+008, +2.183250E-011
+1.55225000000000E+008, +2.882566E-013
+1.55473750000000E+008, +2.154351E-013
+1.55722500000000E+008, +3.195449E-013
+1.55971250000000E+008, +4.014494E-013
+1.56220000000000E+008, +3.476280E-013
+1.56468750000000E+008, +3.648352E-013
+1.56717500000000E+008, +3.133531E-013
+1.56966250000000E+008, +2.729157E-013
+1.57215000000000E+008, +2.517293E-013
+1.57463750000000E+008, +3.738060E-013
+1.57712500000000E+008, +3.245949E-013
+1.57961250000000E+008, +3.079462E-013
+1.58210000000000E+008, +3.033140E-013
+1.58458750000000E+008, +3.159575E-013
+1.58707500000000E+008, +2.214922E-013
+1.58956250000000E+008, +2.395072E-013
+1.59205000000000E+008, +3.075610E-013
+1.59453750000000E+008, +3.371768E-013
+1.59702500000000E+008, +2.486410E-013
+1.59951250000000E+008, +2.412174E-013
+1.60200000000000E+008, +2.732088E-013
+1.60448750000000E+008, +2.774030E-013
+1.60697500000000E+008, +2.566703E-013
+1.60946250000000E+008, +2.799235E-013
+1.61195000000000E+008, +2.810591E-013
+1.61443750000000E+008, +3.034967E-013
+1.61692500000000E+008, +3.304706E-013
+1.61941250000000E+008, +3.606232E-013
+1.62190000000000E+008, +2.866398E-013
+1.62438750000000E+008, +2.588149E-013
+1.62687500000000E+008, +3.866341E-013
+1.62936250000000E+008, +4.131669E-013
+1.63185000000000E+008, +2.858784E-013
+1.63433750000000E+008, +2.830415E-013
+1.63682500000000E+008, +2.997164E-013
+1.63931250000000E+008, +3.409500E-013
+1.64180000000000E+008, +2.972079E-013
+1.64428750000000E+008, +2.311666E-013
+1.64677500000000E+008, +3.753352E-013
+1.64926250000000E+008, +2.573211E-013
+1.65175000000000E+008, +4.194714E-013
+1.65423750000000E+008, +3.405358E-013
+1.65672500000000E+008, +2.455077E-013
+1.65921250000000E+008, +2.995071E-013
+1.66170000000000E+008, +4.207915E-011
+1.66418750000000E+008, +2.884173E-013
+1.66667500000000E+008, +3.214020E-013
+1.66916250000000E+008, +2.869923E-013
+1.67165000000000E+008, +3.321273E-013
+1.67413750000000E+008, +2.778888E-013
+1.67662500000000E+008, +3.741776E-013
+1.67911250000000E+008, +3.510272E-013
+1.68160000000000E+008, +3.791061E-013
+1.68408750000000E+008, +3.564175E-013
+1.68657500000000E+008, +2.864434E-013
+1.68906250000000E+008, +3.132091E-013
+1.69155000000000E+008, +3.638871E-013
+1.69403750000000E+008, +3.020882E-013
+1.69652500000000E+008, +3.332623E-013
+1.69901250000000E+008, +3.346956E-013
+1.70150000000000E+008, +3.089135E-013
+1.70398750000000E+008, +2.351067E-013
+1.70647500000000E+008, +2.847698E-013
+1.70896250000000E+008, +4.207268E-013
+1.71145000000000E+008, +4.020985E-013
+1.71393750000000E+008, +3.011035E-013
+1.71642500000000E+008, +2.444361E-013
+1.71891250000000E+008, +3.762472E-013
+1.72140000000000E+008, +3.766173E-013
+1.72388750000000E+008, +2.761001E-013
+1.72637500000000E+008, +4.221613E-013
+1.72886250000000E+008, +2.663380E-013
+1.73135000000000E+008, +4.183254E-013
+1.73383750000000E+008, +2.904701E-013
+1.73632500000000E+008, +3.587237E-013
+1.73881250000000E+008, +3.101096E-013
+1.74130000000000E+008, +3.214930E-013
+1.74378750000000E+008, +3.039001E-013
+1.74627500000000E+008, +3.038383E-013
+1.74876250000000E+008, +2.567720E-013
+1.75125000000000E+008, +2.816027E-013
+1.75373750000000E+008, +3.128807E-013
+1.75622500000000E+008, +3.186353E-013
+1.75871250000000E+008, +3.060058E-013
+1.76120000000000E+008, +3.517089E-013
+1.76368750000000E+008, +2.675098E-013
+1.76617500000000E+008, +3.117132E-013
+1.76866250000000E+008, +2.778889E-013
+1.77115000000000E+008, +3.415269E-010
+1.77363750000000E+008, +2.838999E-013
+1.77612500000000E+008, +2.974300E-013
+1.77861250000000E+008, +3.546804E-013
+1.78110000000000E+008, +3.665939E-013
+1.78358750000000E+008, +4.613350E-013
+1.78607500000000E+008, +2.547715E-013
+1.78856250000000E+008, +4.518684E-013
+1.79105000000000E+008, +3.491966E-013
+1.79353750000000E+008, +3.570618E-013
+1.79602500000000E+008, +3.466953E-013
+1.79851250000000E+008, +3.258838E-013
+1.80100000000000E+008, +3.035370E-013
+1.80348750000000E+008, +4.007942E-013
+1.80597500000000E+008, +2.815489E-013
+1.80846250000000E+008, +2.014255E-013
+1.81095000000000E+008, +3.802563E-013
+1.81343750000000E+008, +1.895702E-013
+1.81592500000000E+008, +3.355386E-013
+1.81841250000000E+008, +3.067003E-013
+1.82090000000000E+008, +3.773035E-013
+1.82338750000000E+008, +2.546224E-013
+1.82587500000000E+008, +2.684249E-013
+1.82836250000000E+008, +2.711021E-013
+1.83085000000000E+008, +2.975732E-013
+1.83333750000000E+008, +3.770726E-013
+1.83582500000000E+008, +2.696290E-013
+1.83831250000000E+008, +3.562516E-013
+1.84080000000000E+008, +3.594985E-013
+1.84328750000000E+008, +3.049092E-013
+1.84577500000000E+008, +2.383198E-013
+1.84826250000000E+008, +3.082867E-013
+1.85075000000000E+008, +3.426823E-013
+1.85323750000000E+008, +3.036202E-013
+1.85572500000000E+008, +3.143498E-013
+1.85821250000000E+008, +2.781873E-013
+1.86070000000000E+008, +3.926472E-013
+1.86318750000000E+008, +3.212583E-013
+1.86567500000000E+008, +4.250653E-013
+1.86816250000000E+008, +2.993443E-013
+1.87065000000000E+008, +3.191341E-013
+1.87313750000000E+008, +3.648567E-013
+1.87562500000000E+008, +2.636548E-013
+1.87811250000000E+008, +2.213560E-013
+1.88060000000000E+008, +3.605674E-013
+1.88308750000000E+008, +2.328085E-012
+1.88557500000000E+008, +3.354852E-013
+1.88806250000000E+008, +4.031008E-013
+1.89055000000000E+008, +4.231768E-013
+1.89303750000000E+008, +4.104008E-013
+1.89552500000000E+008, +3.233748E-013
+1.89801250000000E+008, +2.244711E-013
+1.90050000000000E+008, +2.329671E-013
+1.90298750000000E+008, +4.002568E-013
+1.90547500000000E+008, +3.749026E-013
+1.90796250000000E+008, +3.440198E-013
+1.91045000000000E+008, +3.166916E-013
+1.91293750000000E+008, +2.755168E-013
+1.91542500000000E+008, +3.509499E-013
+1.91791250000000E+008, +3.211993E-013
+1.92040000000000E+008, +3.066541E-013
+1.92288750000000E+008, +3.847852E-013
+1.92537500000000E+008, +4.022276E-013
+1.92786250000000E+008, +3.710901E-013
+1.93035000000000E+008, +3.133858E-013
+1.93283750000000E+008, +3.315798E-013
+1.93532500000000E+008, +2.548241E-013
+1.93781250000000E+008, +2.476223E-013
+1.94030000000000E+008, +4.186975E-013
+1.94278750000000E+008, +2.804903E-013
+1.94527500000000E+008, +3.702449E-013
+1.94776250000000E+008, +2.677697E-013
+1.95025000000000E+008, +2.625280E-013
+1.95273750000000E+008, +3.055091E-013
+1.95522500000000E+008, +2.770049E-013
+1.95771250000000E+008, +2.546608E-013
+1.96020000000000E+008, +3.671962E-013
+1.96268750000000E+008, +3.383631E-013
+1.96517500000000E+008, +3.318712E-013
+1.96766250000000E+008, +3.079857E-013
+1.97015000000000E+008, +3.244937E-013
+1.97263750000000E+008, +2.318660E-013
+1.97512500000000E+008, +3.129695E-013
+1.97761250000000E+008, +3.030144E-013
+1.98010000000000E+008, +3.373325E-013
+1.98258750000000E+008, +3.300590E-013
+1.98507500000000E+008, +4.760215E-013
+1.98756250000000E+008, +3.008288E-013
+1.99005000000000E+008, +2.812379E-013
+1.99253750000000E+008, +7.742487E-012
+1.99502500000000E+008, +3.607201E-013
+1.99751250000000E+008, +3.529867E-013
+2.00000000000000E+008, +2.603626E-013
