# Channel 1
+1.00000000000000E+006, +5.482734E-012
+1.24875000000000E+006, +7.115614E-012
+1.49750000000000E+006, +5.347382E-012
+1.74625000000000E+006, +5.556957E-012
+1.99500000000000E+006, +4.808324E-012
+2.24375000000000E+006, +5.664658E-012
+2.49250000000000E+006, +6.988353E-012
+2.74125000000000E+006, +6.030486E-012
+2.99000000000000E+006, +3.401663E-012
+3.23875000000000E+006, +5.917970E-012
+3.48750000000000E+006, +8.015020E-012
+3.73625000000000E+006, +5.368444E-012
+3.98500000000000E+006, +4.953269E-012
+4.23375000000000E+006, +3.516990E-012
+4.48250000000000E+006, +5.891420E-012
+4.73125000000000E+006, +5.987690E-012
+4.98000000000000E+006, +5.685005E-012
+5.22875000000000E+006, +6.795773E-012
+5.47750000000000E+006, +4.535116E-012
+5.72625000000000E+006, +7.846449E-012
+5.97500000000000E+006, +5.128306E-012
+6.22375000000000E+006, +6.406579E-012
+6.47250000000000E+006, +5.180065E-012
+6.72125000000000E+006, +6.820374E-012
+6.97000000000000E+006, +7.086273E-012
+7.21875000000000E+006, +4.580571E-012
+7.46750000000000E+006, +5.585265E-012
+7.71625000000000E+006, +4.779762E-012
+7.96500000000000E+006, +5.083614E-012
+8.21375000000000E+006, +4.356162E-012
+8.46250000000000E+006, +4.733162E-012
+8.71125000000000E+006, +4.876829E-012
+8.96000000000000E+006, +4.221067E-012
+9.20875000000000E+006, +6.236719E-012
+9.45750000000000E+006, +5.813172E-012
+9.70625000000000E+006, +5.932877E-012
+9.95500000000000E+006, +5.368919E-012
+1.02037500000000E+007, +3.026566E-012
+1.04525000000000E+007, +2.099548E-012
+1.07012500000000E+007, +1.800397E-012
+1.09500000000000E+007, +2.004317E-012
+1.11987500000000E+007, +1.396828E-012
+1.14475000000000E+007, +1.946635E-012
+1.16962500000000E+007, +2.041604E-012
+1.19450000000000E+007, +1.870609E-012
+1.21937500000000E+007, +2.381793E-012
+1.24425000000000E+007, +1.558490E-012
+1.26912500000000E+007, +1.955172E-012
+1.29400000000000E+007, +1.968711E-012
+1.31887500000000E+007, +1.762308E-012
+1.34375000000000E+007, +2.135610E-012
+1.36862500000000E+007, +2.430387E-012
+1.39350000000000E+007, +2.159024E-012
+1.41837500000000E+007, +1.948211E-012
+1.44325000000000E+007, +1.526934E-012
+1.46812500000000E+007, +1.974383E-012
+1.49300000000000E+007, +1.975522E-012
+1.51787500000000E+007, +2.145344E-012
+1.54275000000000E+007, +2.145610E-012
+1.56762500000000E+007, +1.679210E-012
+1.59250000000000E+007, +1.612158E-012
+1.61737500000000E+007, +1.510176E-012
+1.64225000000000E+007, +1.471464E-012
+1.66712500000000E+007, +2.147912E-012
+1.69200000000000E+007, +1.620939E-012
+1.71687500000000E+007, +1.935657E-012
+1.74175000000000E+007, +2.655375E-012
+1.76662500000000E+007, +1.851674E-012
+1.79150000000000E+007, +2.229785E-012
+1.81637500000000E+007, +1.729868E-012
+1.84125000000000E+007, +1.737282E-012
+1.86612500000000E+007, +2.156520E-012
+1.89100000000000E+007, +2.015691E-012
+1.91587500000000E+007, +2.174901E-012
+1.94075000000000E+007, +2.005010E-012
+1.96562500000000E+007, +1.441809E-012
+1.99050000000000E+007, +1.771498E-012
+2.01537500000000E+007, +1.530718E-012
+2.04025000000000E+007, +1.763748E-012
+2.06512500000000E+007, +1.728401E-012
+2.09000000000000E+007, +2.141113E-012
+2.11487500000000E+007, +1.455152E-012
+2.13975000000000E+007, +1.584591E-012
+2.16462500000000E+007, +1.614548E-012
+2.18950000000000E+007, +1.665687E-012
+2.21437500000000E+007, +1.710525E-012
+2.23925000000000E+007, +1.955680E-012
+2.26412500000000E+007, +1.733903E-012
+2.28900000000000E+007, +3.448753E-012
+2.31387500000000E+007, +2.054678E-012
+2.33875000000000E+007, +2.154175E-012
+2.36362500000000E+007, +1.772714E-012
+2.38850000000000E+007, +1.728875E-012
+2.41337500000000E+007, +2.011140E-012
+2.43825000000000E+007, +1.801150E-012
+2.46312500000000E+007, +1.653740E-012
+2.48800000000000E+007, +4.851556E-012
+2.51287500000000E+007, +2.054964E-012
+2.53775000000000E+007, +2.277077E-012
+2.56262500000000E+007, +2.215875E-012
+2.58750000000000E+007, +1.387155E-012
+2.61237500000000E+007, +2.598841E-012
+2.63725000000000E+007, +1.920652E-012
+2.66212500000000E+007, +2.156945E-012
+2.68700000000000E+007, +1.585279E-012
+2.71187500000000E+007, +2.075182E-012
+2.73675000000000E+007, +2.186557E-012
+2.76162500000000E+007, +2.544089E-012
+2.78650000000000E+007, +2.102527E-012
+2.81137500000000E+007, +2.231619E-012
+2.83625000000000E+007, +1.907027E-012
+2.86112500000000E+007, +2.509407E-012
+2.88600000000000E+007, +1.688154E-012
+2.91087500000000E+007, +2.178245E-012
+2.93575000000000E+007, +1.446838E-012
+2.96062500000000E+007, +2.081113E-012
+2.98550000000000E+007, +1.861791E-012
+3.01037500000000E+007, +2.340125E-012
+3.03525000000000E+007, +2.403513E-012
+3.06012500000000E+007, +1.637237E-012
+3.08500000000000E+007, +1.812757E-012
+3.10987500000000E+007, +1.909529E-012
+3.13475000000000E+007, +1.851477E-012
+3.15962500000000E+007, +1.972341E-012
+3.18450000000000E+007, +1.329168E-012
+3.20937500000000E+007, +2.159903E-012
+3.23425000000000E+007, +1.792938E-012
+3.25912500000000E+007, +2.160885E-012
+3.28400000000000E+007, +1.319155E-012
+3.30887500000000E+007, +1.907011E-012
+3.33375000000000E+007, +2.154729E-012
+3.35862500000000E+007, +2.307149E-012
+3.38350000000000E+007, +1.475306E-012
+3.40837500000000E+007, +2.344068E-012
+3.43325000000000E+007, +1.884435E-012
+3.45812500000000E+007, +1.557002E-012
+3.48300000000000E+007, +1.390009E-012
+3.50787500000000E+007, +1.703320E-012
+3.53275000000000E+007, +1.704230E-012
+3.55762500000000E+007, +1.612940E-012
+3.58250000000000E+007, +2.351239E-012
+3.60737500000000E+007, +1.697127E-012
+3.63225000000000E+007, +2.209254E-012
+3.65712500000000E+007, +1.732133E-012
+3.68200000000000E+007, +1.879919E-012
+3.70687500000000E+007, +2.756122E-012
+3.73175000000000E+007, +2.899500E-012
+3.75662500000000E+007, +2.223652E-012
+3.78150000000000E+007, +2.582001E-012
+3.80637500000000E+007, +2.093610E-012
+3.83125000000000E+007, +1.672552E-012
+3.85612500000000E+007, +1.960482E-012
+3.88100000000000E+007, +1.675300E-012
+3.90587500000000E+007, +1.558009E-012
+3.93075000000000E+007, +2.484755E-012
+3.95562500000000E+007, +1.845407E-012
+3.98050000000000E+007, +2.417385E-012
+4.00537500000000E+007, +1.448170E-012
+4.03025000000000E+007, +1.926973E-012
+4.05512500000000E+007, +2.746903E-012
+4.08000000000000E+007, +2.531233E-012
+4.10487500000000E+007, +1.916755E-012
+4.12975000000000E+007, +2.123377E-012
+4.15462500000000E+007, +2.209768E-012
+4.17950000000000E+007, +1.649884E-012
+4.20437500000000E+007, +2.283238E-012
+4.22925000000000E+007, +1.854994E-012
+4.25412500000000E+007, +2.128694E-012
+4.27900000000000E+007, +2.121792E-012
+4.30387500000000E+007, +2.132933E-012
+4.32875000000000E+007, +1.803963E-012
+4.35362500000000E+007, +2.298505E-012
+4.37850000000000E+007, +2.191755E-012
+4.40337500000000E+007, +1.937626E-012
+4.42825000000000E+007, +2.207612E-012
+4.45312500000000E+007, +1.796200E-012
+4.47800000000000E+007, +2.608332E-012
+4.50287500000000E+007, +1.609443E-012
+4.52775000000000E+007, +2.097247E-012
+4.55262500000000E+007, +2.173373E-012
+4.57750000000000E+007, +1.612923E-012
+4.60237500000000E+007, +2.487551E-012
+4.62725000000000E+007, +3.067264E-012
+4.65212500000000E+007, +2.577020E-012
+4.67700000000000E+007, +1.908986E-012
+4.70187500000000E+007, +2.404698E-012
+4.72675000000000E+007, +2.802569E-012
+4.75162500000000E+007, +2.455199E-012
+4.77650000000000E+007, +2.408484E-012
+4.80137500000000E+007, +1.294595E-012
+4.82625000000000E+007, +1.398281E-012
+4.85112500000000E+007, +2.036422E-012
+4.87600000000000E+007, +2.137942E-012
+4.90087500000000E+007, +2.491729E-012
+4.92575000000000E+007, +2.021924E-012
+4.95062500000000E+007, +2.687222E-012
+4.97550000000000E+007, +2.094791E-012
+5.00037500000000E+007, +1.816250E-012
+5.02525000000000E+007, +2.218588E-012
+5.05012500000000E+007, +1.733615E-012
+5.07500000000000E+007, +2.984389E-012
+5.09987500000000E+007, +2.518210E-012
+5.12475000000000E+007, +2.420226E-012
+5.14962500000000E+007, +2.786680E-012
+5.17450000000000E+007, +2.536484E-012
+5.19937500000000E+007, +1.394427E-012
+5.22425000000000E+007, +2.453145E-012
+5.24912500000000E+007, +1.658754E-012
+5.27400000000000E+007, +1.757604E-012
+5.29887500000000E+007, +1.912894E-012
+5.32375000000000E+007, +1.935014E-012
+5.34862500000000E+007, +1.539654E-012
+5.37350000000000E+007, +1.893702E-012
+5.39837500000000E+007, +4.066017E-012
+5.42325000000000E+007, +2.184966E-012
+5.44812500000000E+007, +2.567025E-012
+5.47300000000000E+007, +2.254907E-012
+5.49787500000000E+007, +1.977473E-012
+5.52275000000000E+007, +2.513696E-012
+5.54762500000000E+007, +2.323537E-012
+5.57250000000000E+007, +1.435583E-012
+5.59737500000000E+007, +1.755577E-012
+5.62225000000000E+007, +2.291986E-012
+5.64712500000000E+007, +2.405458E-012
+5.67200000000000E+007, +1.924765E-012
+5.69687500000000E+007, +2.079249E-012
+5.72175000000000E+007, +1.952957E-012
+5.74662500000000E+007, +2.095245E-012
+5.77150000000000E+007, +2.159039E-012
+5.79637500000000E+007, +1.921815E-012
+5.82125000000000E+007, +2.467312E-012
+5.84612500000000E+007, +1.945079E-012
+5.87100000000000E+007, +2.071049E-012
+5.89587500000000E+007, +2.413518E-012
+5.92075000000000E+007, +2.526436E-012
+5.94562500000000E+007, +1.985535E-012
+5.97050000000000E+007, +2.185204E-012
+5.99537500000000E+007, +2.825516E-012
+6.02025000000000E+007, +2.196039E-012
+6.04512500000000E+007, +3.044253E-012
+6.07000000000000E+007, +2.064637E-012
+6.09487500000000E+007, +2.129958E-012
+6.11975000000000E+007, +2.804277E-012
+6.14462500000000E+007, +1.488122E-012
+6.16950000000000E+007, +1.712485E-012
+6.19437500000000E+007, +2.812156E-012
+6.21925000000000E+007, +2.542980E-012
+6.24412500000000E+007, +2.189556E-012
+6.26900000000000E+007, +2.235888E-012
+6.29387500000000E+007, +2.194940E-012
+6.31875000000000E+007, +2.262745E-012
+6.34362500000000E+007, +2.724337E-012
+6.36850000000000E+007, +2.623851E-012
+6.39337500000000E+007, +3.289823E-012
+6.41825000000000E+007, +3.512233E-012
+6.44312500000000E+007, +2.307946E-012
+6.46800000000000E+007, +2.815691E-012
+6.49287500000000E+007, +1.689581E-012
+6.51775000000000E+007, +2.280850E-012
+6.54262500000000E+007, +2.555877E-012
+6.56750000000000E+007, +2.061962E-012
+6.59237500000000E+007, +2.419750E-012
+6.61725000000000E+007, +1.818488E-012
+6.64212500000000E+007, +7.659890E-012
+6.66700000000000E+007, +2.003562E-012
+6.69187500000000E+007, +1.794778E-012
+6.71675000000000E+007, +2.739421E-012
+6.74162500000000E+007, +3.095942E-012
+6.76650000000000E+007, +1.671556E-012
+6.79137500000000E+007, +2.819760E-012
+6.81625000000000E+007, +2.493205E-012
+6.84112500000000E+007, +2.434922E-012
+6.86600000000000E+007, +2.431199E-012
+6.89087500000000E+007, +1.838887E-012
+6.91575000000000E+007, +2.471211E-012
+6.94062500000000E+007, +2.045288E-012
+6.96550000000000E+007, +2.306706E-012
+6.99037500000000E+007, +1.348226E-012
+7.01525000000000E+007, +2.043759E-012
+7.04012500000000E+007, +1.921429E-012
+7.06500000000000E+007, +2.473341E-012
+7.08987500000000E+007, +3.390088E-012
+7.11475000000000E+007, +2.089490E-012
+7.13962500000000E+007, +2.250843E-012
+7.16450000000000E+007, +2.266764E-012
+7.18937500000000E+007, +2.736592E-012
+7.21425000000000E+007, +2.190223E-012
+7.23912500000000E+007, +1.753130E-012
+7.26400000000000E+007, +2.947985E-012
+7.28887500000000E+007, +1.952670E-012
+7.31375000000000E+007, +1.653227E-012
+7.33862500000000E+007, +2.079546E-012
+7.36350000000000E+007, +2.938214E-012
+7.38837500000000E+007, +2.397541E-012
+7.41325000000000E+007, +2.349249E-012
+7.43812500000000E+007, +2.682436E-012
+7.46300000000000E+007, +1.766220E-012
+7.48787500000000E+007, +1.696507E-012
+7.51275000000000E+007, +1.781992E-012
+7.53762500000000E+007, +2.494480E-012
+7.56250000000000E+007, +2.599859E-012
+7.58737500000000E+007, +1.575763E-012
+7.61225000000000E+007, +2.298154E-012
+7.63712500000000E+007, +1.620885E-012
+7.66200000000000E+007, +1.761296E-012
+7.68687500000000E+007, +2.171431E-012
+7.71175000000000E+007, +2.545002E-012
+7.73662500000000E+007, +2.262270E-012
+7.76150000000000E+007, +3.017214E-012
+7.78637500000000E+007, +1.626389E-012
+7.81125000000000E+007, +2.008191E-012
+7.83612500000000E+007, +2.529449E-012
+7.86100000000000E+007, +3.149192E-012
+7.88587500000000E+007, +2.376680E-012
+7.91075000000000E+007, +2.014721E-012
+7.93562500000000E+007, +2.170234E-012
+7.96050000000000E+007, +2.304903E-012
+7.98537500000000E+007, +2.522465E-012
+8.01025000000000E+007, +2.310650E-012
+8.03512500000000E+007, +2.130529E-012
+8.06000000000000E+007, +3.006914E-012
+8.08487500000000E+007, +2.494527E-012
+8.10975000000000E+007, +3.472666E-012
+8.13462500000000E+007, +2.757864E-012
+8.15950000000000E+007, +3.455758E-012
+8.18437500000000E+007, +2.716791E-012
+8.20925000000000E+007, +2.143876E-012
+8.23412500000000E+007, +2.706682E-012
+8.25900000000000E+007, +1.373799E-012
+8.28387500000000E+007, +2.543711E-012
+8.30875000000000E+007, +3.238412E-012
+8.33362500000000E+007, +3.031524E-012
+8.35850000000000E+007, +3.251899E-012
+8.38337500000000E+007, +2.297318E-012
+8.40825000000000E+007, +2.864476E-012
+8.43312500000000E+007, +3.024329E-012
+8.45800000000000E+007, +2.367951E-012
+8.48287500000000E+007, +2.656561E-012
+8.50775000000000E+007, +2.326271E-012
+8.53262500000000E+007, +2.265017E-012
+8.55750000000000E+007, +2.528773E-012
+8.58237500000000E+007, +2.071262E-012
+8.60725000000000E+007, +2.064473E-012
+8.63212500000000E+007, +2.306397E-012
+8.65700000000000E+007, +2.269332E-012
+8.68187500000000E+007, +2.360805E-012
+8.70675000000000E+007, +2.534631E-012
+8.73162500000000E+007, +2.544798E-012
+8.75650000000000E+007, +2.529919E-012
+8.78137500000000E+007, +1.697101E-012
+8.80625000000000E+007, +3.220947E-012
+8.83112500000000E+007, +2.606032E-012
+8.85600000000000E+007, +2.880319E-012
+8.88087500000000E+007, +3.342819E-012
+8.90575000000000E+007, +2.199782E-012
+8.93062500000000E+007, +2.469817E-012
+8.95550000000000E+007, +2.558585E-012
+8.98037500000000E+007, +2.511064E-012
+9.00525000000000E+007, +3.089746E-012
+9.03012500000000E+007, +2.854222E-012
+9.05500000000000E+007, +2.447802E-012
+9.07987500000000E+007, +2.179724E-012
+9.10475000000000E+007, +2.178259E-012
+9.12962500000000E+007, +4.246750E-012
+9.15450000000000E+007, +2.477581E-012
+9.17937500000000E+007, +1.955252E-012
+9.20425000000000E+007, +2.491866E-012
+9.22912500000000E+007, +3.275057E-012
+9.25400000000000E+007, +3.302888E-012
+9.27887500000000E+007, +2.785682E-012
+9.30375000000000E+007, +3.295161E-012
+9.32862500000000E+007, +2.874092E-012
+9.35350000000000E+007, +3.713668E-012
+9.37837500000000E+007, +2.955598E-012
+9.40325000000000E+007, +2.780758E-012
+9.42812500000000E+007, +2.652051E-012
+9.45300000000000E+007, +3.089160E-012
+9.47787500000000E+007, +2.672097E-012
+9.50275000000000E+007, +2.215051E-012
+9.52762500000000E+007, +2.625219E-012
+9.55250000000000E+007, +2.871417E-012
+9.57737500000000E+007, +2.595537E-012
+9.60225000000000E+007, +2.903957E-012
+9.62712500000000E+007, +2.974547E-012
+9.65200000000000E+007, +2.519426E-012
+9.67687500000000E+007, +2.630424E-012
+9.70175000000000E+007, +2.864018E-012
+9.72662500000000E+007, +2.341151E-012
+9.75150000000000E+007, +2.574515E-012
+9.77637500000000E+007, +3.140781E-012
+9.80125000000000E+007, +2.823828E-012
+9.82612500000000E+007, +2.306118E-012
+9.85100000000000E+007, +2.750584E-012
+9.87587500000000E+007, +2.537225E-012
+9.90075000000000E+007, +3.240211E-012
+9.92562500000000E+007, +2.704042E-012
+9.95050000000000E+007, +5.089665E-012
+9.97537500000000E+007, +2.593422E-012
+1.00002500000000E+008, +2.442665E-012
+1.00251250000000E+008, +2.465674E-012
+1.00500000000000E+008, +2.133481E-012
+1.00748750000000E+008, +3.422576E-012
+1.00997500000000E+008, +3.143484E-012
+1.01246250000000E+008, +2.454591E-012
+1.01495000000000E+008, +2.771041E-012
+1.01743750000000E+008, +2.754500E-012
+1.01992500000000E+008, +2.926177E-012
+1.02241250000000E+008, +2.544608E-012
+1.02490000000000E+008, +3.727911E-012
+1.02738750000000E+008, +2.756665E-012
+1.02987500000000E+008, +2.112625E-012
+1.03236250000000E+008, +2.467431E-012
+1.03485000000000E+008, +2.578191E-012
+1.03733750000000E+008, +2.629848E-012
+1.03982500000000E+008, +2.358517E-012
+1.04231250000000E+008, +2.945621E-012
+1.04480000000000E+008, +2.847086E-012
+1.04728750000000E+008, +2.858895E-012
+1.04977500000000E+008, +2.952661E-012
+1.05226250000000E+008, +2.647075E-012
+1.05475000000000E+008, +2.647828E-012
+1.05723750000000E+008, +2.832818E-012
+1.05972500000000E+008, +2.422039E-012
+1.06221250000000E+008, +2.354597E-012
+1.06470000000000E+008, +3.097877E-012
+1.06718750000000E+008, +2.257478E-012
+1.06967500000000E+008, +2.939202E-012
+1.07216250000000E+008, +3.267243E-012
+1.07465000000000E+008, +2.370783E-012
+1.07713750000000E+008, +2.899629E-012
+1.07962500000000E+008, +2.515504E-012
+1.08211250000000E+008, +2.853934E-012
+1.08460000000000E+008, +3.107567E-012
+1.08708750000000E+008, +3.418862E-012
+1.08957500000000E+008, +2.366483E-012
+1.09206250000000E+008, +2.669465E-012
+1.09455000000000E+008, +2.378688E-012
+1.09703750000000E+008, +2.620008E-012
+1.09952500000000E+008, +1.805805E-012
+1.10201250000000E+008, +2.995682E-012
+1.10450000000000E+008, +2.886357E-012
+1.10698750000000E+008, +2.104489E-008
+1.10947500000000E+008, +3.577567E-012
+1.11196250000000E+008, +3.471217E-012
+1.11445000000000E+008, +3.259056E-012
+1.11693750000000E+008, +2.397970E-012
+1.11942500000000E+008, +1.878011E-012
+1.12191250000000E+008, +2.287098E-012
+1.12440000000000E+008, +2.301891E-012
+1.12688750000000E+008, +3.245774E-012
+1.12937500000000E+008, +3.170924E-012
+1.13186250000000E+008, +2.700302E-012
+1.13435000000000E+008, +2.146649E-012
+1.13683750000000E+008, +2.563105E-012
+1.13932500000000E+008, +2.569772E-012
+1.14181250000000E+008, +3.945761E-012
+1.14430000000000E+008, +2.691769E-012
+1.14678750000000E+008, +2.645647E-012
+1.14927500000000E+008, +2.949076E-012
+1.15176250000000E+008, +3.082023E-012
+1.15425000000000E+008, +3.647347E-012
+1.15673750000000E+008, +2.201240E-012
+1.15922500000000E+008, +4.272473E-012
+1.16171250000000E+008, +2.313747E-012
+1.16420000000000E+008, +3.519412E-012
+1.16668750000000E+008, +2.178728E-012
+1.16917500000000E+008, +2.376190E-012
+1.17166250000000E+008, +2.511358E-012
+1.17415000000000E+008, +3.001936E-012
+1.17663750000000E+008, +3.307320E-012
+1.17912500000000E+008, +3.007616E-012
+1.18161250000000E+008, +2.178974E-012
+1.18410000000000E+008, +1.625331E-012
+1.18658750000000E+008, +2.748166E-012
+1.18907500000000E+008, +2.534592E-012
+1.19156250000000E+008, +2.014922E-012
+1.19405000000000E+008, +3.551425E-012
+1.19653750000000E+008, +2.575020E-012
+1.19902500000000E+008, +2.730463E-012
+1.20151250000000E+008, +2.774956E-012
+1.20400000000000E+008, +2.622391E-012
+1.20648750000000E+008, +2.416752E-012
+1.20897500000000E+008, +2.144303E-012
+1.21146250000000E+008, +4.127867E-012
+1.21395000000000E+008, +1.940041E-012
+1.21643750000000E+008, +6.495866E-010
+1.21892500000000E+008, +5.817314E-010
+1.22141250000000E+008, +4.080020E-012
+1.22390000000000E+008, +3.698115E-012
+1.22638750000000E+008, +3.447179E-012
+1.22887500000000E+008, +3.374245E-012
+1.23136250000000E+008, +2.307753E-012
+1.23385000000000E+008, +4.477505E-012
+1.23633750000000E+008, +1.881967E-012
+1.23882500000000E+008, +2.686372E-012
+1.24131250000000E+008, +2.981462E-012
+1.24380000000000E+008, +2.498360E-012
+1.24628750000000E+008, +2.952009E-012
+1.24877500000000E+008, +3.011423E-012
+1.25126250000000E+008, +2.338204E-012
+1.25375000000000E+008, +2.302925E-012
+1.25623750000000E+008, +1.928381E-012
+1.25872500000000E+008, +3.135411E-012
+1.26121250000000E+008, +2.117781E-012
+1.26370000000000E+008, +2.924278E-012
+1.26618750000000E+008, +2.851273E-012
+1.26867500000000E+008, +2.960758E-012
+1.27116250000000E+008, +2.461126E-012
+1.27365000000000E+008, +3.677093E-012
+1.27613750000000E+008, +1.956870E-012
+1.27862500000000E+008, +3.722852E-012
+1.28111250000000E+008, +3.937641E-012
+1.28360000000000E+008, +2.704278E-012
+1.28608750000000E+008, +2.918314E-012
+1.28857500000000E+008, +2.327750E-012
+1.29106250000000E+008, +3.552304E-012
+1.29355000000000E+008, +3.438306E-012
+1.29603750000000E+008, +2.816041E-012
+1.29852500000000E+008, +3.579582E-012
+1.30101250000000E+008, +2.706697E-012
+1.30350000000000E+008, +3.397096E-012
+1.30598750000000E+008, +3.521901E-012
+1.30847500000000E+008, +2.756499E-012
+1.31096250000000E+008, +2.964388E-012
+1.31345000000000E+008, +3.439884E-012
+1.31593750000000E+008, +2.588269E-012
+1.31842500000000E+008, +2.408618E-012
+1.32091250000000E+008, +2.397864E-012
+1.32340000000000E+008, +3.103365E-012
+1.32588750000000E+008, +4.309593E-012
+1.32837500000000E+008, +3.782291E-009
+1.33086250000000E+008, +3.034393E-012
+1.33335000000000E+008, +2.647114E-012
+1.33583750000000E+008, +2.758621E-012
+1.33832500000000E+008, +2.702429E-012
+1.34081250000000E+008, +2.793249E-012
+1.34330000000000E+008, +2.985180E-012
+1.34578750000000E+008, +3.121620E-012
+1.34827500000000E+008, +3.083459E-012
+1.35076250000000E+008, +3.341632E-012
+1.35325000000000E+008, +3.078761E-012
+1.35573750000000E+008, +2.757624E-012
+1.35822500000000E+008, +3.125434E-012
+1.36071250000000E+008, +2.226506E-012
+1.36320000000000E+008, +4.262554E-012
+1.36568750000000E+008, +2.871478E-012
+1.36817500000000E+008, +3.140776E-012
+1.37066250000000E+008, +2.348677E-012
+1.37315000000000E+008, +3.100463E-012
+1.37563750000000E+008, +3.597221E-012
+1.37812500000000E+008, +2.923989E-012
+1.38061250000000E+008, +2.082721E-012
+1.38310000000000E+008, +2.333375E-012
+1.38558750000000E+008, +2.900056E-012
+1.38807500000000E+008, +2.365616E-012
+1.39056250000000E+008, +3.517664E-012
+1.39305000000000E+008, +2.956275E-012
+1.39553750000000E+008, +2.037948E-012
+1.39802500000000E+008, +2.828918E-012
+1.40051250000000E+008, +2.588030E-012
+1.40300000000000E+008, +1.885971E-012
+1.40548750000000E+008, +3.069656E-012
+1.40797500000000E+008, +3.899347E-012
+1.41046250000000E+008, +3.582701E-012
+1.41295000000000E+008, +4.144875E-012
+1.41543750000000E+008, +2.739798E-012
+1.41792500000000E+008, +2.907281E-012
+1.42041250000000E+008, +2.916240E-012
+1.42290000000000E+008, +2.991556E-012
+1.42538750000000E+008, +3.145592E-012
+1.42787500000000E+008, +2.956058E-012
+1.43036250000000E+008, +3.502156E-012
+1.43285000000000E+008, +3.926573E-012
+1.43533750000000E+008, +3.947592E-012
+1.43782500000000E+008, +2.944015E-012
+1.44031250000000E+008, +1.014543E-011
+1.44280000000000E+008, +3.561100E-012
+1.44528750000000E+008, +3.155405E-012
+1.44777500000000E+008, +2.325291E-012
+1.45026250000000E+008, +3.185819E-012
+1.45275000000000E+008, +2.427764E-012
+1.45523750000000E+008, +2.992407E-012
+1.45772500000000E+008, +4.025846E-012
+1.46021250000000E+008, +2.873161E-012
+1.46270000000000E+008, +2.529644E-012
+1.46518750000000E+008, +2.963088E-012
+1.46767500000000E+008, +2.773918E-012
+1.47016250000000E+008, +2.597793E-012
+1.47265000000000E+008, +2.250024E-012
+1.47513750000000E+008, +2.457852E-012
+1.47762500000000E+008, +4.257182E-012
+1.48011250000000E+008, +2.815177E-012
+1.48260000000000E+008, +2.813398E-012
+1.48508750000000E+008, +1.982766E-012
+1.48757500000000E+008, +2.405600E-012
+1.49006250000000E+008, +2.945113E-012
+1.49255000000000E+008, +2.998093E-012
+1.49503750000000E+008, +2.262365E-012
+1.49752500000000E+008, +2.661775E-012
+1.50001250000000E+008, +2.363128E-012
+1.50250000000000E+008, +2.382934E-012
+1.50498750000000E+008, +2.735629E-012
+1.50747500000000E+008, +2.515388E-012
+1.50996250000000E+008, +3.256944E-012
+1.51245000000000E+008, +3.023096E-012
+1.51493750000000E+008, +3.146474E-012
+1.51742500000000E+008, +3.623952E-012
+1.51991250000000E+008, +3.179868E-012
+1.52240000000000E+008, +3.014950E-012
+1.52488750000000E+008, +2.603352E-012
+1.52737500000000E+008, +2.125492E-012
+1.52986250000000E+008, +2.142125E-012
+1.53235000000000E+008, +2.554939E-012
+1.53483750000000E+008, +3.693220E-012
+1.53732500000000E+008, +2.341980E-012
+1.53981250000000E+008, +3.370281E-012
+1.54230000000000E+008, +3.019982E-012
+1.54478750000000E+008, +3.515326E-012
+1.54727500000000E+008, +2.196119E-012
+1.54976250000000E+008, +2.957060E-011
+1.55225000000000E+008, +2.156511E-012
+1.55473750000000E+008, +2.330058E-012
+1.55722500000000E+008, +4.129469E-012
+1.55971250000000E+008, +3.656712E-012
+1.56220000000000E+008, +2.689263E-012
+1.56468750000000E+008, +3.304996E-012
+1.56717500000000E+008, +3.345982E-012
+1.56966250000000E+008, +3.906543E-012
+1.57215000000000E+008, +4.607874E-012
+1.57463750000000E+008, +3.218998E-012
+1.57712500000000E+008, +2.327181E-012
+1.57961250000000E+008, +2.805015E-012
+1.58210000000000E+008, +2.645645E-012
+1.58458750000000E+008, +2.802160E-012
+1.58707500000000E+008, +1.993165E-012
+1.58956250000000E+008, +3.131064E-012
+1.59205000000000E+008, +3.173653E-012
+1.59453750000000E+008, +2.524406E-012
+1.59702500000000E+008, +2.871478E-012
+1.59951250000000E+008, +3.601772E-012
+1.60200000000000E+008, +3.088077E-012
+1.60448750000000E+008, +2.953383E-012
+1.60697500000000E+008, +3.350906E-012
+1.60946250000000E+008, +2.226627E-012
+1.61195000000000E+008, +2.603096E-012
+1.61443750000000E+008, +2.763511E-012
+1.61692500000000E+008, +3.042468E-012
+1.61941250000000E+008, +2.804729E-012
+1.62190000000000E+008, +2.322582E-012
+1.62438750000000E+008, +2.803380E-012
+1.62687500000000E+008, +3.189213E-012
+1.62936250000000E+008, +2.775455E-012
+1.63185000000000E+008, +3.136711E-012
+1.63433750000000E+008, +3.022889E-012
+1.63682500000000E+008, +2.797350E-012
+1.63931250000000E+008, +3.837892E-012
+1.64180000000000E+008, +2.987002E-012
+1.64428750000000E+008, +2.990622E-012
+1.64677500000000E+008, +3.026055E-012
+1.64926250000000E+008, +2.767705E-012
+1.65175000000000E+008, +2.664758E-012
+1.65423750000000E+008, +2.590730E-012
+1.65672500000000E+008, +2.599294E-012
+1.65921250000000E+008, +2.741093E-012
+1.66170000000000E+008, +2.829786E-011
+1.66418750000000E+008, +3.719330E-012
+1.66667500000000E+008, +3.478225E-012
+1.66916250000000E+008, +2.490499E-012
+1.67165000000000E+008, +2.615992E-012
+1.67413750000000E+008, +2.521553E-012
+1.67662500000000E+008, +2.665255E-012
+1.67911250000000E+008, +2.698586E-012
+1.68160000000000E+008, +2.720845E-012
+1.68408750000000E+008, +2.876127E-012
+1.68657500000000E+008, +3.123758E-012
+1.68906250000000E+008, +2.222147E-012
+1.69155000000000E+008, +2.874950E-012
+1.69403750000000E+008, +3.506028E-012
+1.69652500000000E+008, +2.742288E-012
+1.69901250000000E+008, +3.418935E-012
+1.70150000000000E+008, +2.704018E-012
+1.70398750000000E+008, +3.743911E-012
+1.70647500000000E+008, +2.551314E-012
+1.70896250000000E+008, +2.553044E-012
+1.71145000000000E+008, +3.617455E-012
+1.71393750000000E+008, +2.921787E-012
+1.71642500000000E+008, +2.505181E-012
+1.71891250000000E+008, +3.590396E-012
+1.72140000000000E+008, +3.549473E-012
+1.72388750000000E+008, +3.014593E-012
+1.72637500000000E+008, +2.523551E-012
+1.72886250000000E+008, +3.072512E-012
+1.73135000000000E+008, +2.995644E-012
+1.73383750000000E+008, +3.728841E-012
+1.73632500000000E+008, +2.622604E-012
+1.73881250000000E+008, +2.584115E-012
+1.74130000000000E+008, +3.603063E-012
+1.74378750000000E+008, +3.881253E-012
+1.74627500000000E+008, +4.231730E-012
+1.74876250000000E+008, +2.660403E-012
+1.75125000000000E+008, +2.433702E-012
+1.75373750000000E+008, +2.297976E-012
+1.75622500000000E+008, +3.302402E-012
+1.75871250000000E+008, +2.068863E-012
+1.76120000000000E+008, +2.802078E-012
+1.76368750000000E+008, +2.798669E-012
+1.76617500000000E+008, +3.159595E-012
+1.76866250000000E+008, +4.046515E-012
+1.77115000000000E+008, +3.754240E-010
+1.77363750000000E+008, +1.543068E-012
+1.77612500000000E+008, +2.188214E-012
+1.77861250000000E+008, +3.942326E-012
+1.78110000000000E+008, +3.994020E-012
+1.78358750000000E+008, +2.482937E-012
+1.78607500000000E+008, +2.286085E-012
+1.78856250000000E+008, +2.564348E-012
+1.79105000000000E+008, +3.572094E-012
+1.79353750000000E+008, +3.078613E-012
+1.79602500000000E+008, +2.039420E-012
+1.79851250000000E+008, +2.761554E-012
+1.80100000000000E+008, +4.385159E-012
+1.80348750000000E+008, +3.647374E-012
+1.80597500000000E+008, +3.120497E-012
+1.80846250000000E+008, +2.365296E-012
+1.81095000000000E+008, +2.754094E-012
+1.81343750000000E+008, +3.461544E-012
+1.81592500000000E+008, +3.092244E-012
+1.81841250000000E+008, +2.650911E-012
+1.82090000000000E+008, +3.309509E-012
+1.82338750000000E+008, +3.637556E-012
+1.82587500000000E+008, +3.688057E-012
+1.82836250000000E+008, +2.767365E-012
+1.83085000000000E+008, +2.915209E-012
+1.83333750000000E+008, +4.088486E-012
+1.83582500000000E+008, +2.972627E-012
+1.83831250000000E+008, +2.848439E-012
+1.84080000000000E+008, +2.690435E-012
+1.84328750000000E+008, +2.104148E-012
+1.84577500000000E+008, +2.830223E-012
+1.84826250000000E+008, +3.261114E-012
+1.85075000000000E+008, +3.178762E-012
+1.85323750000000E+008, +2.521883E-012
+1.85572500000000E+008, +2.299942E-012
+1.85821250000000E+008, +3.133083E-012
+1.86070000000000E+008, +3.193724E-012
+1.86318750000000E+008, +2.100985E-012
+1.86567500000000E+008, +4.495717E-012
+1.86816250000000E+008, +2.878529E-012
+1.87065000000000E+008, +2.490048E-012
+1.87313750000000E+008, +3.341663E-012
+1.87562500000000E+008, +3.986192E-012
+1.87811250000000E+008, +2.872903E-012
+1.88060000000000E+008, +3.678070E-012
+1.88308750000000E+008, +6.808728E-012
+1.88557500000000E+008, +3.619033E-012
+1.88806250000000E+008, +2.454930E-012
+1.89055000000000E+008, +2.515249E-012
+1.89303750000000E+008, +2.914487E-012
+1.89552500000000E+008, +3.818694E-012
+1.89801250000000E+008, +2.651405E-012
+1.90050000000000E+008, +2.104470E-012
+1.90298750000000E+008, +3.927318E-012
+1.90547500000000E+008, +3.809903E-012
+1.90796250000000E+008, +2.470225E-012
+1.91045000000000E+008, +3.503078E-012
+1.91293750000000E+008, +2.093851E-012
+1.91542500000000E+008, +4.233533E-012
+1.91791250000000E+008, +2.590704E-012
+1.92040000000000E+008, +4.248138E-012
+1.92288750000000E+008, +3.218765E-012
+1.92537500000000E+008, +2.603864E-012
+1.92786250000000E+008, +2.820581E-012
+1.93035000000000E+008, +3.437714E-012
+1.93283750000000E+008, +3.025343E-012
+1.93532500000000E+008, +2.749915E-012
+1.93781250000000E+008, +3.750543E-012
+1.94030000000000E+008, +4.948068E-012
+1.94278750000000E+008, +3.977486E-012
+1.94527500000000E+008, +2.654756E-012
+1.94776250000000E+008, +4.381728E-012
+1.95025000000000E+008, +2.882246E-012
+1.95273750000000E+008, +3.909388E-012
+1.95522500000000E+008, +3.802370E-012
+1.95771250000000E+008, +2.842518E-012
+1.96020000000000E+008, +2.612522E-012
+1.96268750000000E+008, +1.896155E-012
+1.96517500000000E+008, +2.807155E-012
+1.96766250000000E+008, +2.998643E-012
+1.97015000000000E+008, +3.080198E-012
+1.97263750000000E+008, +3.582243E-012
+1.97512500000000E+008, +2.286582E-012
+1.97761250000000E+008, +2.960228E-012
+1.98010000000000E+008, +3.005233E-012
+1.98258750000000E+008, +3.255882E-012
+1.98507500000000E+008, +2.929798E-012
+1.98756250000000E+008, +3.228906E-012
+1.99005000000000E+008, +3.483568E-012
+1.99253750000000E+008, +1.314432E-011
+1.99502500000000E+008, +3.878786E-012
+1.99751250000000E+008, +3.037181E-012
+2.00000000000000E+008, +3.661055E-012
