+1.00000000000000E+005, -1.088927E+000, -1.205792E+000
+1.00667043000000E+005, -1.027954E+000, -1.204716E+000
+1.01334086000000E+005, -1.043418E+000, -9.893115E-001
+1.02001129000000E+005, -1.024850E+000, -1.016847E+000
+1.02668171000000E+005, -1.059247E+000, -9.436964E-001
+1.03335214000000E+005, -1.038538E+000, -9.896657E-001
+1.04002257000000E+005, -9.402138E-001, -9.518876E-001
+1.04669300000000E+005, -1.000233E+000, -8.976481E-001
+1.05336343000000E+005, -9.941560E-001, -9.160556E-001
+1.06003386000000E+005, -9.111117E-001, -9.284941E-001
+1.06670429000000E+005, -9.495294E-001, -9.094975E-001
+1.07337471000000E+005, -9.654991E-001, -9.013149E-001
+1.08004514000000E+005, -9.392773E-001, -8.461809E-001
+1.08671557000000E+005, -9.515188E-001, -8.556328E-001
+1.09338600000000E+005, -9.390724E-001, -8.466219E-001
+1.10005643000000E+005, -8.809296E-001, -9.526038E-001
+1.10672686000000E+005, -8.807291E-001, -8.780924E-001
+1.11339729000000E+005, -9.089340E-001, -9.298820E-001
+1.12006771000000E+005, -9.482188E-001, -9.119942E-001
+1.12673814000000E+005, -9.457808E-001, -9.686300E-001
+1.13340857000000E+005, -9.787558E-001, -8.703506E-001
+1.14007900000000E+005, -9.823067E-001, -8.182096E-001
+1.14674943000000E+005, -9.542148E-001, -8.209649E-001
+1.15341986000000E+005, -9.268125E-001, -7.995104E-001
+1.16009029000000E+005, -9.722956E-001, -7.966388E-001
+1.16676071000000E+005, -9.251386E-001, -7.709650E-001
+1.17343114000000E+005, -9.168574E-001, -7.778351E-001
+1.18010157000000E+005, -9.197872E-001, -7.639618E-001
+1.18677200000000E+005, -9.308532E-001, -7.335297E-001
+1.19344243000000E+005, -8.975999E-001, -7.337261E-001
+1.20011286000000E+005, -9.113945E-001, -7.237391E-001
+1.20678329000000E+005, -8.827090E-001, -7.169793E-001
+1.21345372000000E+005, -9.021583E-001, -7.210142E-001
+1.22012414000000E+005, -8.958868E-001, -7.294903E-001
+1.22679457000000E+005, -8.767697E-001, -6.620373E-001
+1.23346500000000E+005, -8.642316E-001, -6.560276E-001
+1.24013543000000E+005, -8.956938E-001, -6.698478E-001
+1.24680586000000E+005, -8.669727E-001, -6.656421E-001
+1.25347629000000E+005, -8.340685E-001, -6.298609E-001
+1.26014672000000E+005, -7.921684E-001, -5.733025E-001
+1.26681714000000E+005, -8.094159E-001, -5.436873E-001
+1.27348757000000E+005, -6.896572E-001, -5.804303E-001
+1.28015800000000E+005, -6.660125E-001, -6.260004E-001
+1.28682843000000E+005, -6.920142E-001, -6.348931E-001
+1.29349886000000E+005, -6.334397E-001, -6.701033E-001
+1.30016929000000E+005, -6.294127E-001, -6.480275E-001
+1.30683972000000E+005, -6.093287E-001, -7.986411E-001
+1.31351014000000E+005, -6.748373E-001, -7.442304E-001
+1.32018057000000E+005, -6.574187E-001, -7.885367E-001
+1.32685100000000E+005, -7.586882E-001, -7.796739E-001
+1.33352143000000E+005, -7.622833E-001, -7.910331E-001
+1.34121994000000E+005, -7.616690E-001, -8.183267E-001
+1.35013952000000E+005, -8.283908E-001, -7.217576E-001
+1.35905910000000E+005, -7.710648E-001, -6.924965E-001
+1.36797868000000E+005, -8.163694E-001, -6.655442E-001
+1.37689826000000E+005, -8.324975E-001, -7.199512E-001
+1.38581785000000E+005, -8.106759E-001, -6.771859E-001
+1.39473743000000E+005, -8.197514E-001, -6.563325E-001
+1.40365701000000E+005, -7.884939E-001, -6.189232E-001
+1.41257659000000E+005, -7.906350E-001, -6.519912E-001
+1.42149617000000E+005, -8.031582E-001, -6.500347E-001
+1.43041575000000E+005, -7.911569E-001, -6.224186E-001
+1.43933533000000E+005, -8.154743E-001, -6.189497E-001
+1.44825491000000E+005, -8.046352E-001, -6.157299E-001
+1.45717449000000E+005, -7.875454E-001, -5.778546E-001
+1.46609407000000E+005, -7.864980E-001, -5.790709E-001
+1.47501366000000E+005, -7.770302E-001, -5.971395E-001
+1.48393324000000E+005, -7.992769E-001, -5.592833E-001
+1.49285282000000E+005, -2.419333E-001, -4.216710E-001
+1.50177240000000E+005, -7.915642E-001, -5.528935E-001
+1.51069198000000E+005, -7.926378E-001, -5.676306E-001
+1.51961156000000E+005, -7.944659E-001, -5.335819E-001
+1.52853114000000E+005, -8.042036E-001, -5.078555E-001
+1.53745072000000E+005, -7.893152E-001, -5.071357E-001
+1.54637030000000E+005, -7.718757E-001, -4.764961E-001
+1.55528988000000E+005, -7.878859E-001, -4.844387E-001
+1.56420947000000E+005, -7.557736E-001, -4.823045E-001
+1.57312905000000E+005, -7.831272E-001, -4.324316E-001
+1.58204863000000E+005, -7.504935E-001, -4.497281E-001
+1.59096821000000E+005, -7.334421E-001, -4.541752E-001
+1.59988779000000E+005, -7.477089E-001, -4.298389E-001
+1.60880737000000E+005, -7.058326E-001, -4.271575E-001
+1.61772695000000E+005, -7.151260E-001, -4.278454E-001
+1.62664653000000E+005, -7.320291E-001, -4.243816E-001
+1.63556611000000E+005, -7.405622E-001, -4.323685E-001
+1.64448569000000E+005, -7.112941E-001, -4.108821E-001
+1.65340528000000E+005, -7.129176E-001, -4.327918E-001
+1.66232486000000E+005, -7.280106E-001, -4.070068E-001
+1.67124444000000E+005, -7.057238E-001, -3.811024E-001
+1.68016402000000E+005, -6.772388E-001, -3.843725E-001
+1.68908360000000E+005, -6.680250E-001, -3.660650E-001
+1.69800318000000E+005, -6.716297E-001, -3.506594E-001
+1.70692276000000E+005, -6.401049E-001, -3.643859E-001
+1.71584234000000E+005, -6.498555E-001, -3.774827E-001
+1.72476192000000E+005, -6.360562E-001, -3.778991E-001
+1.73368150000000E+005, -6.453868E-001, -3.814419E-001
+1.74260109000000E+005, -6.412223E-001, -3.649380E-001
+1.75152067000000E+005, -6.427262E-001, -3.683952E-001
+1.76044025000000E+005, -6.307946E-001, -3.642668E-001
+1.76935983000000E+005, -6.515938E-001, -3.767712E-001
+1.77827941000000E+005, -6.419352E-001, -3.640980E-001
+1.78854553000000E+005, -6.144772E-001, -3.663433E-001
+1.80043998000000E+005, -6.139272E-001, -3.715786E-001
+1.81233444000000E+005, -6.307862E-001, -3.757637E-001
+1.82422889000000E+005, -6.455278E-001, -3.621406E-001
+1.83612334000000E+005, -6.231239E-001, -3.315813E-001
+1.84801779000000E+005, -6.383733E-001, -3.394298E-001
+1.85991225000000E+005, -6.318965E-001, -3.292866E-001
+1.87180670000000E+005, -6.093522E-001, -3.152285E-001
+1.88370115000000E+005, -6.208299E-001, -3.049830E-001
+1.89559560000000E+005, -5.949147E-001, -3.104480E-001
+1.90749006000000E+005, -6.008301E-001, -3.227392E-001
+1.91938451000000E+005, -5.875545E-001, -3.136623E-001
+1.93127896000000E+005, -6.024737E-001, -3.130000E-001
+1.94317341000000E+005, -5.919450E-001, -3.017806E-001
+1.95506787000000E+005, -5.822417E-001, -3.052208E-001
+1.96696232000000E+005, -5.823474E-001, -2.929739E-001
+1.97885677000000E+005, -5.843075E-001, -2.823237E-001
+1.99075123000000E+005, -5.853305E-001, -2.686039E-001
+2.00264568000000E+005, -5.651222E-001, -2.853377E-001
+2.01454013000000E+005, -5.630484E-001, -2.730032E-001
+2.02643458000000E+005, -5.512823E-001, -2.838155E-001
+2.03832904000000E+005, -5.501693E-001, -2.836534E-001
+2.05022349000000E+005, -5.735953E-001, -2.875252E-001
+2.06211794000000E+005, -5.526878E-001, -2.897119E-001
+2.07401239000000E+005, -5.938420E-001, -3.018774E-001
+2.08590685000000E+005, -5.890406E-001, -2.723658E-001
+2.09780130000000E+005, -5.406467E-001, -2.577618E-001
+2.10969575000000E+005, -5.415962E-001, -2.521457E-001
+2.12159020000000E+005, -5.635709E-001, -2.363435E-001
+2.13348466000000E+005, -5.739049E-001, -2.555890E-001
+2.14537911000000E+005, -5.575945E-001, -2.680219E-001
+2.15727356000000E+005, -5.390800E-001, -2.300806E-001
+2.16916801000000E+005, -5.518985E-001, -2.461504E-001
+2.18106247000000E+005, -5.074511E-001, -2.374355E-001
+2.19295692000000E+005, -5.310474E-001, -2.441981E-001
+2.20485137000000E+005, -5.339924E-001, -2.285451E-001
+2.21674583000000E+005, -5.261455E-001, -2.492419E-001
+2.22864028000000E+005, -5.579154E-001, -2.480195E-001
+2.24053473000000E+005, -5.568968E-001, -2.294315E-001
+2.25242918000000E+005, -5.477805E-001, -2.339459E-001
+2.26432364000000E+005, -5.434711E-001, -2.432788E-001
+2.27621809000000E+005, -5.379258E-001, -2.243790E-001
+2.28811254000000E+005, -5.122992E-001, -2.054598E-001
+2.30000699000000E+005, -5.662835E-001, -2.509872E-001
+2.31190145000000E+005, -5.087619E-001, -1.640450E-001
+2.32379590000000E+005, -4.923473E-001, -2.212751E-001
+2.33569035000000E+005, -5.494781E-001, -2.002062E-001
+2.34758480000000E+005, -5.145804E-001, -2.059710E-001
+2.35947926000000E+005, -5.219443E-001, -1.946058E-001
+2.37137371000000E+005, -5.066800E-001, -1.850602E-001
+2.38506380000000E+005, -4.854843E-001, -1.565859E-001
+2.40092531000000E+005, -4.822339E-001, -1.852543E-001
+2.41678681000000E+005, -5.120091E-001, -1.926375E-001
+2.43264832000000E+005, -4.944607E-001, -1.743724E-001
+2.44850983000000E+005, -4.910055E-001, -1.714942E-001
+2.46437134000000E+005, -4.914817E-001, -1.906633E-001
+2.48023284000000E+005, -5.008274E-001, -1.720861E-001
+2.49609435000000E+005, -4.907511E-001, -1.664567E-001
+2.51195586000000E+005, -4.856732E-001, -1.750233E-001
+2.52781737000000E+005, -4.972581E-001, -1.629894E-001
+2.54367887000000E+005, -4.974535E-001, -1.694861E-001
+2.55954038000000E+005, -4.819501E-001, -1.624497E-001
+2.57540189000000E+005, -4.817557E-001, -1.567872E-001
+2.59126340000000E+005, -4.665797E-001, -1.493707E-001
+2.60712490000000E+005, -4.777218E-001, -1.566070E-001
+2.62298641000000E+005, -4.724259E-001, -1.406093E-001
+2.63884792000000E+005, -4.718924E-001, -1.323933E-001
+2.65470942000000E+005, -4.769481E-001, -1.268563E-001
+2.67057093000000E+005, -4.764215E-001, -1.312193E-001
+2.68643244000000E+005, -4.705727E-001, -1.350600E-001
+2.70229395000000E+005, -4.553566E-001, -1.159639E-001
+2.71815545000000E+005, -4.483382E-001, -1.235422E-001
+2.73401696000000E+005, -4.644725E-001, -1.114242E-001
+2.74987847000000E+005, -4.780191E-001, -1.097571E-001
+2.76573998000000E+005, -4.501708E-001, -1.043508E-001
+2.78160148000000E+005, -4.405496E-001, -1.136069E-001
+2.79746299000000E+005, -4.101205E-001, -8.437504E-002
+2.81332450000000E+005, -4.243499E-001, -8.346653E-002
+2.82918601000000E+005, -4.191898E-001, -9.166753E-002
+2.84504751000000E+005, -4.527108E-001, -8.732225E-002
+2.86090902000000E+005, -4.179027E-001, -1.053976E-001
+2.87677053000000E+005, -4.332756E-001, -1.182041E-001
+2.89263204000000E+005, -4.021708E-001, -1.488325E-001
+2.90849354000000E+005, -4.372418E-001, -1.214299E-001
+2.92435505000000E+005, -4.232022E-001, -1.230544E-001
+2.94021656000000E+005, -4.337525E-001, -1.152738E-001
+2.95607806000000E+005, -4.260600E-001, -1.051712E-001
+2.97193957000000E+005, -4.083214E-001, -1.096852E-001
+2.98780108000000E+005, -4.079249E-001, -3.713359E-003
+3.00366259000000E+005, -4.323581E-001, -1.025030E-001
+3.01952409000000E+005, -4.233883E-001, -1.200455E-001
+3.03538560000000E+005, -4.154820E-001, -1.146486E-001
+3.05124711000000E+005, -4.293279E-001, -9.657031E-002
+3.06710862000000E+005, -4.326423E-001, -9.156973E-002
+3.08297012000000E+005, -4.396761E-001, -1.206051E-001
+3.09883163000000E+005, -4.235675E-001, -1.064178E-001
+3.11469314000000E+005, -4.251801E-001, -8.517359E-002
+3.13055465000000E+005, -4.218829E-001, -9.633888E-002
+3.14641615000000E+005, -4.317151E-001, -9.459293E-002
+3.16227766000000E+005, -4.462282E-001, -1.011424E-001
+3.18053369000000E+005, -4.343822E-001, -9.559478E-002
+3.20168535000000E+005, -4.418538E-001, -8.525543E-002
+3.22283701000000E+005, -4.286635E-001, -9.135695E-002
+3.24398867000000E+005, -4.438731E-001, -7.850996E-002
+3.26514033000000E+005, -4.429986E-001, -7.991056E-002
+3.28629199000000E+005, -4.477081E-001, -6.872035E-002
+3.30744365000000E+005, -4.413576E-001, -5.878366E-002
+3.32859531000000E+005, -4.420435E-001, -6.158259E-002
+3.34974697000000E+005, -4.431774E-001, -5.770332E-002
+3.37089863000000E+005, -4.458622E-001, -4.742166E-002
+3.39205029000000E+005, -4.422997E-001, -5.191810E-002
+3.41320195000000E+005, -4.412412E-001, -4.363005E-002
+3.43435361000000E+005, -4.539632E-001, -3.850592E-002
+3.45550527000000E+005, -4.460521E-001, -3.124513E-002
+3.47665693000000E+005, -4.674531E-001, +6.130000E-003
+3.49780859000000E+005, -4.440066E-001, -1.817155E-002
+3.51896025000000E+005, -4.436439E-001, -1.593265E-002
+3.54011191000000E+005, -4.448737E-001, -1.016841E-002
+3.56126357000000E+005, -4.399677E-001, -4.614637E-004
+3.58241523000000E+005, -4.403756E-001, -8.190062E-004
+3.60356689000000E+005, -4.321845E-001, +5.345539E-003
+3.62471855000000E+005, -4.361547E-001, +8.486174E-003
+3.64587021000000E+005, -4.340557E-001, +1.689684E-002
+3.66702187000000E+005, -4.327750E-001, +2.273413E-002
+3.68817353000000E+005, -4.272988E-001, +2.429414E-002
+3.70932519000000E+005, -4.235273E-001, +2.570467E-002
+3.73047685000000E+005, -4.233498E-001, +2.829999E-002
+3.75162851000000E+005, -4.223296E-001, +2.897156E-002
+3.77278017000000E+005, -4.242826E-001, +2.978287E-002
+3.79393183000000E+005, -4.276938E-001, +3.685115E-002
+3.81508349000000E+005, -4.283390E-001, +3.941453E-002
+3.83623515000000E+005, -4.243757E-001, +4.412501E-002
+3.85738681000000E+005, -4.275360E-001, +5.404320E-002
+3.87853847000000E+005, -4.194080E-001, +5.837805E-002
+3.89969013000000E+005, -4.177037E-001, +5.951801E-002
+3.92084179000000E+005, -4.183077E-001, +6.115705E-002
+3.94199345000000E+005, -4.173410E-001, +6.117325E-002
+3.96314511000000E+005, -4.208215E-001, +6.200210E-002
+3.98429677000000E+005, -4.292604E-001, +6.309143E-002
+4.00544843000000E+005, -4.211426E-001, +7.192378E-002
+4.02660009000000E+005, -4.238353E-001, +8.304009E-002
+4.04775175000000E+005, -4.147126E-001, +9.099822E-002
+4.06890341000000E+005, -4.149323E-001, +9.063432E-002
+4.09005507000000E+005, -4.118625E-001, +9.504452E-002
+4.11120673000000E+005, -4.124257E-001, +9.930952E-002
+4.13235839000000E+005, -4.146525E-001, +1.022215E-001
+4.15351005000000E+005, -4.096343E-001, +1.064195E-001
+4.17466171000000E+005, -4.108201E-001, +1.128443E-001
+4.19581337000000E+005, -4.094267E-001, +1.191934E-001
+4.21696503000000E+005, -4.067025E-001, +1.231043E-001
+4.24130984000000E+005, -4.048602E-001, +1.269073E-001
+4.26951603000000E+005, -3.982237E-001, +1.344524E-001
+4.29772222000000E+005, -4.021298E-001, +1.407514E-001
+4.32592842000000E+005, -3.954100E-001, +1.434914E-001
+4.35413461000000E+005, -3.977930E-001, +1.500997E-001
+4.38234080000000E+005, -3.938840E-001, +1.607049E-001
+4.41054699000000E+005, -3.884658E-001, +1.633361E-001
+4.43875318000000E+005, -3.881448E-001, +1.710821E-001
+4.46695938000000E+005, -3.893257E-001, +1.776112E-001
+4.49516557000000E+005, -3.779838E-001, +1.829995E-001
+4.52337176000000E+005, -3.762957E-001, +1.865919E-001
+4.55157795000000E+005, -3.696758E-001, +1.904055E-001
+4.57978414000000E+005, -3.675095E-001, +1.942429E-001
+4.60799034000000E+005, -3.652610E-001, +1.998282E-001
+4.63619653000000E+005, -3.636017E-001, +2.087415E-001
+4.66440272000000E+005, -3.586736E-001, +2.153201E-001
+4.69260891000000E+005, -3.554456E-001, +2.181677E-001
+4.72081510000000E+005, -3.505192E-001, +2.258785E-001
+4.74902130000000E+005, -3.441431E-001, +2.296481E-001
+4.77722749000000E+005, -3.409774E-001, +2.341428E-001
+4.80543368000000E+005, -3.355983E-001, +2.414413E-001
+4.83363987000000E+005, -3.321516E-001, +2.439210E-001
+4.86184606000000E+005, -3.275107E-001, +2.484900E-001
+4.89005226000000E+005, -3.228278E-001, +2.540558E-001
+4.91825845000000E+005, -3.192801E-001, +2.574721E-001
+4.94646464000000E+005, -3.161461E-001, +2.609298E-001
+4.97467083000000E+005, -3.168446E-001, +2.654220E-001
+5.00287703000000E+005, -3.094260E-001, +2.718889E-001
+5.03108322000000E+005, -3.038863E-001, +2.782649E-001
+5.05928941000000E+005, -3.012207E-001, +2.835056E-001
+5.08749560000000E+005, -2.965596E-001, +2.891672E-001
+5.11570179000000E+005, -2.919728E-001, +2.991561E-001
+5.14390799000000E+005, -2.838111E-001, +3.022224E-001
+5.17211418000000E+005, -2.764945E-001, +3.061138E-001
+5.20032037000000E+005, -2.687053E-001, +3.086931E-001
+5.22852656000000E+005, -2.693043E-001, +3.091951E-001
+5.25673275000000E+005, -2.597765E-001, +3.162385E-001
+5.28493895000000E+005, -2.529125E-001, +3.184011E-001
+5.31314514000000E+005, -2.423175E-001, +3.297878E-001
+5.34135133000000E+005, -2.328135E-001, +3.228608E-001
+5.36955752000000E+005, -2.367248E-001, +3.213130E-001
+5.39776371000000E+005, -2.325824E-001, +3.271924E-001
+5.42596991000000E+005, -2.255093E-001, +3.321931E-001
+5.45417610000000E+005, -2.192293E-001, +3.333298E-001
+5.48238229000000E+005, -2.178950E-001, +3.357467E-001
+5.51058848000000E+005, -2.111577E-001, +3.412025E-001
+5.53879467000000E+005, -2.062393E-001, +3.443878E-001
+5.56700087000000E+005, -1.973084E-001, +3.469056E-001
+5.59520706000000E+005, -1.911708E-001, +3.517007E-001
+5.62341325000000E+005, -1.854284E-001, +3.496380E-001
+5.65587757000000E+005, -1.817231E-001, +3.516559E-001
+5.69349113000000E+005, -1.638010E-001, +3.737346E-001
+5.73110469000000E+005, -1.713950E-001, +3.637481E-001
+5.76871825000000E+005, -1.591875E-001, +3.709126E-001
+5.80633182000000E+005, -1.497710E-001, +3.739426E-001
+5.84394538000000E+005, -1.389348E-001, +3.754337E-001
+5.88155894000000E+005, -1.280394E-001, +3.780167E-001
+5.91917250000000E+005, -1.152495E-001, +3.770649E-001
+5.95678606000000E+005, -1.073648E-001, +3.764930E-001
+5.99439962000000E+005, -1.034826E-001, +3.768314E-001
+6.03201319000000E+005, -9.707431E-002, +3.766085E-001
+6.06962675000000E+005, -9.131591E-002, +3.807343E-001
+6.10724031000000E+005, -8.415879E-002, +3.854055E-001
+6.14485387000000E+005, -7.182889E-002, +3.884511E-001
+6.18246743000000E+005, -6.297445E-002, +3.886200E-001
+6.22008099000000E+005, -5.314311E-002, +3.904881E-001
+6.25769456000000E+005, -4.255936E-002, +3.914352E-001
+6.29530812000000E+005, -3.124986E-002, +3.904497E-001
+6.33292168000000E+005, -2.764685E-002, +3.875207E-001
+6.37053524000000E+005, -1.997237E-002, +3.882244E-001
+6.40814880000000E+005, -1.041740E-002, +3.895212E-001
+6.44576236000000E+005, -1.320922E-003, +3.891487E-001
+6.48337593000000E+005, +6.471314E-003, +3.915741E-001
+6.52098949000000E+005, +1.493401E-002, +3.907868E-001
+6.55860305000000E+005, +2.841187E-002, +3.921601E-001
+6.59621661000000E+005, +3.802706E-002, +3.899594E-001
+6.63383017000000E+005, +4.760716E-002, +3.871612E-001
+6.67144373000000E+005, +5.702369E-002, +3.846641E-001
+6.70905730000000E+005, +6.444052E-002, +3.812864E-001
+6.74667086000000E+005, +7.299305E-002, +3.808113E-001
+6.78428442000000E+005, +7.988518E-002, +3.797576E-001
+6.82189798000000E+005, +8.608858E-002, +3.753000E-001
+6.85951154000000E+005, +9.652386E-002, +3.734574E-001
+6.89712510000000E+005, +1.060681E-001, +3.674183E-001
+6.93473867000000E+005, +1.133070E-001, +3.802605E-001
+6.97235223000000E+005, +1.124619E-001, +3.682171E-001
+7.00996579000000E+005, +1.287015E-001, +3.627831E-001
+7.04757935000000E+005, +1.384574E-001, +3.576621E-001
+7.08519291000000E+005, +1.457349E-001, +3.534022E-001
+7.12280647000000E+005, +1.536956E-001, +3.497374E-001
+7.16042004000000E+005, +1.597879E-001, +3.445680E-001
+7.19803360000000E+005, +1.666525E-001, +3.374795E-001
+7.23564716000000E+005, +1.748363E-001, +3.326871E-001
+7.27326072000000E+005, +1.821970E-001, +3.275807E-001
+7.31087428000000E+005, +1.888925E-001, +3.233344E-001
+7.34848784000000E+005, +1.958511E-001, +3.173280E-001
+7.38610141000000E+005, +1.982861E-001, +3.093372E-001
+7.42371497000000E+005, +2.040858E-001, +2.973112E-001
+7.46132853000000E+005, +2.112683E-001, +2.895670E-001
+7.49894209000000E+005, +2.050623E-001, +2.696872E-001
+7.54223396000000E+005, +1.561256E-001, +2.522831E-001
+7.59239245000000E+005, +2.005940E-001, +2.407597E-001
+7.64255094000000E+005, +4.310486E-002, +3.024669E-001
+7.69270943000000E+005, +2.393417E-001, +6.446164E-001
+7.74286792000000E+005, +2.182243E-001, +3.000727E-001
+7.79302641000000E+005, +3.085306E-001, +4.016559E-001
+7.84318490000000E+005, +3.452206E-001, +3.454548E-001
+7.89334339000000E+005, +3.614649E-001, +3.075359E-001
+7.94350188000000E+005, +3.587247E-001, +2.796817E-001
+7.99366038000000E+005, +3.644582E-001, +2.599533E-001
+8.04381887000000E+005, +3.818998E-001, +2.532981E-001
+8.09397736000000E+005, +3.870808E-001, +2.400573E-001
+8.14413585000000E+005, +3.936221E-001, +2.112762E-001
+8.19429434000000E+005, +3.986205E-001, +1.960874E-001
+8.24445283000000E+005, +4.066665E-001, +1.883578E-001
+8.29461132000000E+005, +4.202385E-001, +1.665757E-001
+8.34476981000000E+005, +4.217901E-001, +1.466892E-001
+8.39492830000000E+005, +4.283876E-001, +1.324092E-001
+8.44508679000000E+005, +4.319052E-001, +1.142791E-001
+8.49524528000000E+005, +4.350405E-001, +9.254903E-002
+8.54540377000000E+005, +4.272349E-001, +7.576302E-002
+8.59556226000000E+005, +4.323459E-001, +5.939481E-002
+8.64572075000000E+005, +4.293142E-001, +4.449550E-002
+8.69587924000000E+005, +4.254522E-001, +3.138882E-002
+8.74603773000000E+005, +4.193223E-001, +1.991817E-002
+8.79619623000000E+005, +4.235094E-001, +2.283620E-002
+8.84635472000000E+005, +4.317626E-001, +7.878840E-003
+8.89651321000000E+005, +4.345117E-001, -4.846218E-003
+8.94667170000000E+005, +4.467734E-001, -2.467910E-002
+8.99683019000000E+005, +4.482879E-001, -3.505600E-002
+9.04698868000000E+005, +4.729731E-001, -5.815838E-002
+9.09714717000000E+005, +4.656608E-001, -9.667278E-002
+9.14730566000000E+005, +4.589033E-001, -1.179228E-001
+9.19746415000000E+005, +4.484822E-001, -1.366495E-001
+9.24762264000000E+005, +4.402414E-001, -1.514239E-001
+9.29778113000000E+005, +4.360688E-001, -1.700208E-001
+9.34793962000000E+005, +4.401661E-001, -1.910951E-001
+9.39809811000000E+005, +4.354761E-001, -2.175788E-001
+9.44825660000000E+005, +4.249105E-001, -2.447658E-001
+9.49841509000000E+005, +4.083381E-001, -2.621866E-001
+9.54857358000000E+005, +3.911606E-001, -2.901267E-001
+9.59873208000000E+005, +3.746600E-001, -3.143547E-001
+9.64889057000000E+005, +3.430670E-001, -3.364266E-001
+9.69904906000000E+005, +3.158413E-001, -3.451534E-001
+9.74920755000000E+005, +2.973832E-001, -3.418856E-001
+9.79936604000000E+005, +2.806473E-001, -3.509250E-001
+9.84952453000000E+005, +2.686606E-001, -3.550789E-001
+9.89968302000000E+005, +2.552181E-001, -3.692712E-001
+9.94984151000000E+005, +2.478874E-001, -3.858638E-001
+1.00000000000000E+006, +2.193460E-001, -3.951580E-001
+1.00577306300000E+006, +1.967557E-001, -4.092879E-001
+1.01246180500000E+006, +1.538363E-001, -4.088732E-001
+1.01915054700000E+006, +1.262399E-001, -4.075164E-001
+1.02583929000000E+006, +1.080657E-001, -4.042751E-001
+1.03252803200000E+006, +9.280054E-002, -3.895171E-001
+1.03921677400000E+006, +7.330798E-002, -3.958485E-001
+1.04590551600000E+006, +5.671712E-002, -4.031501E-001
+1.05259425900000E+006, +3.624591E-002, -4.191496E-001
+1.05928300100000E+006, +9.598524E-003, -4.042777E-001
+1.06597174300000E+006, -2.014762E-002, -3.926330E-001
+1.07266048500000E+006, -3.714093E-002, -3.911192E-001
+1.07934922700000E+006, -5.752438E-002, -3.900445E-001
+1.08603797000000E+006, -8.362925E-002, -3.923921E-001
+1.09272671200000E+006, -1.176545E-001, -3.773042E-001
+1.09941545400000E+006, -1.452323E-001, -3.677608E-001
+1.10610419600000E+006, -1.673849E-001, -3.485945E-001
+1.11279293900000E+006, -1.774364E-001, -3.271030E-001
+1.11948168100000E+006, -1.875317E-001, -3.250041E-001
+1.12617042300000E+006, -2.148251E-001, -3.093988E-001
+1.13285916500000E+006, -2.370199E-001, -2.934420E-001
+1.13954790700000E+006, -2.594988E-001, -2.703100E-001
+1.14623665000000E+006, -2.702023E-001, -2.421495E-001
+1.15292539200000E+006, -2.860222E-001, -2.119357E-001
+1.15961413400000E+006, -2.875711E-001, -1.846351E-001
+1.16630287600000E+006, -2.868197E-001, -1.572186E-001
+1.17299161900000E+006, -2.832697E-001, -1.366774E-001
+1.17968036100000E+006, -2.847562E-001, -1.182272E-001
+1.18636910300000E+006, -2.809837E-001, -9.472030E-002
+1.19305784500000E+006, -2.784437E-001, -7.248397E-002
+1.19974658800000E+006, -2.666128E-001, -5.838801E-002
+1.20643533000000E+006, -2.536734E-001, -5.029926E-002
+1.21312407200000E+006, -2.573940E-001, -3.826482E-002
+1.21981281400000E+006, -2.559767E-001, -2.469075E-002
+1.22650155600000E+006, -2.525554E-001, -1.348536E-002
+1.23319029900000E+006, -2.453709E-001, +2.062135E-003
+1.23987904100000E+006, -2.400008E-001, +1.579740E-002
+1.24656778300000E+006, -2.364122E-001, +2.459493E-002
+1.25325652500000E+006, -2.293761E-001, +3.833557E-002
+1.25994526800000E+006, -2.223361E-001, +5.622813E-002
+1.26663401000000E+006, -2.121802E-001, +6.727974E-002
+1.27332275200000E+006, -2.017701E-001, +7.748893E-002
+1.28001149400000E+006, -1.850488E-001, +8.731741E-002
+1.28670023600000E+006, -1.726922E-001, +9.415027E-002
+1.29338897900000E+006, -1.629778E-001, +9.823224E-002
+1.30007772100000E+006, -1.574071E-001, +9.831119E-002
+1.30676646300000E+006, -1.468771E-001, +1.034096E-001
+1.31345520500000E+006, -1.349978E-001, +9.702688E-002
+1.32014394800000E+006, -1.283421E-001, +1.150360E-001
+1.32683269000000E+006, -1.175317E-001, +1.184949E-001
+1.33352143200000E+006, -1.033498E-001, +1.181071E-001
+1.34121993500000E+006, -9.315529E-002, +1.144702E-001
+1.35013951600000E+006, -8.871883E-002, +1.059736E-001
+1.35905909700000E+006, -9.362029E-002, +1.183644E-001
+1.36797867800000E+006, -7.738787E-002, +1.177508E-001
+1.37689825900000E+006, -6.320889E-002, +1.201881E-001
+1.38581784100000E+006, -5.594255E-002, +1.217681E-001
+1.39473742200000E+006, -4.367996E-002, +1.185317E-001
+1.40365700300000E+006, -3.684838E-002, +1.182837E-001
+1.41257658400000E+006, -2.951308E-002, +1.135665E-001
+1.42149616500000E+006, -2.063219E-002, +1.130724E-001
+1.43041574600000E+006, -1.398291E-002, +1.126853E-001
+1.43933532700000E+006, -3.808288E-003, +1.109599E-001
+1.44825490800000E+006, +3.221379E-003, +1.069352E-001
+1.45717449000000E+006, +1.053947E-002, +1.006403E-001
+1.46609407100000E+006, +1.605733E-002, +9.440369E-002
+1.47501365200000E+006, +2.165635E-002, +8.951369E-002
+1.48393323300000E+006, +2.438960E-002, +8.544550E-002
+1.49285281400000E+006, +2.839705E-002, +8.084819E-002
+1.50177239500000E+006, +3.293105E-002, +7.613410E-002
+1.51069197600000E+006, +3.556338E-002, +7.297809E-002
+1.51961155700000E+006, +3.974047E-002, +6.821865E-002
+1.52853113900000E+006, +4.364272E-002, +6.355797E-002
+1.53745072000000E+006, +4.597189E-002, +5.810985E-002
+1.54637030100000E+006, +4.892709E-002, +5.300082E-002
+1.55528988200000E+006, +4.933625E-002, +4.696887E-002
+1.56420946300000E+006, +5.333174E-002, +4.102170E-002
+1.57312904400000E+006, +5.441507E-002, +3.610175E-002
+1.58204862500000E+006, +5.376445E-002, +3.050202E-002
+1.59096820600000E+006, +5.549603E-002, +2.548138E-002
+1.59988778800000E+006, +5.587353E-002, +2.003251E-002
+1.60880736900000E+006, +5.414382E-002, +1.407972E-002
+1.61772695000000E+006, +5.228314E-002, +6.619778E-003
+1.62664653100000E+006, +5.013971E-002, +1.181528E-003
+1.63556611200000E+006, +4.435365E-002, -9.047592E-003
+1.64448569300000E+006, +3.809086E-002, -8.842945E-003
+1.65340527400000E+006, +3.238096E-002, -1.089165E-002
+1.66232485500000E+006, +2.681633E-002, -8.870943E-003
+1.67124443700000E+006, +2.597646E-002, -5.732849E-003
+1.68016401800000E+006, +2.399304E-002, +3.742920E-003
+1.68908359900000E+006, +3.893474E-002, +9.831371E-003
+1.69800318000000E+006, +2.114832E-003, -7.798389E-002
+1.70692276100000E+006, -1.006467E-002, -2.032831E-002
+1.71584234200000E+006, -1.033158E-003, -8.553387E-003
+1.72476192300000E+006, +1.757025E-003, -1.230292E-003
+1.73368150400000E+006, +5.560372E-003, +1.382216E-003
+1.74260108600000E+006, +7.100802E-003, -2.814624E-003
+1.75152066700000E+006, +6.947372E-003, +1.616533E-003
+1.76044024800000E+006, +9.793765E-003, +1.039081E-003
+1.76935982900000E+006, +1.014440E-002, +2.939640E-003
+1.77827941000000E+006, +9.038566E-003, +2.817414E-004
+1.78854552900000E+006, +8.248815E-003, +7.155685E-004
+1.80043998200000E+006, +9.721797E-003, -1.560014E-004
+1.81233443400000E+006, +8.720254E-003, +1.855389E-003
+1.82422888700000E+006, +1.569200E-002, +1.054195E-003
+1.83612333900000E+006, +1.512368E-002, -1.682502E-003
+1.84801779200000E+006, +1.289238E-002, -4.167559E-003
+1.85991224500000E+006, +1.240977E-002, -3.421108E-003
+1.87180669700000E+006, +1.139270E-002, -4.752113E-003
+1.88370115000000E+006, +1.076581E-002, -4.091043E-003
+1.89559560200000E+006, +1.044821E-002, -4.641699E-003
+1.90749005500000E+006, +8.047529E-003, -6.154089E-003
+1.91938450800000E+006, +6.308685E-003, -4.939031E-003
+1.93127896000000E+006, +6.742752E-003, -6.060084E-003
+1.94317341300000E+006, +6.625880E-003, -6.707719E-003
+1.95506786500000E+006, +6.590378E-003, -4.978548E-003
+1.96696231800000E+006, +5.875674E-003, -7.418548E-003
+1.97885677000000E+006, +3.541579E-003, -7.579919E-003
+1.99075122300000E+006, +5.308929E-003, -4.927407E-003
+2.00264567600000E+006, +4.982174E-003, -5.634979E-003
+2.01454012800000E+006, +3.820810E-003, -6.103636E-003
+2.02643458100000E+006, +2.350608E-003, -5.578511E-003
+2.03832903300000E+006, +1.060117E-004, -5.934824E-003
+2.05022348600000E+006, +2.245248E-003, -5.780390E-003
+2.06211793900000E+006, +2.044668E-003, -5.264346E-003
+2.07401239100000E+006, +2.987139E-003, -4.681715E-003
+2.08590684400000E+006, +1.452146E-003, -4.077432E-003
+2.09780129600000E+006, -7.280472E-004, -4.941376E-003
+2.10969574900000E+006, +1.658448E-004, -3.239014E-003
+2.12159020200000E+006, +7.590661E-004, -3.565568E-003
+2.13348465400000E+006, +1.390104E-003, -3.706126E-003
+2.14537910700000E+006, -1.287627E-004, -3.005906E-003
+2.15727355900000E+006, +1.121217E-003, -4.095067E-003
+2.16916801200000E+006, +1.328869E-003, -2.841136E-003
+2.18106246500000E+006, +1.704657E-003, -3.788413E-003
+2.19295691700000E+006, -4.792504E-004, -2.188527E-003
+2.20485137000000E+006, +3.949049E-004, -2.164443E-003
+2.21674582200000E+006, +1.296346E-003, -2.477336E-004
+2.22864027500000E+006, +1.416247E-003, -1.101578E-003
+2.24053472700000E+006, +1.493307E-003, -7.333309E-004
+2.25242918000000E+006, +1.156433E-003, -3.768560E-004
+2.26432363300000E+006, +1.007323E-003, -3.051510E-003
+2.27621808500000E+006, +2.041381E-003, -6.074899E-004
+2.28811253800000E+006, +3.836046E-004, -1.452068E-003
+2.30000699000000E+006, +5.186590E-004, -4.584689E-004
+2.31190144300000E+006, +4.658769E-004, -7.853641E-004
+2.32379589600000E+006, +1.188747E-003, -1.315671E-003
+2.33569034800000E+006, +1.370570E-005, -1.476758E-003
+2.34758480100000E+006, +1.851322E-003, -6.196438E-004
+2.35947925300000E+006, +2.131168E-003, -4.043120E-004
+2.37137370600000E+006, +1.552702E-003, +1.275977E-004
+2.38506379500000E+006, +1.809454E-003, -9.261986E-004
+2.40092530200000E+006, +2.276842E-003, +4.754008E-005
+2.41678681000000E+006, +1.687133E-003, -7.441649E-004
+2.43264831700000E+006, +1.765419E-003, -1.665844E-003
+2.44850982500000E+006, +3.632971E-003, -9.283759E-004
+2.46437133200000E+006, +2.124517E-003, -4.393880E-004
+2.48023284000000E+006, +4.917685E-003, -3.319774E-003
+2.49609434700000E+006, +3.883475E-003, -3.472007E-003
+2.51195585500000E+006, +3.301958E-003, -1.414629E-003
+2.52781736200000E+006, +2.405445E-003, -3.559072E-003
+2.54367886900000E+006, +2.648442E-003, -3.349929E-003
+2.55954037700000E+006, +2.748082E-003, -2.502722E-003
+2.57540188400000E+006, +2.307269E-003, -3.319281E-003
+2.59126339200000E+006, +2.389529E-003, -4.303211E-003
+2.60712489900000E+006, +3.299655E-003, -3.332592E-003
+2.62298640700000E+006, +1.201075E-003, -2.887246E-003
+2.63884791400000E+006, +2.177590E-003, -4.582587E-003
+2.65470942200000E+006, +2.290447E-003, -3.823105E-003
+2.67057092900000E+006, +1.601060E-003, -3.777519E-003
+2.68643243700000E+006, +1.202337E-003, -3.868113E-003
+2.70229394400000E+006, +1.892546E-003, -4.511813E-003
+2.71815545100000E+006, +1.453292E-003, -4.669620E-003
+2.73401695900000E+006, -1.009324E-004, -4.231753E-003
+2.74987846600000E+006, -5.903213E-004, -2.226517E-003
+2.76573997400000E+006, -2.575202E-004, -1.969154E-003
+2.78160148100000E+006, -4.416799E-004, -2.876088E-003
+2.79746298900000E+006, -1.000605E-003, -3.754922E-003
+2.81332449600000E+006, -6.694708E-004, -3.277652E-003
+2.82918600400000E+006, -2.055045E-003, -4.546113E-003
+2.84504751100000E+006, -1.526208E-003, -4.513967E-003
+2.86090901800000E+006, -1.693300E-003, -2.607947E-003
+2.87677052600000E+006, -2.623771E-003, -3.569537E-003
+2.89263203300000E+006, -2.251003E-003, -2.199296E-003
+2.90849354100000E+006, -3.314589E-003, -1.538539E-003
+2.92435504800000E+006, -3.293730E-003, -2.760885E-003
+2.94021655600000E+006, -3.003047E-003, -2.611256E-003
+2.95607806300000E+006, -3.568585E-003, +3.723855E-004
+2.97193957100000E+006, -1.855978E-003, +2.898518E-004
+2.98780107800000E+006, -3.421791E-003, -4.714617E-004
+3.00366258600000E+006, -4.204505E-003, +1.269170E-004
+3.01952409300000E+006, -3.764243E-003, +1.858958E-004
+3.03538560000000E+006, -3.304424E-003, +1.233724E-003
+3.05124710800000E+006, -3.021160E-003, +2.269062E-003
+3.06710861500000E+006, -2.138876E-003, +1.754306E-003
+3.08297012300000E+006, -3.987641E-003, +2.722800E-003
+3.09883163000000E+006, -2.042245E-003, +3.961448E-003
+3.11469313800000E+006, -2.411573E-003, +3.304692E-003
+3.13055464500000E+006, -1.322357E-003, +4.603763E-003
+3.14641615300000E+006, -1.740997E-003, +3.074922E-003
+3.16227766000000E+006, -2.251726E-003, +4.694920E-003
+3.18053368800000E+006, +1.141614E-004, +4.508104E-003
+3.20168534800000E+006, +8.363450E-004, +5.034397E-003
+3.22283700800000E+006, +2.942163E-003, +5.651064E-003
+3.24398866800000E+006, +1.768791E-003, +5.970551E-003
+3.26514032800000E+006, +3.492656E-003, +5.254212E-003
+3.28629198900000E+006, +4.596455E-003, +6.272488E-003
+3.30744364900000E+006, +5.108078E-003, +5.796846E-003
+3.32859530900000E+006, +7.259712E-003, +5.434479E-003
+3.34974696900000E+006, +6.319368E-003, +4.965006E-003
+3.37089862900000E+006, +7.316121E-003, +5.484774E-003
+3.39205028900000E+006, +8.122928E-003, +4.690276E-003
+3.41320194900000E+006, +9.040153E-003, +2.591370E-003
+3.43435360900000E+006, +9.279867E-003, +1.769830E-003
+3.45550527000000E+006, +1.113807E-002, +3.567389E-003
+3.47665693000000E+006, +1.270301E-002, +9.298451E-004
+3.49780859000000E+006, +1.028313E-002, -5.818896E-004
+3.51896025000000E+006, +1.100789E-002, -2.582521E-003
+3.54011191000000E+006, +1.098202E-002, -3.857982E-003
+3.56126357000000E+006, +1.112148E-002, -3.910022E-003
+3.58241523000000E+006, +1.040144E-002, -5.521940E-003
+3.60356689000000E+006, +9.201331E-003, -6.713338E-003
+3.62471855100000E+006, +8.360114E-003, -6.936338E-003
+3.64587021100000E+006, +7.936163E-003, -9.797165E-003
+3.66702187100000E+006, +7.518474E-003, -9.438259E-003
+3.68817353100000E+006, +7.496063E-003, -9.650849E-003
+3.70932519100000E+006, +6.048004E-003, -9.061484E-003
+3.73047685100000E+006, +4.929820E-003, -1.181357E-002
+3.75162851100000E+006, +4.416739E-003, -1.034057E-002
+3.77278017100000E+006, +2.304143E-003, -1.031615E-002
+3.79393183200000E+006, +1.798736E-003, -1.027154E-002
+3.81508349200000E+006, +1.083687E-004, -1.005026E-002
+3.83623515200000E+006, -9.578077E-006, -8.175978E-003
+3.85738681200000E+006, -7.781915E-004, -1.080209E-002
+3.87853847200000E+006, -6.085986E-005, -8.573187E-003
+3.89969013200000E+006, -2.593520E-003, -8.861715E-003
+3.92084179200000E+006, -2.734318E-003, -8.433212E-003
+3.94199345200000E+006, -2.970784E-003, -6.470219E-003
+3.96314511300000E+006, -3.361532E-003, -6.634288E-003
+3.98429677300000E+006, -4.899288E-003, -6.018911E-003
+4.00544843300000E+006, -4.294479E-003, -5.112419E-003
+4.02660009300000E+006, -4.529959E-003, -3.803088E-003
+4.04775175300000E+006, -4.202987E-003, -3.246139E-003
+4.06890341300000E+006, -6.368815E-003, -3.220949E-003
+4.09005507300000E+006, -3.636376E-003, -2.764437E-003
+4.11120673300000E+006, -4.191389E-003, -7.767455E-004
+4.13235839400000E+006, -4.094090E-003, -5.609636E-004
+4.15351005400000E+006, -2.465000E-003, -9.359759E-004
+4.17466171400000E+006, -3.839178E-003, -1.263268E-003
+4.19581337400000E+006, -2.793407E-003, -7.650849E-004
+4.21696503400000E+006, -9.018515E-004, -1.436230E-003
+4.24130983900000E+006, -2.299933E-003, -2.287899E-003
+4.26951603100000E+006, -2.339069E-003, -4.419434E-004
+4.29772222300000E+006, -2.691562E-003, -2.376736E-003
+4.32592841500000E+006, -3.117139E-003, -9.996052E-004
+4.35413460700000E+006, -2.553949E-003, -1.989891E-003
+4.38234080000000E+006, -3.548363E-003, -9.217896E-004
+4.41054699200000E+006, -3.694271E-003, -1.406999E-003
+4.43875318400000E+006, -4.359246E-003, -4.211770E-004
+4.46695937600000E+006, -4.917867E-003, +5.434781E-004
+4.49516556800000E+006, -5.014029E-003, +7.848106E-004
+4.52337176000000E+006, -5.746190E-003, +1.040198E-003
+4.55157795200000E+006, -6.133186E-003, +1.840039E-003
+4.57978414400000E+006, -6.266149E-003, +1.725575E-003
+4.60799033600000E+006, -5.246585E-003, +3.588379E-003
+4.63619652800000E+006, -5.049715E-003, +4.310365E-003
+4.66440272100000E+006, -4.508225E-003, +4.701009E-003
+4.69260891300000E+006, -4.793043E-003, +5.696435E-003
+4.72081510500000E+006, -4.499812E-003, +6.665816E-003
+4.74902129700000E+006, -3.445928E-003, +7.192464E-003
+4.77722748900000E+006, -3.097586E-003, +6.714250E-003
+4.80543368100000E+006, -2.152543E-003, +8.080240E-003
+4.83363987300000E+006, -2.788462E-003, +9.228954E-003
+4.86184606500000E+006, -1.908069E-003, +8.799301E-003
+4.89005225700000E+006, -1.317695E-003, +9.399776E-003
+4.91825844900000E+006, +2.863907E-004, +8.645092E-003
+4.94646464200000E+006, +1.153797E-003, +8.711764E-003
+4.97467083400000E+006, +1.185210E-003, +1.015574E-002
+5.00287702600000E+006, +2.596729E-003, +9.769363E-003
+5.03108321800000E+006, +2.074123E-003, +1.002435E-002
+5.05928941000000E+006, +3.676990E-003, +1.043194E-002
+5.08749560200000E+006, +4.456621E-003, +8.898122E-003
+5.11570179400000E+006, +6.000393E-003, +9.899816E-003
+5.14390798600000E+006, +5.082212E-003, +9.597554E-003
+5.17211417800000E+006, +5.544340E-003, +1.065530E-002
+5.20032037000000E+006, +7.077280E-003, +9.527274E-003
+5.22852656300000E+006, +7.375030E-003, +9.455826E-003
+5.25673275500000E+006, +7.671078E-003, +8.585171E-003
+5.28493894700000E+006, +7.858673E-003, +9.254611E-003
+5.31314513900000E+006, +8.226071E-003, +8.252836E-003
+5.34135133100000E+006, +9.198049E-003, +8.070192E-003
+5.36955752300000E+006, +9.661919E-003, +7.451460E-003
+5.39776371500000E+006, +9.747887E-003, +7.125318E-003
+5.42596990700000E+006, +1.006552E-002, +5.238226E-003
+5.45417609900000E+006, +9.808213E-003, +5.526291E-003
+5.48238229100000E+006, +9.415037E-003, +4.132782E-003
+5.51058848400000E+006, +9.510748E-003, +4.696765E-003
+5.53879467600000E+006, +1.031409E-002, +4.093943E-003
+5.56700086800000E+006, +1.010447E-002, +3.203503E-003
+5.59520706000000E+006, +1.102383E-002, +2.428904E-003
+5.62341325200000E+006, +1.081495E-002, +2.844668E-003
+5.65587757100000E+006, +1.117278E-002, +2.415226E-003
+5.69349113300000E+006, +9.639720E-003, +9.909277E-004
+5.73110469400000E+006, +9.300806E-003, -2.530919E-004
+5.76871825600000E+006, +9.605518E-003, -5.657785E-004
+5.80633181800000E+006, +9.638942E-003, +5.512230E-006
+5.84394537900000E+006, +8.294460E-003, +6.584819E-004
+5.88155894100000E+006, +6.808587E-003, -2.952268E-004
+5.91917250300000E+006, +7.920738E-003, -2.412849E-004
+5.95678606400000E+006, +5.124077E-003, -5.305250E-004
+5.99439962600000E+006, +7.194547E-003, +1.460035E-003
+6.03201318800000E+006, +6.809709E-003, +6.241395E-005
+6.06962674900000E+006, +6.097088E-003, +1.714715E-003
+6.10724031100000E+006, +5.303813E-003, -1.556085E-005
+6.14485387300000E+006, +5.798497E-003, +1.039351E-003
+6.18246743400000E+006, +5.957071E-003, +1.839017E-004
+6.22008099600000E+006, +5.223524E-003, +1.042980E-003
+6.25769455800000E+006, +5.337587E-003, +2.299731E-003
+6.29530811900000E+006, +4.601974E-003, +1.151554E-003
+6.33292168100000E+006, +4.637423E-003, +3.148286E-003
+6.37053524300000E+006, +3.847933E-003, +1.974286E-003
+6.40814880400000E+006, +4.214161E-003, +1.690443E-003
+6.44576236600000E+006, +3.234096E-003, +2.419934E-003
+6.48337592800000E+006, +2.874587E-003, +3.309280E-003
+6.52098948900000E+006, +4.364640E-003, +3.357976E-003
+6.55860305100000E+006, +3.792645E-003, +3.317866E-003
+6.59621661300000E+006, +3.463367E-003, +3.790295E-003
+6.63383017500000E+006, +3.262715E-003, +4.282880E-003
+6.67144373600000E+006, +3.143208E-003, +4.182924E-003
+6.70905729800000E+006, +2.994240E-003, +3.647578E-003
+6.74667086000000E+006, +2.964369E-003, +5.130557E-003
+6.78428442100000E+006, +3.365532E-003, +3.882222E-003
+6.82189798300000E+006, +4.504810E-003, +5.963994E-003
+6.85951154500000E+006, +4.656746E-003, +5.024815E-003
+6.89712510600000E+006, +3.331056E-003, +5.626876E-003
+6.93473866800000E+006, +5.358156E-003, +5.190315E-003
+6.97235223000000E+006, +2.704903E-003, +6.233855E-003
+7.00996579100000E+006, +3.860786E-003, +5.745659E-003
+7.04757935300000E+006, +3.674612E-003, +6.385716E-003
+7.08519291500000E+006, +3.926984E-003, +6.635685E-003
+7.12280647600000E+006, +4.458484E-003, +7.770372E-003
+7.16042003800000E+006, +3.795786E-003, +7.712432E-003
+7.19803360000000E+006, +5.405817E-003, +7.973092E-003
+7.23564716100000E+006, +5.511576E-003, +7.570395E-003
+7.27326072300000E+006, +4.985553E-003, +8.067850E-003
+7.31087428500000E+006, +5.682136E-003, +7.595718E-003
+7.34848784600000E+006, +4.711759E-003, +6.078498E-003
+7.38610140800000E+006, +5.598173E-003, +7.572284E-003
+7.42371497000000E+006, +5.804285E-003, +9.907821E-003
+7.46132853100000E+006, +5.578589E-003, +8.844368E-003
+7.49894209300000E+006, +5.495280E-003, +8.763619E-003
+7.54223395800000E+006, +5.263685E-003, +9.221325E-003
+7.59239244900000E+006, +7.392153E-003, +9.864848E-003
+7.64255093900000E+006, +5.521080E-003, +7.499031E-003
+7.69270943000000E+006, +4.447264E-003, +8.642270E-003
+7.74286792100000E+006, +6.497551E-003, +9.566255E-003
+7.79302641100000E+006, +5.350055E-003, +7.672674E-003
+7.84318490200000E+006, +5.641362E-003, +7.569632E-003
+7.89334339300000E+006, +5.505890E-003, +8.347763E-003
+7.94350188300000E+006, +5.620542E-003, +9.584756E-003
+7.99366037400000E+006, +5.607872E-003, +9.918192E-003
+8.04381886500000E+006, +6.663357E-003, +9.114490E-003
+8.09397735500000E+006, +5.925409E-003, +1.023711E-002
+8.14413584600000E+006, +4.689744E-003, +1.087976E-002
+8.19429433600000E+006, +4.712441E-003, +9.593872E-003
+8.24445282700000E+006, +5.267372E-003, +1.125513E-002
+8.29461131800000E+006, +4.968795E-003, +9.488487E-003
+8.34476980800000E+006, +4.665950E-003, +1.047840E-002
+8.39492829900000E+006, +2.777428E-003, +1.085477E-002
+8.44508679000000E+006, +3.952500E-003, +1.152787E-002
+8.49524528000000E+006, +3.999854E-003, +1.241940E-002
+8.54540377100000E+006, +4.697972E-003, +1.265054E-002
+8.59556226200000E+006, +3.451001E-003, +1.496380E-002
+8.64572075200000E+006, +3.491224E-003, +1.349160E-002
+8.69587924300000E+006, +4.716823E-003, +1.284062E-002
+8.74603773400000E+006, +3.056824E-003, +1.356257E-002
+8.79619622400000E+006, +3.534787E-003, +1.493161E-002
+8.84635471500000E+006, +4.883371E-003, +1.575420E-002
+8.89651320600000E+006, +3.879857E-003, +1.475633E-002
+8.94667169600000E+006, +3.457100E-003, +1.473852E-002
+8.99683018700000E+006, +2.786414E-003, +1.430392E-002
+9.04698867800000E+006, +2.695411E-003, +1.599654E-002
+9.09714716800000E+006, +3.054386E-003, +1.719233E-002
+9.14730565900000E+006, +1.795304E-003, +1.696304E-002
+9.19746415000000E+006, +1.564041E-003, +1.590593E-002
+9.24762264000000E+006, +3.056291E-003, +1.858781E-002
+9.29778113100000E+006, +2.281159E-003, +2.044829E-002
+9.34793962200000E+006, +3.855423E-003, +1.977516E-002
+9.39809811200000E+006, +2.667225E-003, +1.912776E-002
+9.44825660300000E+006, +3.416132E-003, +2.015873E-002
+9.49841509300000E+006, +4.035193E-003, +2.274102E-002
+9.54857358400000E+006, +2.429779E-003, +2.419698E-002
+9.59873207500000E+006, +3.000222E-003, +2.229993E-002
+9.64889056500000E+006, +3.178660E-003, +2.335227E-002
+9.69904905600000E+006, +3.609685E-003, +2.488368E-002
+9.74920754700000E+006, +3.183403E-003, +2.338899E-002
+9.79936603700000E+006, +2.725699E-003, +2.547366E-002
+9.84952452800000E+006, +1.664207E-003, +2.593876E-002
+9.89968301900000E+006, +2.879115E-003, +2.682063E-002
+9.94984150900000E+006, +3.891451E-003, +2.956482E-002
+1.00000000000000E+007, +4.591365E-003, +2.954385E-002
