#Display #1 length= 801
+0.0000000e+000 +3.3197310e-005
+1.6000000e+001 +1.6895045e-005
+3.2000000e+001 +1.2293106e-006
+4.8000000e+001 +2.9627463e-006
+6.4000000e+001 +3.9864904e-006
+8.0000000e+001 +1.2811563e-006
+9.6000000e+001 +6.5513950e-007
+1.1200000e+002 +1.0564687e-006
+1.2800000e+002 +9.9968054e-007
+1.4400000e+002 +5.7717085e-007
+1.6000000e+002 +5.4348260e-007
+1.7600000e+002 +1.3943398e-006
+1.9200000e+002 +1.0545299e-006
+2.0800000e+002 +4.5740029e-007
+2.2400000e+002 +5.9013877e-007
+2.4000000e+002 +7.6792998e-007
+2.5600000e+002 +4.4406022e-007
+2.7200000e+002 +5.1241960e-007
+2.8800000e+002 +2.0601803e-006
+3.0400000e+002 +2.7471831e-006
+3.2000000e+002 +1.0195669e-006
+3.3600000e+002 +4.1281146e-007
+3.5200000e+002 +4.4313191e-007
+3.6800000e+002 +4.6694603e-007
+3.8400000e+002 +5.0332721e-007
+4.0000000e+002 +4.9152703e-007
+4.1600000e+002 +9.7760801e-007
+4.3200000e+002 +7.1702385e-007
+4.4800000e+002 +5.0921096e-007
+4.6400000e+002 +4.4129999e-007
+4.8000000e+002 +4.7000756e-007
+4.9600000e+002 +3.5314855e-007
+5.1200000e+002 +3.9737560e-007
+5.2800000e+002 +6.3565187e-007
+5.4400000e+002 +8.0081207e-007
+5.6000000e+002 +4.6589111e-007
+5.7600000e+002 +4.3062761e-007
+5.9200000e+002 +4.6916406e-007
+6.0800000e+002 +3.9830690e-007
+6.2400000e+002 +4.5216387e-007
+6.4000000e+002 +5.7717654e-007
+6.5600000e+002 +1.1716942e-006
+6.7200000e+002 +9.1868014e-007
+6.8800000e+002 +4.9363950e-007
+7.0400000e+002 +5.1845967e-007
+7.2000000e+002 +5.0068320e-007
+7.3600000e+002 +4.3906326e-007
+7.5200000e+002 +5.2212147e-007
+7.6800000e+002 +6.7653951e-007
+7.8400000e+002 +6.4710264e-007
+8.0000000e+002 +6.7674830e-007
+8.1600000e+002 +7.0213292e-007
+8.3200000e+002 +7.0064664e-007
+8.4800000e+002 +6.1104970e-007
+8.6400000e+002 +6.7043976e-007
+8.8000000e+002 +7.5294270e-007
+8.9600000e+002 +1.2906496e-006
+9.1200000e+002 +1.1451910e-006
+9.2800000e+002 +7.0100060e-007
+9.4400000e+002 +7.2303999e-007
+9.6000000e+002 +8.3690855e-007
+9.7600000e+002 +7.3329579e-007
+9.9200000e+002 +7.7222938e-007
+1.0080000e+003 +7.3510068e-007
+1.0240000e+003 +8.6093786e-007
+1.0400000e+003 +7.6586872e-007
+1.0560000e+003 +8.0123243e-007
+1.0720000e+003 +6.4910080e-007
+1.0880000e+003 +6.1458621e-007
+1.1040000e+003 +5.6303452e-007
+1.1200000e+003 +6.6911309e-007
+1.1360000e+003 +1.0708471e-006
+1.1520000e+003 +8.7124965e-007
+1.1680000e+003 +6.8950015e-007
+1.1840000e+003 +6.8222573e-007
+1.2000000e+003 +7.0543786e-007
+1.2160000e+003 +6.2124712e-007
+1.2320000e+003 +5.7895238e-007
+1.2480000e+003 +7.6987084e-007
+1.2640000e+003 +8.5537499e-007
+1.2800000e+003 +7.1506940e-007
+1.2960000e+003 +7.3382415e-007
+1.3120000e+003 +6.1057625e-007
+1.3280000e+003 +5.3065708e-007
+1.3440000e+003 +6.0269417e-007
+1.3600000e+003 +5.9792160e-007
+1.3760000e+003 +6.6398655e-007
+1.3920000e+003 +7.2427633e-007
+1.4080000e+003 +7.0089362e-007
+1.4240000e+003 +7.7621706e-007
+1.4400000e+003 +8.0568560e-007
+1.4560000e+003 +6.0107050e-007
+1.4720000e+003 +5.8947370e-007
+1.4880000e+003 +6.3315053e-007
+1.5040000e+003 +8.0209418e-007
+1.5200000e+003 +9.8519172e-007
+1.5360000e+003 +8.3232027e-007
+1.5520000e+003 +7.9037267e-007
+1.5680000e+003 +7.0190089e-007
+1.5840000e+003 +7.5729537e-007
+1.6000000e+003 +7.8393998e-007
+1.6160000e+003 +7.0828929e-007
+1.6320000e+003 +7.4843996e-007
+1.6480000e+003 +7.7741709e-007
+1.6640000e+003 +6.6818296e-007
+1.6800000e+003 +7.1008719e-007
+1.6960000e+003 +8.3329320e-007
+1.7120000e+003 +7.5403551e-007
+1.7280000e+003 +7.7561816e-007
+1.7440000e+003 +7.3734788e-007
+1.7600000e+003 +8.3487294e-007
+1.7760000e+003 +8.7696873e-007
+1.7920000e+003 +6.8884407e-007
+1.8080000e+003 +7.3998939e-007
+1.8240000e+003 +6.0980312e-007
+1.8400000e+003 +7.3577007e-007
+1.8560000e+003 +9.4120929e-007
+1.8720000e+003 +7.3886821e-007
+1.8880000e+003 +5.8797730e-007
+1.9040000e+003 +6.8713916e-007
+1.9200000e+003 +6.6136215e-007
+1.9360000e+003 +5.9340562e-007
+1.9520000e+003 +6.0934730e-007
+1.9680000e+003 +7.1567416e-007
+1.9840000e+003 +6.1993546e-007
+2.0000000e+003 +6.9753565e-007
+2.0160000e+003 +8.0416817e-007
+2.0320000e+003 +6.2455865e-007
+2.0480000e+003 +6.0114178e-007
+2.0640000e+003 +7.0441155e-007
+2.0800000e+003 +7.7615567e-007
+2.0960000e+003 +7.1605143e-007
+2.1120000e+003 +7.0996714e-007
+2.1280000e+003 +6.3993468e-007
+2.1440000e+003 +6.5748503e-007
+2.1600000e+003 +5.8632435e-007
+2.1760000e+003 +5.3946013e-007
+2.1920000e+003 +5.9593901e-007
+2.2080000e+003 +7.6332083e-007
+2.2240000e+003 +6.8145465e-007
+2.2400000e+003 +4.8184472e-007
+2.2560000e+003 +4.8808681e-007
+2.2720000e+003 +5.0916452e-007
+2.2880000e+003 +6.2555995e-007
+2.3040000e+003 +8.7030696e-007
+2.3200000e+003 +8.2761176e-007
+2.3360000e+003 +7.6253093e-007
+2.3520000e+003 +7.9366674e-007
+2.3680000e+003 +7.7824978e-007
+2.3840000e+003 +8.1737477e-007
+2.4000000e+003 +7.5415642e-007
+2.4160000e+003 +6.3616920e-007
+2.4320000e+003 +6.2276121e-007
+2.4480000e+003 +6.1978778e-007
+2.4640000e+003 +7.1315782e-007
+2.4800000e+003 +7.6321021e-007
+2.4960000e+003 +7.1574487e-007
+2.5120000e+003 +7.4708032e-007
+2.5280000e+003 +7.9249901e-007
+2.5440000e+003 +6.3442053e-007
+2.5600000e+003 +5.1345245e-007
+2.5760000e+003 +6.8336078e-007
+2.5920000e+003 +7.2179472e-007
+2.6080000e+003 +5.7011113e-007
+2.6240000e+003 +6.7488361e-007
+2.6400000e+003 +7.9984807e-007
+2.6560000e+003 +5.1935422e-007
+2.6720000e+003 +5.3015566e-007
+2.6880000e+003 +6.3126322e-007
+2.7040000e+003 +6.0154451e-007
+2.7200000e+003 +5.9576041e-007
+2.7360000e+003 +6.0519943e-007
+2.7520000e+003 +5.3900897e-007
+2.7680000e+003 +5.6863075e-007
+2.7840000e+003 +5.5295601e-007
+2.8000000e+003 +5.9835111e-007
+2.8160000e+003 +7.4077633e-007
+2.8320000e+003 +6.6690836e-007
+2.8480000e+003 +5.7432300e-007
+2.8640000e+003 +5.3638422e-007
+2.8800000e+003 +6.7508518e-007
+2.8960000e+003 +6.3244676e-007
+2.9120000e+003 +6.6741455e-007
+2.9280000e+003 +6.8495854e-007
+2.9440000e+003 +6.1400885e-007
+2.9600000e+003 +6.0233958e-007
+2.9760000e+003 +4.9910466e-007
+2.9920000e+003 +6.2457786e-007
+3.0080000e+003 +5.5492654e-007
+3.0240000e+003 +4.5252889e-007
+3.0400000e+003 +5.5223461e-007
+3.0560000e+003 +6.7236743e-007
+3.0720000e+003 +6.2362608e-007
+3.0880000e+003 +5.1163255e-007
+3.1040000e+003 +4.0459133e-007
+3.1200000e+003 +5.3107732e-007
+3.1360000e+003 +5.2016395e-007
+3.1520000e+003 +5.0708917e-007
+3.1680000e+003 +5.1973922e-007
+3.1840000e+003 +5.5066522e-007
+3.2000000e+003 +4.6160287e-007
+3.2160000e+003 +4.9786610e-007
+3.2320000e+003 +5.1231211e-007
+3.2480000e+003 +5.9500729e-007
+3.2640000e+003 +5.9800300e-007
+3.2800000e+003 +5.7098185e-007
+3.2960000e+003 +5.3684670e-007
+3.3120000e+003 +5.2363532e-007
+3.3280000e+003 +6.0026395e-007
+3.3440000e+003 +5.4136297e-007
+3.3600000e+003 +5.0503496e-007
+3.3760000e+003 +6.4519423e-007
+3.3920000e+003 +6.9737564e-007
+3.4080000e+003 +6.8831258e-007
+3.4240000e+003 +8.3614987e-007
+3.4400000e+003 +8.3477761e-007
+3.4560000e+003 +6.3409738e-007
+3.4720000e+003 +6.7012695e-007
+3.4880000e+003 +5.5804202e-007
+3.5040000e+003 +5.4977170e-007
+3.5200000e+003 +5.8530105e-007
+3.5360000e+003 +5.6405480e-007
+3.5520000e+003 +5.5659302e-007
+3.5680000e+003 +5.2701353e-007
+3.5840000e+003 +5.6660906e-007
+3.6000000e+003 +4.9609162e-007
+3.6160000e+003 +5.1421466e-007
+3.6320000e+003 +4.6377053e-007
+3.6480000e+003 +4.7055022e-007
+3.6640000e+003 +4.8098474e-007
+3.6800000e+003 +4.7686950e-007
+3.6960000e+003 +4.6353841e-007
+3.7120000e+003 +4.0392865e-007
+3.7280000e+003 +5.0478775e-007
+3.7440000e+003 +5.3655560e-007
+3.7600000e+003 +4.5375580e-007
+3.7760000e+003 +4.4539715e-007
+3.7920000e+003 +4.2089627e-007
+3.8080000e+003 +4.4366595e-007
+3.8240000e+003 +4.8805413e-007
+3.8400000e+003 +5.0932391e-007
+3.8560000e+003 +4.8368452e-007
+3.8720000e+003 +4.8397459e-007
+3.8880000e+003 +4.8266651e-007
+3.9040000e+003 +4.4551504e-007
+3.9200000e+003 +4.4864041e-007
+3.9360000e+003 +4.2276324e-007
+3.9520000e+003 +3.9816916e-007
+3.9680000e+003 +4.7265249e-007
+3.9840000e+003 +5.1796809e-007
+4.0000000e+003 +4.7412601e-007
+4.0160000e+003 +3.7954786e-007
+4.0320000e+003 +4.0209895e-007
+4.0480000e+003 +4.4491964e-007
+4.0640000e+003 +4.6787133e-007
+4.0800000e+003 +4.0313822e-007
+4.0960000e+003 +4.4255330e-007
+4.1120000e+003 +3.3688823e-007
+4.1280000e+003 +4.5024120e-007
+4.1440000e+003 +4.1929482e-007
+4.1600000e+003 +4.3258379e-007
+4.1760000e+003 +4.6708553e-007
+4.1920000e+003 +4.4073442e-007
+4.2080000e+003 +4.0989204e-007
+4.2240000e+003 +3.5499045e-007
+4.2400000e+003 +3.4476054e-007
+4.2560000e+003 +3.0008110e-007
+4.2720000e+003 +2.7849691e-007
+4.2880000e+003 +2.9574878e-007
+4.3040000e+003 +3.5631382e-007
+4.3200000e+003 +4.0772451e-007
+4.3360000e+003 +4.4460222e-007
+4.3520000e+003 +3.8460323e-007
+4.3680000e+003 +3.7282300e-007
+4.3840000e+003 +4.3089008e-007
+4.4000000e+003 +4.2980665e-007
+4.4160000e+003 +4.1569416e-007
+4.4320000e+003 +3.7268671e-007
+4.4480000e+003 +3.3820206e-007
+4.4640000e+003 +3.5335023e-007
+4.4800000e+003 +3.7924710e-007
+4.4960000e+003 +4.4697509e-007
+4.5120000e+003 +4.1766461e-007
+4.5280000e+003 +3.9697093e-007
+4.5440000e+003 +3.8011544e-007
+4.5600000e+003 +3.5541908e-007
+4.5760000e+003 +3.3609649e-007
+4.5920000e+003 +4.2570048e-007
+4.6080000e+003 +4.1014954e-007
+4.6240000e+003 +4.3473310e-007
+4.6400000e+003 +4.0128478e-007
+4.6560000e+003 +3.4051291e-007
+4.6720000e+003 +3.1299354e-007
+4.6880000e+003 +3.0495568e-007
+4.7040000e+003 +3.3850037e-007
+4.7200000e+003 +3.9836419e-007
+4.7360000e+003 +3.7390524e-007
+4.7520000e+003 +4.4189343e-007
+4.7680000e+003 +5.2109857e-007
+4.7840000e+003 +4.5129838e-007
+4.8000000e+003 +3.7802735e-007
+4.8160000e+003 +3.6137780e-007
+4.8320000e+003 +3.2453744e-007
+4.8480000e+003 +3.6607256e-007
+4.8640000e+003 +3.5131580e-007
+4.8800000e+003 +3.8209467e-007
+4.8960000e+003 +3.9550437e-007
+4.9120000e+003 +3.5669899e-007
+4.9280000e+003 +3.1142218e-007
+4.9440000e+003 +3.1964137e-007
+4.9600000e+003 +3.2397921e-007
+4.9760000e+003 +3.0314396e-007
+4.9920000e+003 +3.1107942e-007
+5.0080000e+003 +2.9410799e-007
+5.0240000e+003 +4.0366308e-007
+5.0400000e+003 +4.2217366e-007
+5.0560000e+003 +3.6437831e-007
+5.0720000e+003 +3.8079926e-007
+5.0880000e+003 +3.1421038e-007
+5.1040000e+003 +3.1584088e-007
+5.1200000e+003 +4.2541640e-007
+5.1360000e+003 +3.7972043e-007
+5.1520000e+003 +3.3117692e-007
+5.1680000e+003 +3.1287914e-007
+5.1840000e+003 +3.0397152e-007
+5.2000000e+003 +3.7121285e-007
+5.2160000e+003 +3.7976920e-007
+5.2320000e+003 +3.5218477e-007
+5.2480000e+003 +2.9953961e-007
+5.2640000e+003 +3.1349154e-007
+5.2800000e+003 +3.4092403e-007
+5.2960000e+003 +3.2836940e-007
+5.3120000e+003 +2.8211929e-007
+5.3280000e+003 +3.4478589e-007
+5.3440000e+003 +2.9763652e-007
+5.3600000e+003 +3.7907725e-007
+5.3760000e+003 +3.6025824e-007
+5.3920000e+003 +3.2598126e-007
+5.4080000e+003 +2.5256787e-007
+5.4240000e+003 +2.9074192e-007
+5.4400000e+003 +3.3562853e-007
+5.4560000e+003 +3.6854348e-007
+5.4720000e+003 +3.2167844e-007
+5.4880000e+003 +3.4495744e-007
+5.5040000e+003 +3.1232344e-007
+5.5200000e+003 +3.4199289e-007
+5.5360000e+003 +3.1432873e-007
+5.5520000e+003 +3.6593713e-007
+5.5680000e+003 +3.0746037e-007
+5.5840000e+003 +3.2396673e-007
+5.6000000e+003 +3.1382939e-007
+5.6160000e+003 +3.4706895e-007
+5.6320000e+003 +3.1935127e-007
+5.6480000e+003 +3.7425804e-007
+5.6640000e+003 +2.5660356e-007
+5.6800000e+003 +2.5199392e-007
+5.6960000e+003 +3.3217947e-007
+5.7120000e+003 +3.7079286e-007
+5.7280000e+003 +3.4351100e-007
+5.7440000e+003 +2.5516425e-007
+5.7600000e+003 +2.6111337e-007
+5.7760000e+003 +2.9095139e-007
+5.7920000e+003 +2.4965556e-007
+5.8080000e+003 +3.2763003e-007
+5.8240000e+003 +3.3434637e-007
+5.8400000e+003 +3.1491840e-007
+5.8560000e+003 +2.9775353e-007
+5.8720000e+003 +2.5821109e-007
+5.8880000e+003 +3.2640497e-007
+5.9040000e+003 +3.1955153e-007
+5.9200000e+003 +3.0109265e-007
+5.9360000e+003 +3.4221000e-007
+5.9520000e+003 +3.3813745e-007
+5.9680000e+003 +3.4295363e-007
+5.9840000e+003 +3.4630423e-007
+6.0000000e+003 +2.7206690e-007
+6.0160000e+003 +2.5187305e-007
+6.0320000e+003 +3.0363063e-007
+6.0480000e+003 +3.3481291e-007
+6.0640000e+003 +3.0311466e-007
+6.0800000e+003 +2.6158281e-007
+6.0960000e+003 +2.8430122e-007
+6.1120000e+003 +3.0816062e-007
+6.1280000e+003 +2.7671780e-007
+6.1440000e+003 +3.2914690e-007
+6.1600000e+003 +3.1240472e-007
+6.1760000e+003 +3.2445192e-007
+6.1920000e+003 +2.6692499e-007
+6.2080000e+003 +2.3694790e-007
+6.2240000e+003 +2.8249497e-007
+6.2400000e+003 +2.7705920e-007
+6.2560000e+003 +2.6605480e-007
+6.2720000e+003 +2.9226763e-007
+6.2880000e+003 +3.5317026e-007
+6.3040000e+003 +3.6380786e-007
+6.3200000e+003 +3.3096100e-007
+6.3360000e+003 +2.4882749e-007
+6.3520000e+003 +2.4961116e-007
+6.3680000e+003 +2.5979963e-007
+6.3840000e+003 +2.8459357e-007
+6.4000000e+003 +2.9463288e-007
+6.4160000e+003 +3.4387628e-007
+6.4320000e+003 +3.0365564e-007
+6.4480000e+003 +2.8530940e-007
+6.4640000e+003 +2.7521705e-007
+6.4800000e+003 +2.8113351e-007
+6.4960000e+003 +3.0232860e-007
+6.5120000e+003 +2.6111223e-007
+6.5280000e+003 +2.6376546e-007
+6.5440000e+003 +2.0021055e-007
+6.5600000e+003 +2.6405812e-007
+6.5760000e+003 +2.9632702e-007
+6.5920000e+003 +2.2574798e-007
+6.6080000e+003 +2.5495365e-007
+6.6240000e+003 +2.4803154e-007
+6.6400000e+003 +2.9699734e-007
+6.6560000e+003 +2.6163337e-007
+6.6720000e+003 +2.2682975e-007
+6.6880000e+003 +2.4814187e-007
+6.7040000e+003 +2.5931487e-007
+6.7200000e+003 +3.3640256e-007
+6.7360000e+003 +3.7986720e-007
+6.7520000e+003 +3.5546395e-007
+6.7680000e+003 +3.2331042e-007
+6.7840000e+003 +3.0708082e-007
+6.8000000e+003 +3.4286478e-007
+6.8160000e+003 +2.9469012e-007
+6.8320000e+003 +2.5537278e-007
+6.8480000e+003 +2.6814430e-007
+6.8640000e+003 +3.0745599e-007
+6.8800000e+003 +3.1472655e-007
+6.8960000e+003 +3.5152570e-007
+6.9120000e+003 +2.8121318e-007
+6.9280000e+003 +2.5366228e-007
+6.9440000e+003 +2.6436069e-007
+6.9600000e+003 +2.0391882e-007
+6.9760000e+003 +2.5220956e-007
+6.9920000e+003 +3.0814101e-007
+7.0080000e+003 +2.5849221e-007
+7.0240000e+003 +2.8588542e-007
+7.0400000e+003 +2.4809475e-007
+7.0560000e+003 +3.0928157e-007
+7.0720000e+003 +3.3654959e-007
+7.0880000e+003 +3.1689058e-007
+7.1040000e+003 +2.9150715e-007
+7.1200000e+003 +3.0062193e-007
+7.1360000e+003 +2.6845419e-007
+7.1520000e+003 +2.2583524e-007
+7.1680000e+003 +2.9703779e-007
+7.1840000e+003 +3.2028848e-007
+7.2000000e+003 +2.8340460e-007
+7.2160000e+003 +2.6029585e-007
+7.2320000e+003 +2.7464984e-007
+7.2480000e+003 +3.0614899e-007
+7.2640000e+003 +3.2224298e-007
+7.2800000e+003 +3.1189680e-007
+7.2960000e+003 +2.4125316e-007
+7.3120000e+003 +3.1430974e-007
+7.3280000e+003 +3.0636789e-007
+7.3440000e+003 +2.5114099e-007
+7.3600000e+003 +2.3515726e-007
+7.3760000e+003 +2.7224888e-007
+7.3920000e+003 +2.7837220e-007
+7.4080000e+003 +2.6788564e-007
+7.4240000e+003 +2.7685729e-007
+7.4400000e+003 +2.7628701e-007
+7.4560000e+003 +3.1849896e-007
+7.4720000e+003 +2.9722275e-007
+7.4880000e+003 +2.4273842e-007
+7.5040000e+003 +2.5714874e-007
+7.5200000e+003 +2.5804900e-007
+7.5360000e+003 +2.9757183e-007
+7.5520000e+003 +3.3163030e-007
+7.5680000e+003 +3.1516294e-007
+7.5840000e+003 +2.9080832e-007
+7.6000000e+003 +2.5472141e-007
+7.6160000e+003 +2.7348619e-007
+7.6320000e+003 +2.3660682e-007
+7.6480000e+003 +2.8579598e-007
+7.6640000e+003 +2.3992260e-007
+7.6800000e+003 +2.3245721e-007
+7.6960000e+003 +2.9168578e-007
+7.7120000e+003 +2.7976787e-007
+7.7280000e+003 +2.3279921e-007
+7.7440000e+003 +2.3001054e-007
+7.7600000e+003 +2.3754441e-007
+7.7760000e+003 +2.2174912e-007
+7.7920000e+003 +2.0413140e-007
+7.8080000e+003 +2.6570157e-007
+7.8240000e+003 +2.8474014e-007
+7.8400000e+003 +3.0926901e-007
+7.8560000e+003 +2.5149805e-007
+7.8720000e+003 +2.8921178e-007
+7.8880000e+003 +3.1265867e-007
+7.9040000e+003 +2.7933049e-007
+7.9200000e+003 +2.3218325e-007
+7.9360000e+003 +2.5998082e-007
+7.9520000e+003 +3.0784074e-007
+7.9680000e+003 +3.4294459e-007
+7.9840000e+003 +2.7269942e-007
+8.0000000e+003 +2.4214773e-007
+8.0160000e+003 +2.1138455e-007
+8.0320000e+003 +2.6166470e-007
+8.0480000e+003 +2.9602947e-007
+8.0640000e+003 +2.7303736e-007
+8.0800000e+003 +2.8557767e-007
+8.0960000e+003 +3.3113437e-007
+8.1120000e+003 +2.9961953e-007
+8.1280000e+003 +3.0514323e-007
+8.1440000e+003 +3.2380566e-007
+8.1600000e+003 +2.7036774e-007
+8.1760000e+003 +3.0614260e-007
+8.1920000e+003 +2.9247565e-007
+8.2080000e+003 +2.3608159e-007
+8.2240000e+003 +3.2931354e-007
+8.2400000e+003 +2.6462843e-007
+8.2560000e+003 +2.4752799e-007
+8.2720000e+003 +2.5820856e-007
+8.2880000e+003 +2.3744585e-007
+8.3040000e+003 +2.6506606e-007
+8.3200000e+003 +2.5969297e-007
+8.3360000e+003 +2.6724962e-007
+8.3520000e+003 +2.6456482e-007
+8.3680000e+003 +2.4396240e-007
+8.3840000e+003 +2.4278958e-007
+8.4000000e+003 +2.2875933e-007
+8.4160000e+003 +2.1062651e-007
+8.4320000e+003 +2.4347779e-007
+8.4480000e+003 +2.3425197e-007
+8.4640000e+003 +2.1150713e-007
+8.4800000e+003 +2.0632883e-007
+8.4960000e+003 +2.1075930e-007
+8.5120000e+003 +2.2134654e-007
+8.5280000e+003 +2.8193475e-007
+8.5440000e+003 +2.6201340e-007
+8.5600000e+003 +1.9722975e-007
+8.5760000e+003 +2.3177013e-007
+8.5920000e+003 +2.3104450e-007
+8.6080000e+003 +2.1397888e-007
+8.6240000e+003 +2.2288293e-007
+8.6400000e+003 +2.1475959e-007
+8.6560000e+003 +2.4169856e-007
+8.6720000e+003 +2.6224998e-007
+8.6880000e+003 +2.4952786e-007
+8.7040000e+003 +2.7175818e-007
+8.7200000e+003 +2.5535567e-007
+8.7360000e+003 +2.5294750e-007
+8.7520000e+003 +2.1769941e-007
+8.7680000e+003 +2.3976040e-007
+8.7840000e+003 +2.3470302e-007
+8.8000000e+003 +2.3149673e-007
+8.8160000e+003 +2.6133222e-007
+8.8320000e+003 +2.7727802e-007
+8.8480000e+003 +2.9153369e-007
+8.8640000e+003 +3.1434391e-007
+8.8800000e+003 +2.5773130e-007
+8.8960000e+003 +2.4119541e-007
+8.9120000e+003 +2.4551798e-007
+8.9280000e+003 +2.1553606e-007
+8.9440000e+003 +2.2032430e-007
+8.9600000e+003 +2.4150916e-007
+8.9760000e+003 +2.3397051e-007
+8.9920000e+003 +2.3882558e-007
+9.0080000e+003 +1.8989600e-007
+9.0240000e+003 +1.7260331e-007
+9.0400000e+003 +2.1316846e-007
+9.0560000e+003 +2.6716248e-007
+9.0720000e+003 +3.1644066e-007
+9.0880000e+003 +2.7197282e-007
+9.1040000e+003 +2.6791534e-007
+9.1200000e+003 +2.5522448e-007
+9.1360000e+003 +2.2376247e-007
+9.1520000e+003 +2.2786141e-007
+9.1680000e+003 +2.3412342e-007
+9.1840000e+003 +2.4629827e-007
+9.2000000e+003 +2.1245253e-007
+9.2160000e+003 +2.3848389e-007
+9.2320000e+003 +2.3776647e-007
+9.2480000e+003 +2.9889208e-007
+9.2640000e+003 +3.1285921e-007
+9.2800000e+003 +2.4445978e-007
+9.2960000e+003 +2.1062212e-007
+9.3120000e+003 +1.8594862e-007
+9.3280000e+003 +2.3357677e-007
+9.3440000e+003 +2.2729520e-007
+9.3600000e+003 +2.2359227e-007
+9.3760000e+003 +2.4017774e-007
+9.3920000e+003 +2.2242359e-007
+9.4080000e+003 +2.2282421e-007
+9.4240000e+003 +2.4486837e-007
+9.4400000e+003 +3.3274893e-007
+9.4560000e+003 +3.2104262e-007
+9.4720000e+003 +2.1586098e-007
+9.4880000e+003 +2.2734562e-007
+9.5040000e+003 +2.9266744e-007
+9.5200000e+003 +2.3632927e-007
+9.5360000e+003 +2.1630559e-007
+9.5520000e+003 +2.5265356e-007
+9.5680000e+003 +2.4691209e-007
+9.5840000e+003 +2.4787121e-007
+9.6000000e+003 +2.2171211e-007
+9.6160000e+003 +2.0533626e-007
+9.6320000e+003 +2.3243271e-007
+9.6480000e+003 +2.6139449e-007
+9.6640000e+003 +2.6949434e-007
+9.6800000e+003 +2.4563366e-007
+9.6960000e+003 +2.5914267e-007
+9.7120000e+003 +2.4009100e-007
+9.7280000e+003 +2.2738232e-007
+9.7440000e+003 +2.4029353e-007
+9.7600000e+003 +2.0487101e-007
+9.7760000e+003 +2.3403140e-007
+9.7920000e+003 +2.3527916e-007
+9.8080000e+003 +2.9144985e-007
+9.8240000e+003 +2.3168388e-007
+9.8400000e+003 +1.8273501e-007
+9.8560000e+003 +2.1877119e-007
+9.8720000e+003 +2.2111335e-007
+9.8880000e+003 +2.2523821e-007
+9.9040000e+003 +2.7472223e-007
+9.9200000e+003 +2.5009234e-007
+9.9360000e+003 +1.7524155e-007
+9.9520000e+003 +1.9573196e-007
+9.9680000e+003 +2.5068533e-007
+9.9840000e+003 +2.7302778e-007
+1.0000000e+004 +2.4569758e-007
+1.0016000e+004 +2.2952013e-007
+1.0032000e+004 +2.0117238e-007
+1.0048000e+004 +1.7130287e-007
+1.0064000e+004 +2.3021595e-007
+1.0080000e+004 +2.5497968e-007
+1.0096000e+004 +2.0914176e-007
+1.0112000e+004 +1.5193298e-007
+1.0128000e+004 +1.7115285e-007
+1.0144000e+004 +2.1386660e-007
+1.0160000e+004 +2.1173878e-007
+1.0176000e+004 +2.2854167e-007
+1.0192000e+004 +2.5521663e-007
+1.0208000e+004 +2.1793306e-007
+1.0224000e+004 +2.4165240e-007
+1.0240000e+004 +2.7585781e-007
+1.0256000e+004 +2.6161010e-007
+1.0272000e+004 +2.5687416e-007
+1.0288000e+004 +2.5651454e-007
+1.0304000e+004 +2.0842769e-007
+1.0320000e+004 +2.0360784e-007
+1.0336000e+004 +2.3123458e-007
+1.0352000e+004 +2.0849247e-007
+1.0368000e+004 +2.4478209e-007
+1.0384000e+004 +2.4118111e-007
+1.0400000e+004 +2.3453146e-007
+1.0416000e+004 +1.9801566e-007
+1.0432000e+004 +2.0828197e-007
+1.0448000e+004 +2.4723681e-007
+1.0464000e+004 +2.7585628e-007
+1.0480000e+004 +2.8218713e-007
+1.0496000e+004 +2.6793475e-007
+1.0512000e+004 +2.1787827e-007
+1.0528000e+004 +2.1173507e-007
+1.0544000e+004 +1.9857541e-007
+1.0560000e+004 +2.1006669e-007
+1.0576000e+004 +2.0413499e-007
+1.0592000e+004 +2.4291251e-007
+1.0608000e+004 +2.0355084e-007
+1.0624000e+004 +2.0749245e-007
+1.0640000e+004 +2.4137131e-007
+1.0656000e+004 +2.6474004e-007
+1.0672000e+004 +2.9272272e-007
+1.0688000e+004 +3.2274545e-007
+1.0704000e+004 +2.3079932e-007
+1.0720000e+004 +2.7408981e-007
+1.0736000e+004 +2.8249403e-007
+1.0752000e+004 +2.3579767e-007
+1.0768000e+004 +1.7947778e-007
+1.0784000e+004 +1.9361677e-007
+1.0800000e+004 +2.3263696e-007
+1.0816000e+004 +2.1094912e-007
+1.0832000e+004 +1.5931973e-007
+1.0848000e+004 +1.8675887e-007
+1.0864000e+004 +2.0595765e-007
+1.0880000e+004 +1.8571887e-007
+1.0896000e+004 +2.0441624e-007
+1.0912000e+004 +2.4404520e-007
+1.0928000e+004 +2.5113079e-007
+1.0944000e+004 +2.7238909e-007
+1.0960000e+004 +2.0077542e-007
+1.0976000e+004 +2.3445448e-007
+1.0992000e+004 +2.3895069e-007
+1.1008000e+004 +2.9536099e-007
+1.1024000e+004 +2.3478034e-007
+1.1040000e+004 +2.0934324e-007
+1.1056000e+004 +1.9209895e-007
+1.1072000e+004 +2.5467443e-007
+1.1088000e+004 +2.3059718e-007
+1.1104000e+004 +2.2732465e-007
+1.1120000e+004 +2.7262516e-007
+1.1136000e+004 +3.0968764e-007
+1.1152000e+004 +2.7655986e-007
+1.1168000e+004 +1.9459520e-007
+1.1184000e+004 +2.1051252e-007
+1.1200000e+004 +2.1227883e-007
+1.1216000e+004 +2.1624291e-007
+1.1232000e+004 +2.2113642e-007
+1.1248000e+004 +2.1555594e-007
+1.1264000e+004 +2.5434304e-007
+1.1280000e+004 +2.8836709e-007
+1.1296000e+004 +2.7091062e-007
+1.1312000e+004 +2.1856953e-007
+1.1328000e+004 +2.0598591e-007
+1.1344000e+004 +1.7670628e-007
+1.1360000e+004 +2.2253302e-007
+1.1376000e+004 +2.3513326e-007
+1.1392000e+004 +2.3231968e-007
+1.1408000e+004 +2.4858255e-007
+1.1424000e+004 +2.3875714e-007
+1.1440000e+004 +2.0450581e-007
+1.1456000e+004 +1.7940468e-007
+1.1472000e+004 +2.0150308e-007
+1.1488000e+004 +2.2782564e-007
+1.1504000e+004 +2.1660932e-007
+1.1520000e+004 +1.9509322e-007
+1.1536000e+004 +1.8822458e-007
+1.1552000e+004 +2.5096153e-007
+1.1568000e+004 +2.5466326e-007
+1.1584000e+004 +2.1300797e-007
+1.1600000e+004 +2.1385674e-007
+1.1616000e+004 +1.6725188e-007
+1.1632000e+004 +1.9237186e-007
+1.1648000e+004 +2.1688538e-007
+1.1664000e+004 +1.8741044e-007
+1.1680000e+004 +1.9694086e-007
+1.1696000e+004 +1.9518600e-007
+1.1712000e+004 +2.4086276e-007
+1.1728000e+004 +2.8720839e-007
+1.1744000e+004 +2.6118076e-007
+1.1760000e+004 +2.8072881e-007
+1.1776000e+004 +2.4907322e-007
+1.1792000e+004 +1.8148693e-007
+1.1808000e+004 +2.1749585e-007
+1.1824000e+004 +2.3574719e-007
+1.1840000e+004 +2.1567952e-007
+1.1856000e+004 +1.9376584e-007
+1.1872000e+004 +1.8031585e-007
+1.1888000e+004 +2.4874799e-007
+1.1904000e+004 +2.4642162e-007
+1.1920000e+004 +2.2125057e-007
+1.1936000e+004 +2.5249744e-007
+1.1952000e+004 +2.2651915e-007
+1.1968000e+004 +1.7693576e-007
+1.1984000e+004 +2.0251559e-007
+1.2000000e+004 +2.4286399e-007
+1.2016000e+004 +2.4772973e-007
+1.2032000e+004 +2.7468451e-007
+1.2048000e+004 +2.1380039e-007
+1.2064000e+004 +2.1394928e-007
+1.2080000e+004 +2.7334752e-007
+1.2096000e+004 +2.5045424e-007
+1.2112000e+004 +2.7557536e-007
+1.2128000e+004 +2.3682669e-007
+1.2144000e+004 +2.1652681e-007
+1.2160000e+004 +2.1954963e-007
+1.2176000e+004 +2.2764036e-007
+1.2192000e+004 +2.0266285e-007
+1.2208000e+004 +2.1201120e-007
+1.2224000e+004 +2.3673623e-007
+1.2240000e+004 +2.4135065e-007
+1.2256000e+004 +2.3194197e-007
+1.2272000e+004 +2.3472519e-007
+1.2288000e+004 +2.1969214e-007
+1.2304000e+004 +2.1083798e-007
+1.2320000e+004 +2.0420717e-007
+1.2336000e+004 +2.5776836e-007
+1.2352000e+004 +2.8126163e-007
+1.2368000e+004 +2.5207223e-007
+1.2384000e+004 +1.8216708e-007
+1.2400000e+004 +1.7781760e-007
+1.2416000e+004 +1.9818161e-007
+1.2432000e+004 +2.6820084e-007
+1.2448000e+004 +2.6195531e-007
+1.2464000e+004 +2.5606064e-007
+1.2480000e+004 +2.8190627e-007
+1.2496000e+004 +2.3334864e-007
+1.2512000e+004 +2.4677115e-007
+1.2528000e+004 +2.7367906e-007
+1.2544000e+004 +2.4148770e-007
+1.2560000e+004 +2.5954787e-007
+1.2576000e+004 +2.4020517e-007
+1.2592000e+004 +2.3750894e-007
+1.2608000e+004 +2.4331317e-007
+1.2624000e+004 +1.9368458e-007
+1.2640000e+004 +1.9183632e-007
+1.2656000e+004 +2.3627246e-007
+1.2672000e+004 +2.3535564e-007
+1.2688000e+004 +2.1011836e-007
+1.2704000e+004 +2.6237902e-007
+1.2720000e+004 +2.3841294e-007
+1.2736000e+004 +1.9993399e-007
+1.2752000e+004 +2.1499811e-007
+1.2768000e+004 +2.5510823e-007
+1.2784000e+004 +2.3767747e-007
+1.2800000e+004 +2.3843572e-007
#Display #2 length= 513
+0.0000000e+000 +8.4618622e-001
+1.5441895e-002 +8.4522575e-001
+3.0883789e-002 +8.4522575e-001
+4.6325684e-002 +8.4522575e-001
+6.1767578e-002 +8.4522575e-001
+7.7209473e-002 +8.4522575e-001
+9.2651367e-002 +8.4522575e-001
+1.0809326e-001 +8.4522575e-001
+1.2353516e-001 +8.4522575e-001
+1.3897705e-001 +8.4522575e-001
+1.5441895e-001 +8.4522575e-001
+1.6986084e-001 +8.4522575e-001
+1.8530273e-001 +8.4522575e-001
+2.0074463e-001 +8.4618622e-001
+2.1618652e-001 +8.4522575e-001
+2.3162842e-001 +8.4522575e-001
+2.4707031e-001 +8.4618622e-001
+2.6251221e-001 +8.4618622e-001
+2.7795410e-001 +8.4522575e-001
+2.9339600e-001 +8.4522575e-001
+3.0883789e-001 +8.4522575e-001
+3.2427979e-001 +8.4522575e-001
+3.3972168e-001 +8.4618622e-001
+3.5516357e-001 +8.4522575e-001
+3.7060547e-001 +8.4714675e-001
+3.8604736e-001 +8.4522575e-001
+4.0148926e-001 +8.4522575e-001
+4.1693115e-001 +8.4618622e-001
+4.3237305e-001 +8.4522575e-001
+4.4781494e-001 +8.4522575e-001
+4.6325684e-001 +8.4522575e-001
+4.7869873e-001 +8.4522575e-001
+4.9414063e-001 +8.4618622e-001
+5.0958252e-001 +8.4522575e-001
+5.2502441e-001 +8.4618622e-001
+5.4046631e-001 +8.4618622e-001
+5.5590820e-001 +8.4522575e-001
+5.7135010e-001 +8.4426528e-001
+5.8679199e-001 +8.4522575e-001
+6.0223389e-001 +8.4522575e-001
+6.1767578e-001 +8.4618622e-001
+6.3311768e-001 +8.4522575e-001
+6.4855957e-001 +8.4618622e-001
+6.6400146e-001 +8.4522575e-001
+6.7944336e-001 +8.4522575e-001
+6.9488525e-001 +8.4618622e-001
+7.1032715e-001 +8.4522575e-001
+7.2576904e-001 +8.4522575e-001
+7.4121094e-001 +8.4522575e-001
+7.5665283e-001 +8.4618622e-001
+7.7209473e-001 +8.4426528e-001
+7.8753662e-001 +8.4522575e-001
+8.0297852e-001 +8.4522575e-001
+8.1842041e-001 +8.4522575e-001
+8.3386230e-001 +8.4522575e-001
+8.4930420e-001 +8.4522575e-001
+8.6474609e-001 +8.4522575e-001
+8.8018799e-001 +8.4618622e-001
+8.9562988e-001 +8.4618622e-001
+9.1107178e-001 +8.4522575e-001
+9.2651367e-001 +8.4522575e-001
+9.4195557e-001 +8.4618622e-001
+9.5739746e-001 +8.4618622e-001
+9.7283936e-001 +8.4522575e-001
+9.8828125e-001 +8.4522575e-001
+1.0037231e+000 +8.4522575e-001
+1.0191650e+000 +8.4618622e-001
+1.0346069e+000 +8.4522575e-001
+1.0500488e+000 +8.4618622e-001
+1.0654907e+000 +8.4522575e-001
+1.0809326e+000 +8.4522575e-001
+1.0963745e+000 +8.4522575e-001
+1.1118164e+000 +8.4522575e-001
+1.1272583e+000 +8.4522575e-001
+1.1427002e+000 +8.4522575e-001
+1.1581421e+000 +8.4618622e-001
+1.1735840e+000 +8.4522575e-001
+1.1890259e+000 +8.4522575e-001
+1.2044678e+000 +8.4522575e-001
+1.2199097e+000 +8.4426528e-001
+1.2353516e+000 +8.4522575e-001
+1.2507935e+000 +8.4522575e-001
+1.2662354e+000 +8.4618622e-001
+1.2816772e+000 +8.4618622e-001
+1.2971191e+000 +8.4618622e-001
+1.3125610e+000 +8.4522575e-001
+1.3280029e+000 +8.4618622e-001
+1.3434448e+000 +8.4522575e-001
+1.3588867e+000 +8.4522575e-001
+1.3743286e+000 +8.4618622e-001
+1.3897705e+000 +8.4522575e-001
+1.4052124e+000 +8.4522575e-001
+1.4206543e+000 +8.4426528e-001
+1.4360962e+000 +8.4522575e-001
+1.4515381e+000 +8.4618622e-001
+1.4669800e+000 +8.4522575e-001
+1.4824219e+000 +8.4618622e-001
+1.4978638e+000 +8.4522575e-001
+1.5133057e+000 +8.4522575e-001
+1.5287476e+000 +8.4426528e-001
+1.5441895e+000 +8.4522575e-001
+1.5596313e+000 +8.4522575e-001
+1.5750732e+000 +8.4522575e-001
+1.5905151e+000 +8.4522575e-001
+1.6059570e+000 +8.4522575e-001
+1.6213989e+000 +8.4522575e-001
+1.6368408e+000 +8.4426528e-001
+1.6522827e+000 +8.4522575e-001
+1.6677246e+000 +8.4618622e-001
+1.6831665e+000 +8.4522575e-001
+1.6986084e+000 +8.4618622e-001
+1.7140503e+000 +8.4426528e-001
+1.7294922e+000 +8.4522575e-001
+1.7449341e+000 +8.4522575e-001
+1.7603760e+000 +8.4522575e-001
+1.7758179e+000 +8.4618622e-001
+1.7912598e+000 +8.4618622e-001
+1.8067017e+000 +8.4522575e-001
+1.8221436e+000 +8.4522575e-001
+1.8375854e+000 +8.4618622e-001
+1.8530273e+000 +8.4522575e-001
+1.8684692e+000 +8.4618622e-001
+1.8839111e+000 +8.4714675e-001
+1.8993530e+000 +8.4522575e-001
+1.9147949e+000 +8.4522575e-001
+1.9302368e+000 +8.4522575e-001
+1.9456787e+000 +8.4522575e-001
+1.9611206e+000 +8.4618622e-001
+1.9765625e+000 +8.4522575e-001
+1.9920044e+000 +8.4522575e-001
+2.0074463e+000 +8.4522575e-001
+2.0228882e+000 +8.4522575e-001
+2.0383301e+000 +8.4618622e-001
+2.0537720e+000 +8.4522575e-001
+2.0692139e+000 +8.4522575e-001
+2.0846558e+000 +8.4618622e-001
+2.1000977e+000 +8.4522575e-001
+2.1155396e+000 +8.4522575e-001
+2.1309814e+000 +8.4522575e-001
+2.1464233e+000 +8.4522575e-001
+2.1618652e+000 +8.4522575e-001
+2.1773071e+000 +8.4522575e-001
+2.1927490e+000 +8.4522575e-001
+2.2081909e+000 +8.4522575e-001
+2.2236328e+000 +8.4522575e-001
+2.2390747e+000 +8.4618622e-001
+2.2545166e+000 +8.4522575e-001
+2.2699585e+000 +8.4522575e-001
+2.2854004e+000 +8.4522575e-001
+2.3008423e+000 +8.4618622e-001
+2.3162842e+000 +8.4522575e-001
+2.3317261e+000 +8.4522575e-001
+2.3471680e+000 +8.4522575e-001
+2.3626099e+000 +8.4618622e-001
+2.3780518e+000 +8.4522575e-001
+2.3934937e+000 +8.4522575e-001
+2.4089355e+000 +8.4426528e-001
+2.4243774e+000 +8.4522575e-001
+2.4398193e+000 +8.4618622e-001
+2.4552612e+000 +8.4618622e-001
+2.4707031e+000 +8.4522575e-001
+2.4861450e+000 +8.4522575e-001
+2.5015869e+000 +8.4618622e-001
+2.5170288e+000 +8.4522575e-001
+2.5324707e+000 +8.4522575e-001
+2.5479126e+000 +8.4522575e-001
+2.5633545e+000 +8.4618622e-001
+2.5787964e+000 +8.4522575e-001
+2.5942383e+000 +8.4522575e-001
+2.6096802e+000 +8.4522575e-001
+2.6251221e+000 +8.4522575e-001
+2.6405640e+000 +8.4618622e-001
+2.6560059e+000 +8.4618622e-001
+2.6714478e+000 +8.4522575e-001
+2.6868896e+000 +8.4618622e-001
+2.7023315e+000 +8.4522575e-001
+2.7177734e+000 +8.4522575e-001
+2.7332153e+000 +8.4426528e-001
+2.7486572e+000 +8.4522575e-001
+2.7640991e+000 +8.4522575e-001
+2.7795410e+000 +8.4522575e-001
+2.7949829e+000 +8.4618622e-001
+2.8104248e+000 +8.4522575e-001
+2.8258667e+000 +8.4522575e-001
+2.8413086e+000 +8.4618622e-001
+2.8567505e+000 +8.4618622e-001
+2.8721924e+000 +8.4522575e-001
+2.8876343e+000 +8.4618622e-001
+2.9030762e+000 +8.4522575e-001
+2.9185181e+000 +8.4522575e-001
+2.9339600e+000 +8.4522575e-001
+2.9494019e+000 +8.4618622e-001
+2.9648438e+000 +8.4522575e-001
+2.9802856e+000 +8.4618622e-001
+2.9957275e+000 +8.4522575e-001
+3.0111694e+000 +8.4522575e-001
+3.0266113e+000 +8.4522575e-001
+3.0420532e+000 +8.4618622e-001
+3.0574951e+000 +8.4522575e-001
+3.0729370e+000 +8.4522575e-001
+3.0883789e+000 +8.4522575e-001
+3.1038208e+000 +8.4618622e-001
+3.1192627e+000 +8.4522575e-001
+3.1347046e+000 +8.4618622e-001
+3.1501465e+000 +8.4522575e-001
+3.1655884e+000 +8.4522575e-001
+3.1810303e+000 +8.4618622e-001
+3.1964722e+000 +8.4618622e-001
+3.2119141e+000 +8.4618622e-001
+3.2273560e+000 +8.4426528e-001
+3.2427979e+000 +8.4522575e-001
+3.2582397e+000 +8.4522575e-001
+3.2736816e+000 +8.4618622e-001
+3.2891235e+000 +8.4522575e-001
+3.3045654e+000 +8.4522575e-001
+3.3200073e+000 +8.4618622e-001
+3.3354492e+000 +8.4522575e-001
+3.3508911e+000 +8.4522575e-001
+3.3663330e+000 +8.4618622e-001
+3.3817749e+000 +8.4618622e-001
+3.3972168e+000 +8.4618622e-001
+3.4126587e+000 +8.4618622e-001
+3.4281006e+000 +8.4522575e-001
+3.4435425e+000 +8.4522575e-001
+3.4589844e+000 +8.4618622e-001
+3.4744263e+000 +8.4426528e-001
+3.4898682e+000 +8.4522575e-001
+3.5053101e+000 +8.4522575e-001
+3.5207520e+000 +8.4522575e-001
+3.5361938e+000 +8.4522575e-001
+3.5516357e+000 +8.4426528e-001
+3.5670776e+000 +8.4426528e-001
+3.5825195e+000 +8.4522575e-001
+3.5979614e+000 +8.4618622e-001
+3.6134033e+000 +8.4522575e-001
+3.6288452e+000 +8.4522575e-001
+3.6442871e+000 +8.4522575e-001
+3.6597290e+000 +8.4522575e-001
+3.6751709e+000 +8.4522575e-001
+3.6906128e+000 +8.4522575e-001
+3.7060547e+000 +8.4522575e-001
+3.7214966e+000 +8.4522575e-001
+3.7369385e+000 +8.4522575e-001
+3.7523804e+000 +8.4618622e-001
+3.7678223e+000 +8.4522575e-001
+3.7832642e+000 +8.4618622e-001
+3.7987061e+000 +8.4618622e-001
+3.8141479e+000 +8.4618622e-001
+3.8295898e+000 +8.4426528e-001
+3.8450317e+000 +8.4522575e-001
+3.8604736e+000 +8.4522575e-001
+3.8759155e+000 +8.4522575e-001
+3.8913574e+000 +8.4522575e-001
+3.9067993e+000 +8.4618622e-001
+3.9222412e+000 +8.4618622e-001
+3.9376831e+000 +8.4522575e-001
+3.9531250e+000 +8.4522575e-001
+3.9685669e+000 +8.4618622e-001
+3.9840088e+000 +8.4522575e-001
+3.9994507e+000 +8.4618622e-001
+4.0148926e+000 +8.4618622e-001
+4.0303345e+000 +8.4522575e-001
+4.0457764e+000 +8.4522575e-001
+4.0612183e+000 +8.4426528e-001
+4.0766602e+000 +8.4522575e-001
+4.0921021e+000 +8.4522575e-001
+4.1075439e+000 +8.4618622e-001
+4.1229858e+000 +8.4618622e-001
+4.1384277e+000 +8.4522575e-001
+4.1538696e+000 +8.4522575e-001
+4.1693115e+000 +8.4522575e-001
+4.1847534e+000 +8.4522575e-001
+4.2001953e+000 +8.4618622e-001
+4.2156372e+000 +8.4522575e-001
+4.2310791e+000 +8.4618622e-001
+4.2465210e+000 +8.4618622e-001
+4.2619629e+000 +8.4426528e-001
+4.2774048e+000 +8.4618622e-001
+4.2928467e+000 +8.4522575e-001
+4.3082886e+000 +8.4522575e-001
+4.3237305e+000 +8.4618622e-001
+4.3391724e+000 +8.4618622e-001
+4.3546143e+000 +8.4522575e-001
+4.3700562e+000 +8.4522575e-001
+4.3854980e+000 +8.4618622e-001
+4.4009399e+000 +8.4426528e-001
+4.4163818e+000 +8.4618622e-001
+4.4318237e+000 +8.4618622e-001
+4.4472656e+000 +8.4426528e-001
+4.4627075e+000 +8.4618622e-001
+4.4781494e+000 +8.4522575e-001
+4.4935913e+000 +8.4522575e-001
+4.5090332e+000 +8.4522575e-001
+4.5244751e+000 +8.4522575e-001
+4.5399170e+000 +8.4618622e-001
+4.5553589e+000 +8.4522575e-001
+4.5708008e+000 +8.4522575e-001
+4.5862427e+000 +8.4522575e-001
+4.6016846e+000 +8.4522575e-001
+4.6171265e+000 +8.4522575e-001
+4.6325684e+000 +8.4522575e-001
+4.6480103e+000 +8.4618622e-001
+4.6634521e+000 +8.4522575e-001
+4.6788940e+000 +8.4618622e-001
+4.6943359e+000 +8.4522575e-001
+4.7097778e+000 +8.4714675e-001
+4.7252197e+000 +8.4618622e-001
+4.7406616e+000 +8.4426528e-001
+4.7561035e+000 +8.4618622e-001
+4.7715454e+000 +8.4618622e-001
+4.7869873e+000 +8.4618622e-001
+4.8024292e+000 +8.4522575e-001
+4.8178711e+000 +8.4522575e-001
+4.8333130e+000 +8.4618622e-001
+4.8487549e+000 +8.4522575e-001
+4.8641968e+000 +8.4618622e-001
+4.8796387e+000 +8.4522575e-001
+4.8950806e+000 +8.4522575e-001
+4.9105225e+000 +8.4522575e-001
+4.9259644e+000 +8.4618622e-001
+4.9414063e+000 +8.4618622e-001
+4.9568481e+000 +8.4522575e-001
+4.9722900e+000 +8.4522575e-001
+4.9877319e+000 +8.4522575e-001
+5.0031738e+000 +8.4618622e-001
+5.0186157e+000 +8.4714675e-001
+5.0340576e+000 +8.4522575e-001
+5.0494995e+000 +8.4522575e-001
+5.0649414e+000 +8.4618622e-001
+5.0803833e+000 +8.4522575e-001
+5.0958252e+000 +8.4618622e-001
+5.1112671e+000 +8.4522575e-001
+5.1267090e+000 +8.4522575e-001
+5.1421509e+000 +8.4618622e-001
+5.1575928e+000 +8.4426528e-001
+5.1730347e+000 +8.4522575e-001
+5.1884766e+000 +8.4714675e-001
+5.2039185e+000 +8.4522575e-001
+5.2193604e+000 +8.4522575e-001
+5.2348022e+000 +8.4618622e-001
+5.2502441e+000 +8.4522575e-001
+5.2656860e+000 +8.4618622e-001
+5.2811279e+000 +8.4522575e-001
+5.2965698e+000 +8.4522575e-001
+5.3120117e+000 +8.4714675e-001
+5.3274536e+000 +8.4522575e-001
+5.3428955e+000 +8.4522575e-001
+5.3583374e+000 +8.4618622e-001
+5.3737793e+000 +8.4522575e-001
+5.3892212e+000 +8.4522575e-001
+5.4046631e+000 +8.4714675e-001
+5.4201050e+000 +8.4522575e-001
+5.4355469e+000 +8.4522575e-001
+5.4509888e+000 +8.4522575e-001
+5.4664307e+000 +8.4618622e-001
+5.4818726e+000 +8.4522575e-001
+5.4973145e+000 +8.4522575e-001
+5.5127563e+000 +8.4522575e-001
+5.5281982e+000 +8.4618622e-001
+5.5436401e+000 +8.4522575e-001
+5.5590820e+000 +8.4522575e-001
+5.5745239e+000 +8.4522575e-001
+5.5899658e+000 +8.4618622e-001
+5.6054077e+000 +8.4522575e-001
+5.6208496e+000 +8.4522575e-001
+5.6362915e+000 +8.4618622e-001
+5.6517334e+000 +8.4426528e-001
+5.6671753e+000 +8.4618622e-001
+5.6826172e+000 +8.4522575e-001
+5.6980591e+000 +8.4522575e-001
+5.7135010e+000 +8.4522575e-001
+5.7289429e+000 +8.4618622e-001
+5.7443848e+000 +8.4426528e-001
+5.7598267e+000 +8.4522575e-001
+5.7752686e+000 +8.4522575e-001
+5.7907104e+000 +8.4522575e-001
+5.8061523e+000 +8.4618622e-001
+5.8215942e+000 +8.4522575e-001
+5.8370361e+000 +8.4714675e-001
+5.8524780e+000 +8.4522575e-001
+5.8679199e+000 +8.4618622e-001
+5.8833618e+000 +8.4522575e-001
+5.8988037e+000 +8.4618622e-001
+5.9142456e+000 +8.4522575e-001
+5.9296875e+000 +8.4522575e-001
+5.9451294e+000 +8.4522575e-001
+5.9605713e+000 +8.4522575e-001
+5.9760132e+000 +8.4522575e-001
+5.9914551e+000 +8.4522575e-001
+6.0068970e+000 +8.4522575e-001
+6.0223389e+000 +8.4522575e-001
+6.0377808e+000 +8.4522575e-001
+6.0532227e+000 +8.4522575e-001
+6.0686646e+000 +8.4522575e-001
+6.0841064e+000 +8.4522575e-001
+6.0995483e+000 +8.4522575e-001
+6.1149902e+000 +8.4618622e-001
+6.1304321e+000 +8.4522575e-001
+6.1458740e+000 +8.4618622e-001
+6.1613159e+000 +8.4522575e-001
+6.1767578e+000 +8.4522575e-001
+6.1921997e+000 +8.4522575e-001
+6.2076416e+000 +8.4618622e-001
+6.2230835e+000 +8.4522575e-001
+6.2385254e+000 +8.4426528e-001
+6.2539673e+000 +8.4522575e-001
+6.2694092e+000 +8.4522575e-001
+6.2848511e+000 +8.4522575e-001
+6.3002930e+000 +8.4522575e-001
+6.3157349e+000 +8.4618622e-001
+6.3311768e+000 +8.4522575e-001
+6.3466187e+000 +8.4522575e-001
+6.3620605e+000 +8.4618622e-001
+6.3775024e+000 +8.4426528e-001
+6.3929443e+000 +8.4618622e-001
+6.4083862e+000 +8.4522575e-001
+6.4238281e+000 +8.4522575e-001
+6.4392700e+000 +8.4618622e-001
+6.4547119e+000 +8.4618622e-001
+6.4701538e+000 +8.4522575e-001
+6.4855957e+000 +8.4522575e-001
+6.5010376e+000 +8.4522575e-001
+6.5164795e+000 +8.4522575e-001
+6.5319214e+000 +8.4522575e-001
+6.5473633e+000 +8.4522575e-001
+6.5628052e+000 +8.4522575e-001
+6.5782471e+000 +8.4426528e-001
+6.5936890e+000 +8.4522575e-001
+6.6091309e+000 +8.4522575e-001
+6.6245728e+000 +8.4618622e-001
+6.6400146e+000 +8.4618622e-001
+6.6554565e+000 +8.4426528e-001
+6.6708984e+000 +8.4522575e-001
+6.6863403e+000 +8.4522575e-001
+6.7017822e+000 +8.4714675e-001
+6.7172241e+000 +8.4618622e-001
+6.7326660e+000 +8.4522575e-001
+6.7481079e+000 +8.4618622e-001
+6.7635498e+000 +8.4618622e-001
+6.7789917e+000 +8.4522575e-001
+6.7944336e+000 +8.4522575e-001
+6.8098755e+000 +8.4522575e-001
+6.8253174e+000 +8.4522575e-001
+6.8407593e+000 +8.4522575e-001
+6.8562012e+000 +8.4522575e-001
+6.8716431e+000 +8.4522575e-001
+6.8870850e+000 +8.4522575e-001
+6.9025269e+000 +8.4618622e-001
+6.9179688e+000 +8.4714675e-001
+6.9334106e+000 +8.4618622e-001
+6.9488525e+000 +8.4522575e-001
+6.9642944e+000 +8.4426528e-001
+6.9797363e+000 +8.4618622e-001
+6.9951782e+000 +8.4522575e-001
+7.0106201e+000 +8.4522575e-001
+7.0260620e+000 +8.4618622e-001
+7.0415039e+000 +8.4522575e-001
+7.0569458e+000 +8.4426528e-001
+7.0723877e+000 +8.4426528e-001
+7.0878296e+000 +8.4522575e-001
+7.1032715e+000 +8.4522575e-001
+7.1187134e+000 +8.4522575e-001
+7.1341553e+000 +8.4618622e-001
+7.1495972e+000 +8.4522575e-001
+7.1650391e+000 +8.4522575e-001
+7.1804810e+000 +8.4522575e-001
+7.1959229e+000 +8.4618622e-001
+7.2113647e+000 +8.4522575e-001
+7.2268066e+000 +8.4522575e-001
+7.2422485e+000 +8.4522575e-001
+7.2576904e+000 +8.4522575e-001
+7.2731323e+000 +8.4522575e-001
+7.2885742e+000 +8.4618622e-001
+7.3040161e+000 +8.4522575e-001
+7.3194580e+000 +8.4426528e-001
+7.3348999e+000 +8.4522575e-001
+7.3503418e+000 +8.4522575e-001
+7.3657837e+000 +8.4522575e-001
+7.3812256e+000 +8.4522575e-001
+7.3966675e+000 +8.4522575e-001
+7.4121094e+000 +8.4522575e-001
+7.4275513e+000 +8.4522575e-001
+7.4429932e+000 +8.4522575e-001
+7.4584351e+000 +8.4522575e-001
+7.4738770e+000 +8.4522575e-001
+7.4893188e+000 +8.4618622e-001
+7.5047607e+000 +8.4522575e-001
+7.5202026e+000 +8.4522575e-001
+7.5356445e+000 +8.4522575e-001
+7.5510864e+000 +8.4426528e-001
+7.5665283e+000 +8.4522575e-001
+7.5819702e+000 +8.4522575e-001
+7.5974121e+000 +8.4522575e-001
+7.6128540e+000 +8.4522575e-001
+7.6282959e+000 +8.4522575e-001
+7.6437378e+000 +8.4618622e-001
+7.6591797e+000 +8.4522575e-001
+7.6746216e+000 +8.4522575e-001
+7.6900635e+000 +8.4522575e-001
+7.7055054e+000 +8.4426528e-001
+7.7209473e+000 +8.4618622e-001
+7.7363892e+000 +8.4522575e-001
+7.7518311e+000 +8.4618622e-001
+7.7672729e+000 +8.4522575e-001
+7.7827148e+000 +8.4522575e-001
+7.7981567e+000 +8.4522575e-001
+7.8135986e+000 +8.4522575e-001
+7.8290405e+000 +0.0000000e+000
+7.8444824e+000 +0.0000000e+000
+7.8599243e+000 +0.0000000e+000
+7.8753662e+000 +0.0000000e+000
+7.8908081e+000 +0.0000000e+000
+7.9062500e+000 +8.4618622e-001
