#Display #1 length= 801
+0.0000000e+000 +3.4310956e-006
+1.2800000e+002 +2.3506382e-006
+2.5600000e+002 +1.8928504e-006
+3.8400000e+002 +1.9686195e-006
+5.1200000e+002 +2.6966925e-006
+6.4000000e+002 +3.0091519e-006
+7.6800000e+002 +3.0084877e-006
+8.9600000e+002 +3.4655413e-006
+1.0240000e+003 +3.1103161e-006
+1.1520000e+003 +3.2350324e-006
+1.2800000e+003 +3.3735425e-006
+1.4080000e+003 +3.2432015e-006
+1.5360000e+003 +3.3888823e-006
+1.6640000e+003 +3.0076160e-006
+1.7920000e+003 +3.1592167e-006
+1.9200000e+003 +3.3870224e-006
+2.0480000e+003 +3.8594799e-006
+2.1760000e+003 +3.8640042e-006
+2.3040000e+003 +3.0659908e-006
+2.4320000e+003 +2.6816078e-006
+2.5600000e+003 +3.1160962e-006
+2.6880000e+003 +2.4674218e-006
+2.8160000e+003 +3.0293800e-006
+2.9440000e+003 +3.0911049e-006
+3.0720000e+003 +2.4562396e-006
+3.2000000e+003 +1.8764309e-006
+3.3280000e+003 +2.6699151e-006
+3.4560000e+003 +2.6193316e-006
+3.5840000e+003 +2.1937108e-006
+3.7120000e+003 +2.3194273e-006
+3.8400000e+003 +1.9893373e-006
+3.9680000e+003 +1.7203589e-006
+4.0960000e+003 +1.5309057e-006
+4.2240000e+003 +1.4426266e-006
+4.3520000e+003 +1.6216179e-006
+4.4800000e+003 +1.8310917e-006
+4.6080000e+003 +1.6928915e-006
+4.7360000e+003 +1.4833566e-006
+4.8640000e+003 +1.4047938e-006
+4.9920000e+003 +1.2541173e-006
+5.1200000e+003 +1.0112799e-006
+5.2480000e+003 +1.0869273e-006
+5.3760000e+003 +1.0033996e-006
+5.5040000e+003 +8.4771216e-007
+5.6320000e+003 +8.0649630e-007
+5.7600000e+003 +7.4600001e-007
+5.8880000e+003 +9.1786552e-007
+6.0160000e+003 +1.0534976e-006
+6.1440000e+003 +1.1290134e-006
+6.2720000e+003 +9.8360613e-007
+6.4000000e+003 +9.6349936e-007
+6.5280000e+003 +8.1273566e-007
+6.6560000e+003 +7.0780885e-007
+6.7840000e+003 +8.1719890e-007
+6.9120000e+003 +8.0100375e-007
+7.0400000e+003 +6.9274716e-007
+7.1680000e+003 +7.8734206e-007
+7.2960000e+003 +7.9327731e-007
+7.4240000e+003 +6.4295676e-007
+7.5520000e+003 +5.4202735e-007
+7.6800000e+003 +4.7146870e-007
+7.8080000e+003 +4.8696916e-007
+7.9360000e+003 +5.4258464e-007
+8.0640000e+003 +5.2251829e-007
+8.1920000e+003 +4.5883283e-007
+8.3200000e+003 +4.5490015e-007
+8.4480000e+003 +4.4098758e-007
+8.5760000e+003 +4.4200360e-007
+8.7040000e+003 +5.0919863e-007
+8.8320000e+003 +4.2209950e-007
+8.9600000e+003 +4.9325160e-007
+9.0880000e+003 +5.4630522e-007
+9.2160000e+003 +4.7130047e-007
+9.3440000e+003 +3.7941911e-007
+9.4720000e+003 +3.9328077e-007
+9.6000000e+003 +4.1244584e-007
+9.7280000e+003 +4.9500505e-007
+9.8560000e+003 +4.1575396e-007
+9.9840000e+003 +4.6253990e-007
+1.0112000e+004 +4.6937686e-007
+1.0240000e+004 +4.9889047e-007
+1.0368000e+004 +4.3133929e-007
+1.0496000e+004 +3.9776455e-007
+1.0624000e+004 +4.4172026e-007
+1.0752000e+004 +4.4039822e-007
+1.0880000e+004 +4.5086500e-007
+1.1008000e+004 +4.2514696e-007
+1.1136000e+004 +3.5018166e-007
+1.1264000e+004 +4.1833098e-007
+1.1392000e+004 +4.6367177e-007
+1.1520000e+004 +4.5335295e-007
+1.1648000e+004 +3.9110446e-007
+1.1776000e+004 +4.3639110e-007
+1.1904000e+004 +3.5200733e-007
+1.2032000e+004 +3.6572303e-007
+1.2160000e+004 +4.0952989e-007
+1.2288000e+004 +4.1175582e-007
+1.2416000e+004 +3.7355275e-007
+1.2544000e+004 +2.8853682e-007
+1.2672000e+004 +3.9832614e-007
+1.2800000e+004 +3.6100383e-007
+1.2928000e+004 +3.2509772e-007
+1.3056000e+004 +3.3744428e-007
+1.3184000e+004 +4.0284220e-007
+1.3312000e+004 +3.5690388e-007
+1.3440000e+004 +3.4648906e-007
+1.3568000e+004 +2.7401430e-007
+1.3696000e+004 +3.0925068e-007
+1.3824000e+004 +3.9588886e-007
+1.3952000e+004 +3.9159261e-007
+1.4080000e+004 +3.6603799e-007
+1.4208000e+004 +3.2581488e-007
+1.4336000e+004 +3.6249486e-007
+1.4464000e+004 +3.3589100e-007
+1.4592000e+004 +2.5278010e-007
+1.4720000e+004 +2.7271469e-007
+1.4848000e+004 +2.4078528e-007
+1.4976000e+004 +3.5345460e-007
+1.5104000e+004 +4.2518525e-007
+1.5232000e+004 +3.7097735e-007
+1.5360000e+004 +4.0361874e-007
+1.5488000e+004 +4.2562149e-007
+1.5616000e+004 +4.1098258e-007
+1.5744000e+004 +4.1885630e-007
+1.5872000e+004 +3.5392642e-007
+1.6000000e+004 +3.1516467e-007
+1.6128000e+004 +2.9271402e-007
+1.6256000e+004 +3.0913932e-007
+1.6384000e+004 +2.9720221e-007
+1.6512000e+004 +2.9160765e-007
+1.6640000e+004 +3.0767211e-007
+1.6768000e+004 +2.8820344e-007
+1.6896000e+004 +3.3288339e-007
+1.7024000e+004 +2.8330720e-007
+1.7152000e+004 +2.8379725e-007
+1.7280000e+004 +3.1092645e-007
+1.7408000e+004 +2.6614595e-007
+1.7536000e+004 +2.2854995e-007
+1.7664000e+004 +2.4540964e-007
+1.7792000e+004 +2.7183788e-007
+1.7920000e+004 +2.6074207e-007
+1.8048000e+004 +2.6639387e-007
+1.8176000e+004 +3.3198987e-007
+1.8304000e+004 +3.2573513e-007
+1.8432000e+004 +2.9297607e-007
+1.8560000e+004 +3.3198404e-007
+1.8688000e+004 +3.2004664e-007
+1.8816000e+004 +2.7529774e-007
+1.8944000e+004 +2.2767236e-007
+1.9072000e+004 +1.8742443e-007
+1.9200000e+004 +2.0672113e-007
+1.9328000e+004 +2.2067147e-007
+1.9456000e+004 +2.3694452e-007
+1.9584000e+004 +2.4276960e-007
+1.9712000e+004 +2.5751774e-007
+1.9840000e+004 +3.2137274e-007
+1.9968000e+004 +3.1311177e-007
+2.0096000e+004 +3.0117795e-007
+2.0224000e+004 +3.4529089e-007
+2.0352000e+004 +3.7179288e-007
+2.0480000e+004 +2.6389495e-007
+2.0608000e+004 +2.6677117e-007
+2.0736000e+004 +2.7970552e-007
+2.0864000e+004 +2.5258865e-007
+2.0992000e+004 +2.5721931e-007
+2.1120000e+004 +2.5448799e-007
+2.1248000e+004 +2.6827948e-007
+2.1376000e+004 +2.3283040e-007
+2.1504000e+004 +1.8766639e-007
+2.1632000e+004 +2.1483577e-007
+2.1760000e+004 +2.8394436e-007
+2.1888000e+004 +2.2188696e-007
+2.2016000e+004 +2.2001585e-007
+2.2144000e+004 +2.1612470e-007
+2.2272000e+004 +2.2598456e-007
+2.2400000e+004 +2.5297112e-007
+2.2528000e+004 +3.1936915e-007
+2.2656000e+004 +2.8558017e-007
+2.2784000e+004 +2.5021839e-007
+2.2912000e+004 +2.6441788e-007
+2.3040000e+004 +2.7099273e-007
+2.3168000e+004 +3.0843617e-007
+2.3296000e+004 +2.8064224e-007
+2.3424000e+004 +2.2302002e-007
+2.3552000e+004 +2.2679713e-007
+2.3680000e+004 +2.2712881e-007
+2.3808000e+004 +2.2660423e-007
+2.3936000e+004 +2.0746511e-007
+2.4064000e+004 +2.2625990e-007
+2.4192000e+004 +2.0796594e-007
+2.4320000e+004 +1.4288491e-007
+2.4448000e+004 +2.3385827e-007
+2.4576000e+004 +2.8336882e-007
+2.4704000e+004 +3.0350196e-007
+2.4832000e+004 +2.7646331e-007
+2.4960000e+004 +2.3758223e-007
+2.5088000e+004 +2.3676846e-007
+2.5216000e+004 +2.5832821e-007
+2.5344000e+004 +2.1409591e-007
+2.5472000e+004 +2.5139866e-007
+2.5600000e+004 +2.8275531e-007
+2.5728000e+004 +2.5951397e-007
+2.5856000e+004 +2.9808751e-007
+2.5984000e+004 +3.0112176e-007
+2.6112000e+004 +2.4770307e-007
+2.6240000e+004 +2.6352694e-007
+2.6368000e+004 +2.9315498e-007
+2.6496000e+004 +2.8191801e-007
+2.6624000e+004 +2.7534219e-007
+2.6752000e+004 +2.5753894e-007
+2.6880000e+004 +2.1958748e-007
+2.7008000e+004 +2.8561436e-007
+2.7136000e+004 +2.9156251e-007
+2.7264000e+004 +2.6226496e-007
+2.7392000e+004 +2.4645084e-007
+2.7520000e+004 +2.3734158e-007
+2.7648000e+004 +2.3818950e-007
+2.7776000e+004 +2.4199889e-007
+2.7904000e+004 +1.9805348e-007
+2.8032000e+004 +2.5321870e-007
+2.8160000e+004 +2.3437134e-007
+2.8288000e+004 +2.7340363e-007
+2.8416000e+004 +3.2845267e-007
+2.8544000e+004 +2.4532963e-007
+2.8672000e+004 +2.7106057e-007
+2.8800000e+004 +3.3436106e-007
+2.8928000e+004 +2.9766267e-007
+2.9056000e+004 +2.8721027e-007
+2.9184000e+004 +2.6782448e-007
+2.9312000e+004 +2.5891487e-007
+2.9440000e+004 +2.4415749e-007
+2.9568000e+004 +2.6474615e-007
+2.9696000e+004 +2.8669106e-007
+2.9824000e+004 +2.8290592e-007
+2.9952000e+004 +2.8624882e-007
+3.0080000e+004 +2.7931455e-007
+3.0208000e+004 +2.7754848e-007
+3.0336000e+004 +2.9405373e-007
+3.0464000e+004 +2.8762651e-007
+3.0592000e+004 +2.5394178e-007
+3.0720000e+004 +2.4031146e-007
+3.0848000e+004 +2.3426021e-007
+3.0976000e+004 +2.7981548e-007
+3.1104000e+004 +2.3935769e-007
+3.1232000e+004 +1.8854870e-007
+3.1360000e+004 +2.1316636e-007
+3.1488000e+004 +2.2182583e-007
+3.1616000e+004 +2.5008930e-007
+3.1744000e+004 +2.6224134e-007
+3.1872000e+004 +2.3187322e-007
+3.2000000e+004 +2.3992945e-007
+3.2128000e+004 +2.6965296e-007
+3.2256000e+004 +2.6767395e-007
+3.2384000e+004 +2.4836373e-007
+3.2512000e+004 +2.5938178e-007
+3.2640000e+004 +2.8125763e-007
+3.2768000e+004 +3.0538521e-007
+3.2896000e+004 +2.9940381e-007
+3.3024000e+004 +2.5815186e-007
+3.3152000e+004 +2.6009644e-007
+3.3280000e+004 +2.8783313e-007
+3.3408000e+004 +2.8235604e-007
+3.3536000e+004 +2.2874251e-007
+3.3664000e+004 +2.5208385e-007
+3.3792000e+004 +1.9530326e-007
+3.3920000e+004 +2.5739814e-007
+3.4048000e+004 +2.6199098e-007
+3.4176000e+004 +2.2294755e-007
+3.4304000e+004 +2.1150946e-007
+3.4432000e+004 +2.0888773e-007
+3.4560000e+004 +2.5821336e-007
+3.4688000e+004 +2.4303282e-007
+3.4816000e+004 +2.2553640e-007
+3.4944000e+004 +2.4180528e-007
+3.5072000e+004 +2.4740436e-007
+3.5200000e+004 +2.3401290e-007
+3.5328000e+004 +2.0739360e-007
+3.5456000e+004 +2.1443397e-007
+3.5584000e+004 +2.6233207e-007
+3.5712000e+004 +2.8139169e-007
+3.5840000e+004 +2.8652207e-007
+3.5968000e+004 +3.3131840e-007
+3.6096000e+004 +2.6725488e-007
+3.6224000e+004 +2.3299202e-007
+3.6352000e+004 +2.6863228e-007
+3.6480000e+004 +2.9670824e-007
+3.6608000e+004 +2.2645474e-007
+3.6736000e+004 +2.6310974e-007
+3.6864000e+004 +2.9723776e-007
+3.6992000e+004 +2.8683212e-007
+3.7120000e+004 +2.6807953e-007
+3.7248000e+004 +2.5475637e-007
+3.7376000e+004 +2.1559877e-007
+3.7504000e+004 +1.8147078e-007
+3.7632000e+004 +2.2471133e-007
+3.7760000e+004 +2.2638190e-007
+3.7888000e+004 +1.6543956e-007
+3.8016000e+004 +2.3787953e-007
+3.8144000e+004 +2.9546931e-007
+3.8272000e+004 +2.5500432e-007
+3.8400000e+004 +2.2709490e-007
+3.8528000e+004 +2.0075954e-007
+3.8656000e+004 +2.3301862e-007
+3.8784000e+004 +2.4551744e-007
+3.8912000e+004 +1.8533328e-007
+3.9040000e+004 +1.8107292e-007
+3.9168000e+004 +2.3911264e-007
+3.9296000e+004 +1.9460097e-007
+3.9424000e+004 +2.0258877e-007
+3.9552000e+004 +2.5386760e-007
+3.9680000e+004 +2.3852397e-007
+3.9808000e+004 +2.5961884e-007
+3.9936000e+004 +2.6979274e-007
+4.0064000e+004 +2.5002424e-007
+4.0192000e+004 +2.0684850e-007
+4.0320000e+004 +2.0956287e-007
+4.0448000e+004 +2.1596198e-007
+4.0576000e+004 +2.3704079e-007
+4.0704000e+004 +2.0436575e-007
+4.0832000e+004 +2.2272515e-007
+4.0960000e+004 +2.4730008e-007
+4.1088000e+004 +2.1554553e-007
+4.1216000e+004 +1.8254831e-007
+4.1344000e+004 +2.2366152e-007
+4.1472000e+004 +2.4943228e-007
+4.1600000e+004 +2.3084797e-007
+4.1728000e+004 +2.3004438e-007
+4.1856000e+004 +2.0255185e-007
+4.1984000e+004 +2.4267553e-007
+4.2112000e+004 +2.4984340e-007
+4.2240000e+004 +2.0995232e-007
+4.2368000e+004 +1.8567688e-007
+4.2496000e+004 +1.7971894e-007
+4.2624000e+004 +2.0610378e-007
+4.2752000e+004 +1.8660474e-007
+4.2880000e+004 +1.7515114e-007
+4.3008000e+004 +1.9899862e-007
+4.3136000e+004 +2.5857480e-007
+4.3264000e+004 +2.3862034e-007
+4.3392000e+004 +1.9309410e-007
+4.3520000e+004 +1.6243550e-007
+4.3648000e+004 +2.1845315e-007
+4.3776000e+004 +2.4282693e-007
+4.3904000e+004 +2.4401893e-007
+4.4032000e+004 +2.8865441e-007
+4.4160000e+004 +2.7329409e-007
+4.4288000e+004 +2.2305480e-007
+4.4416000e+004 +1.4966322e-007
+4.4544000e+004 +1.9058571e-007
+4.4672000e+004 +1.9315473e-007
+4.4800000e+004 +1.4882016e-007
+4.4928000e+004 +1.8472382e-007
+4.5056000e+004 +2.2269728e-007
+4.5184000e+004 +2.2540694e-007
+4.5312000e+004 +2.5444552e-007
+4.5440000e+004 +2.2004387e-007
+4.5568000e+004 +2.4593942e-007
+4.5696000e+004 +3.1796367e-007
+4.5824000e+004 +2.8062436e-007
+4.5952000e+004 +2.0509067e-007
+4.6080000e+004 +1.9625165e-007
+4.6208000e+004 +2.3533910e-007
+4.6336000e+004 +1.9729515e-007
+4.6464000e+004 +1.8119304e-007
+4.6592000e+004 +2.2369761e-007
+4.6720000e+004 +1.9042444e-007
+4.6848000e+004 +1.9390822e-007
+4.6976000e+004 +1.7288002e-007
+4.7104000e+004 +1.6977292e-007
+4.7232000e+004 +2.3142989e-007
+4.7360000e+004 +2.1894229e-007
+4.7488000e+004 +1.9691664e-007
+4.7616000e+004 +1.9595602e-007
+4.7744000e+004 +2.0673929e-007
+4.7872000e+004 +2.0419417e-007
+4.8000000e+004 +2.3670114e-007
+4.8128000e+004 +2.1213087e-007
+4.8256000e+004 +1.8376939e-007
+4.8384000e+004 +1.8391330e-007
+4.8512000e+004 +1.9915424e-007
+4.8640000e+004 +1.9026018e-007
+4.8768000e+004 +2.2108082e-007
+4.8896000e+004 +2.4562746e-007
+4.9024000e+004 +1.7282062e-007
+4.9152000e+004 +2.1664975e-007
+4.9280000e+004 +2.1174948e-007
+4.9408000e+004 +2.8835092e-007
+4.9536000e+004 +3.1173042e-007
+4.9664000e+004 +2.0066412e-007
+4.9792000e+004 +2.0644553e-007
+4.9920000e+004 +2.2432455e-007
+5.0048000e+004 +2.1480912e-007
+5.0176000e+004 +1.6804505e-007
+5.0304000e+004 +1.9043217e-007
+5.0432000e+004 +1.9191891e-007
+5.0560000e+004 +1.9341768e-007
+5.0688000e+004 +2.4135701e-007
+5.0816000e+004 +2.6062531e-007
+5.0944000e+004 +2.4639240e-007
+5.1072000e+004 +2.2160455e-007
+5.1200000e+004 +1.8585881e-007
+5.1328000e+004 +2.3546032e-007
+5.1456000e+004 +2.5172983e-007
+5.1584000e+004 +2.1910773e-007
+5.1712000e+004 +2.5122705e-007
+5.1840000e+004 +2.4043868e-007
+5.1968000e+004 +2.3329612e-007
+5.2096000e+004 +2.3330355e-007
+5.2224000e+004 +1.8409250e-007
+5.2352000e+004 +2.0973965e-007
+5.2480000e+004 +2.2319909e-007
+5.2608000e+004 +1.9708948e-007
+5.2736000e+004 +1.7692061e-007
+5.2864000e+004 +2.0690369e-007
+5.2992000e+004 +2.1463443e-007
+5.3120000e+004 +1.5516491e-007
+5.3248000e+004 +1.6918453e-007
+5.3376000e+004 +1.8726912e-007
+5.3504000e+004 +1.7767552e-007
+5.3632000e+004 +1.8562143e-007
+5.3760000e+004 +2.5950143e-007
+5.3888000e+004 +2.8271589e-007
+5.4016000e+004 +2.1659648e-007
+5.4144000e+004 +2.2049322e-007
+5.4272000e+004 +2.2606471e-007
+5.4400000e+004 +1.7729727e-007
+5.4528000e+004 +1.7361846e-007
+5.4656000e+004 +2.3641569e-007
+5.4784000e+004 +2.3799343e-007
+5.4912000e+004 +2.3780642e-007
+5.5040000e+004 +1.7746008e-007
+5.5168000e+004 +1.8339226e-007
+5.5296000e+004 +2.0662264e-007
+5.5424000e+004 +2.2259435e-007
+5.5552000e+004 +2.3689873e-007
+5.5680000e+004 +2.0690779e-007
+5.5808000e+004 +1.7836882e-007
+5.5936000e+004 +1.4439118e-007
+5.6064000e+004 +1.5642524e-007
+5.6192000e+004 +1.6252257e-007
+5.6320000e+004 +2.4577420e-007
+5.6448000e+004 +2.8435525e-007
+5.6576000e+004 +2.0836821e-007
+5.6704000e+004 +1.6022561e-007
+5.6832000e+004 +1.6146234e-007
+5.6960000e+004 +1.9492387e-007
+5.7088000e+004 +2.2765286e-007
+5.7216000e+004 +2.0813955e-007
+5.7344000e+004 +1.7581412e-007
+5.7472000e+004 +1.8331274e-007
+5.7600000e+004 +1.8986159e-007
+5.7728000e+004 +2.0318153e-007
+5.7856000e+004 +1.9142962e-007
+5.7984000e+004 +1.9138821e-007
+5.8112000e+004 +1.8109399e-007
+5.8240000e+004 +1.8604379e-007
+5.8368000e+004 +1.7476003e-007
+5.8496000e+004 +1.8786099e-007
+5.8624000e+004 +2.0724359e-007
+5.8752000e+004 +2.6703754e-007
+5.8880000e+004 +2.2366839e-007
+5.9008000e+004 +1.7665526e-007
+5.9136000e+004 +1.5495279e-007
+5.9264000e+004 +1.5289874e-007
+5.9392000e+004 +2.3260452e-007
+5.9520000e+004 +2.2224782e-007
+5.9648000e+004 +1.8799800e-007
+5.9776000e+004 +2.3118990e-007
+5.9904000e+004 +2.1253094e-007
+6.0032000e+004 +1.9132035e-007
+6.0160000e+004 +1.6853045e-007
+6.0288000e+004 +1.9463408e-007
+6.0416000e+004 +1.9785570e-007
+6.0544000e+004 +1.7894199e-007
+6.0672000e+004 +1.8509412e-007
+6.0800000e+004 +1.8966179e-007
+6.0928000e+004 +1.9638270e-007
+6.1056000e+004 +2.1192997e-007
+6.1184000e+004 +1.9127435e-007
+6.1312000e+004 +2.0929751e-007
+6.1440000e+004 +1.3882936e-007
+6.1568000e+004 +1.4388728e-007
+6.1696000e+004 +1.5106934e-007
+6.1824000e+004 +1.6147989e-007
+6.1952000e+004 +1.8648021e-007
+6.2080000e+004 +1.5652043e-007
+6.2208000e+004 +1.8861785e-007
+6.2336000e+004 +1.9509687e-007
+6.2464000e+004 +2.0064077e-007
+6.2592000e+004 +1.8415194e-007
+6.2720000e+004 +1.5070404e-007
+6.2848000e+004 +1.8608567e-007
+6.2976000e+004 +2.0948741e-007
+6.3104000e+004 +1.9678761e-007
+6.3232000e+004 +1.8860067e-007
+6.3360000e+004 +1.8559555e-007
+6.3488000e+004 +2.0000732e-007
+6.3616000e+004 +2.2069666e-007
+6.3744000e+004 +2.4146726e-007
+6.3872000e+004 +2.2038817e-007
+6.4000000e+004 +2.1032817e-007
+6.4128000e+004 +2.2118839e-007
+6.4256000e+004 +2.1967429e-007
+6.4384000e+004 +2.0743664e-007
+6.4512000e+004 +2.5375002e-007
+6.4640000e+004 +2.3641518e-007
+6.4768000e+004 +2.1914815e-007
+6.4896000e+004 +2.2864734e-007
+6.5024000e+004 +1.9724708e-007
+6.5152000e+004 +1.8554074e-007
+6.5280000e+004 +2.0324356e-007
+6.5408000e+004 +1.9823972e-007
+6.5536000e+004 +1.8283716e-007
+6.5664000e+004 +2.0737038e-007
+6.5792000e+004 +1.9970341e-007
+6.5920000e+004 +1.6342047e-007
+6.6048000e+004 +1.7334075e-007
+6.6176000e+004 +1.6960803e-007
+6.6304000e+004 +2.0554988e-007
+6.6432000e+004 +2.2996156e-007
+6.6560000e+004 +2.0795498e-007
+6.6688000e+004 +2.0750657e-007
+6.6816000e+004 +1.8218849e-007
+6.6944000e+004 +1.6882585e-007
+6.7072000e+004 +1.7852223e-007
+6.7200000e+004 +2.1550576e-007
+6.7328000e+004 +2.1919870e-007
+6.7456000e+004 +2.0890791e-007
+6.7584000e+004 +1.6524895e-007
+6.7712000e+004 +2.3142228e-007
+6.7840000e+004 +2.1270834e-007
+6.7968000e+004 +1.8062654e-007
+6.8096000e+004 +1.9673512e-007
+6.8224000e+004 +2.1399485e-007
+6.8352000e+004 +1.8330933e-007
+6.8480000e+004 +2.2870182e-007
+6.8608000e+004 +2.0401981e-007
+6.8736000e+004 +1.8423809e-007
+6.8864000e+004 +1.5111762e-007
+6.8992000e+004 +1.9705486e-007
+6.9120000e+004 +2.6102336e-007
+6.9248000e+004 +3.0049389e-007
+6.9376000e+004 +2.9496431e-007
+6.9504000e+004 +2.7462059e-007
+6.9632000e+004 +2.9259900e-007
+6.9760000e+004 +2.4021202e-007
+6.9888000e+004 +2.1623792e-007
+7.0016000e+004 +1.7268614e-007
+7.0144000e+004 +1.9131593e-007
+7.0272000e+004 +2.4650117e-007
+7.0400000e+004 +2.4380014e-007
+7.0528000e+004 +2.0461496e-007
+7.0656000e+004 +1.7483623e-007
+7.0784000e+004 +2.0646776e-007
+7.0912000e+004 +2.3802794e-007
+7.1040000e+004 +1.9963413e-007
+7.1168000e+004 +2.2207489e-007
+7.1296000e+004 +2.1746767e-007
+7.1424000e+004 +1.9278291e-007
+7.1552000e+004 +2.2139054e-007
+7.1680000e+004 +2.0578902e-007
+7.1808000e+004 +2.3185642e-007
+7.1936000e+004 +2.6066365e-007
+7.2064000e+004 +2.1317899e-007
+7.2192000e+004 +2.2860266e-007
+7.2320000e+004 +2.0636395e-007
+7.2448000e+004 +1.6374321e-007
+7.2576000e+004 +1.4426060e-007
+7.2704000e+004 +1.6758625e-007
+7.2832000e+004 +1.6942600e-007
+7.2960000e+004 +1.3983259e-007
+7.3088000e+004 +1.2186402e-007
+7.3216000e+004 +1.6479815e-007
+7.3344000e+004 +2.0048574e-007
+7.3472000e+004 +1.8756153e-007
+7.3600000e+004 +2.0256563e-007
+7.3728000e+004 +2.0550408e-007
+7.3856000e+004 +1.5930416e-007
+7.3984000e+004 +1.7931075e-007
+7.4112000e+004 +1.8137736e-007
+7.4240000e+004 +1.7514057e-007
+7.4368000e+004 +2.4594669e-007
+7.4496000e+004 +1.9746203e-007
+7.4624000e+004 +1.8611672e-007
+7.4752000e+004 +2.1345068e-007
+7.4880000e+004 +1.8691416e-007
+7.5008000e+004 +1.9379202e-007
+7.5136000e+004 +1.9744252e-007
+7.5264000e+004 +1.7599085e-007
+7.5392000e+004 +2.0969797e-007
+7.5520000e+004 +1.7435966e-007
+7.5648000e+004 +1.5310553e-007
+7.5776000e+004 +1.7824196e-007
+7.5904000e+004 +1.6972483e-007
+7.6032000e+004 +1.5884918e-007
+7.6160000e+004 +1.9601046e-007
+7.6288000e+004 +1.7116187e-007
+7.6416000e+004 +1.5813414e-007
+7.6544000e+004 +1.6748564e-007
+7.6672000e+004 +1.8867190e-007
+7.6800000e+004 +2.0340943e-007
+7.6928000e+004 +2.0419304e-007
+7.7056000e+004 +1.6451251e-007
+7.7184000e+004 +1.8062218e-007
+7.7312000e+004 +2.0562730e-007
+7.7440000e+004 +2.1333517e-007
+7.7568000e+004 +1.9675218e-007
+7.7696000e+004 +1.6273434e-007
+7.7824000e+004 +2.0741318e-007
+7.7952000e+004 +2.0468261e-007
+7.8080000e+004 +1.6226812e-007
+7.8208000e+004 +1.7697131e-007
+7.8336000e+004 +2.7506962e-007
+7.8464000e+004 +2.3928754e-007
+7.8592000e+004 +1.7978584e-007
+7.8720000e+004 +1.8930645e-007
+7.8848000e+004 +1.8452009e-007
+7.8976000e+004 +1.6062228e-007
+7.9104000e+004 +1.4609317e-007
+7.9232000e+004 +1.5793339e-007
+7.9360000e+004 +2.1780939e-007
+7.9488000e+004 +1.7695032e-007
+7.9616000e+004 +1.5727478e-007
+7.9744000e+004 +1.6507340e-007
+7.9872000e+004 +1.9480619e-007
+8.0000000e+004 +1.7165834e-007
+8.0128000e+004 +1.6440850e-007
+8.0256000e+004 +1.5546760e-007
+8.0384000e+004 +1.7896615e-007
+8.0512000e+004 +1.8349155e-007
+8.0640000e+004 +2.0818709e-007
+8.0768000e+004 +2.2338565e-007
+8.0896000e+004 +1.9502384e-007
+8.1024000e+004 +1.9417006e-007
+8.1152000e+004 +1.6529322e-007
+8.1280000e+004 +1.5290361e-007
+8.1408000e+004 +1.5429272e-007
+8.1536000e+004 +1.6920218e-007
+8.1664000e+004 +1.7467697e-007
+8.1792000e+004 +1.9867660e-007
+8.1920000e+004 +1.8517422e-007
+8.2048000e+004 +1.5651166e-007
+8.2176000e+004 +1.7003856e-007
+8.2304000e+004 +1.5635159e-007
+8.2432000e+004 +2.0497812e-007
+8.2560000e+004 +2.2320522e-007
+8.2688000e+004 +1.9087344e-007
+8.2816000e+004 +1.5395293e-007
+8.2944000e+004 +1.8348028e-007
+8.3072000e+004 +1.6812680e-007
+8.3200000e+004 +1.5725631e-007
+8.3328000e+004 +1.9342447e-007
+8.3456000e+004 +1.8672709e-007
+8.3584000e+004 +1.9002114e-007
+8.3712000e+004 +1.9712822e-007
+8.3840000e+004 +1.8779664e-007
+8.3968000e+004 +1.8579455e-007
+8.4096000e+004 +1.8668875e-007
+8.4224000e+004 +2.3197940e-007
+8.4352000e+004 +2.0316145e-007
+8.4480000e+004 +1.6219171e-007
+8.4608000e+004 +1.8069518e-007
+8.4736000e+004 +1.9040208e-007
+8.4864000e+004 +1.9764769e-007
+8.4992000e+004 +1.8901527e-007
+8.5120000e+004 +1.7922611e-007
+8.5248000e+004 +1.9384990e-007
+8.5376000e+004 +1.8809834e-007
+8.5504000e+004 +1.8563937e-007
+8.5632000e+004 +1.6656577e-007
+8.5760000e+004 +1.7783790e-007
+8.5888000e+004 +1.8168708e-007
+8.6016000e+004 +1.7761447e-007
+8.6144000e+004 +1.9167632e-007
+8.6272000e+004 +1.8165278e-007
+8.6400000e+004 +1.7505020e-007
+8.6528000e+004 +2.1707787e-007
+8.6656000e+004 +2.3860045e-007
+8.6784000e+004 +2.3359397e-007
+8.6912000e+004 +1.6424215e-007
+8.7040000e+004 +1.8543912e-007
+8.7168000e+004 +1.9777295e-007
+8.7296000e+004 +2.0010199e-007
+8.7424000e+004 +2.1650375e-007
+8.7552000e+004 +1.5287138e-007
+8.7680000e+004 +1.7037907e-007
+8.7808000e+004 +2.0785454e-007
+8.7936000e+004 +1.7226309e-007
+8.8064000e+004 +1.7272824e-007
+8.8192000e+004 +2.0798032e-007
+8.8320000e+004 +2.2051525e-007
+8.8448000e+004 +2.0304192e-007
+8.8576000e+004 +2.0571402e-007
+8.8704000e+004 +1.7246141e-007
+8.8832000e+004 +1.6362191e-007
+8.8960000e+004 +1.8929045e-007
+8.9088000e+004 +2.4371394e-007
+8.9216000e+004 +2.0073882e-007
+8.9344000e+004 +1.7820850e-007
+8.9472000e+004 +1.5463733e-007
+8.9600000e+004 +1.8366893e-007
+8.9728000e+004 +1.9953070e-007
+8.9856000e+004 +1.8477128e-007
+8.9984000e+004 +1.9622428e-007
+9.0112000e+004 +1.9076387e-007
+9.0240000e+004 +1.8098964e-007
+9.0368000e+004 +2.2762362e-007
+9.0496000e+004 +2.2882514e-007
+9.0624000e+004 +1.6932762e-007
+9.0752000e+004 +1.5834124e-007
+9.0880000e+004 +1.7164591e-007
+9.1008000e+004 +1.9942250e-007
+9.1136000e+004 +2.2218146e-007
+9.1264000e+004 +1.9672885e-007
+9.1392000e+004 +1.4989247e-007
+9.1520000e+004 +1.6879601e-007
+9.1648000e+004 +1.7053608e-007
+9.1776000e+004 +2.3536597e-007
+9.1904000e+004 +2.3574124e-007
+9.2032000e+004 +1.9627491e-007
+9.2160000e+004 +1.8371310e-007
+9.2288000e+004 +1.7603104e-007
+9.2416000e+004 +1.3876566e-007
+9.2544000e+004 +1.4256148e-007
+9.2672000e+004 +1.7841425e-007
+9.2800000e+004 +1.7897618e-007
+9.2928000e+004 +1.8563733e-007
+9.3056000e+004 +2.1249920e-007
+9.3184000e+004 +1.6011640e-007
+9.3312000e+004 +1.5649155e-007
+9.3440000e+004 +1.7755987e-007
+9.3568000e+004 +2.0189950e-007
+9.3696000e+004 +1.9182285e-007
+9.3824000e+004 +1.7106267e-007
+9.3952000e+004 +1.6233066e-007
+9.4080000e+004 +1.7733873e-007
+9.4208000e+004 +1.9303707e-007
+9.4336000e+004 +2.1826807e-007
+9.4464000e+004 +1.8885305e-007
+9.4592000e+004 +1.6769744e-007
+9.4720000e+004 +2.1282422e-007
+9.4848000e+004 +1.8162326e-007
+9.4976000e+004 +1.7745755e-007
+9.5104000e+004 +1.9017705e-007
+9.5232000e+004 +1.9550794e-007
+9.5360000e+004 +1.7194809e-007
+9.5488000e+004 +1.5811192e-007
+9.5616000e+004 +1.7552905e-007
+9.5744000e+004 +1.7496681e-007
+9.5872000e+004 +1.3532386e-007
+9.6000000e+004 +2.0309008e-007
+9.6128000e+004 +2.2200955e-007
+9.6256000e+004 +2.1384031e-007
+9.6384000e+004 +3.5641713e-007
+9.6512000e+004 +3.6939585e-007
+9.6640000e+004 +2.1128872e-007
+9.6768000e+004 +2.2308419e-007
+9.6896000e+004 +1.8289819e-007
+9.7024000e+004 +1.7800883e-007
+9.7152000e+004 +1.8612755e-007
+9.7280000e+004 +1.8025567e-007
+9.7408000e+004 +2.0194540e-007
+9.7536000e+004 +2.3090602e-007
+9.7664000e+004 +2.1210386e-007
+9.7792000e+004 +2.3336170e-007
+9.7920000e+004 +3.9778200e-007
+9.8048000e+004 +2.7915084e-007
+9.8176000e+004 +1.6194544e-007
+9.8304000e+004 +1.7219331e-007
+9.8432000e+004 +1.7343574e-007
+9.8560000e+004 +2.0407180e-007
+9.8688000e+004 +1.7925622e-007
+9.8816000e+004 +1.8190386e-007
+9.8944000e+004 +2.0828769e-007
+9.9072000e+004 +1.7853124e-007
+9.9200000e+004 +2.0438752e-007
+9.9328000e+004 +2.4897889e-007
+9.9456000e+004 +2.2640924e-007
+9.9584000e+004 +1.9144265e-007
+9.9712000e+004 +1.6351576e-007
+9.9840000e+004 +1.5994544e-007
+9.9968000e+004 +1.3735759e-007
+1.0009600e+005 +1.6760042e-007
+1.0022400e+005 +1.6868539e-007
+1.0035200e+005 +1.1939557e-007
+1.0048000e+005 +1.5828005e-007
+1.0060800e+005 +1.5842001e-007
+1.0073600e+005 +1.8567545e-007
+1.0086400e+005 +1.6644054e-007
+1.0099200e+005 +1.4710383e-007
+1.0112000e+005 +1.5367546e-007
+1.0124800e+005 +1.5265367e-007
+1.0137600e+005 +1.4232204e-007
+1.0150400e+005 +1.4761868e-007
+1.0163200e+005 +1.5505779e-007
+1.0176000e+005 +1.9331131e-007
+1.0188800e+005 +1.6195095e-007
+1.0201600e+005 +1.5327423e-007
+1.0214400e+005 +1.8342448e-007
+1.0227200e+005 +1.7682389e-007
+1.0240000e+005 +2.0368722e-007
#Display #2 length= 513
+0.0000000e+000 +8.4618622e-001
+1.5441895e-002 +8.4522575e-001
+3.0883789e-002 +8.4522575e-001
+4.6325684e-002 +8.4522575e-001
+6.1767578e-002 +8.4522575e-001
+7.7209473e-002 +8.4522575e-001
+9.2651367e-002 +8.4522575e-001
+1.0809326e-001 +8.4522575e-001
+1.2353516e-001 +8.4522575e-001
+1.3897705e-001 +8.4522575e-001
+1.5441895e-001 +8.4522575e-001
+1.6986084e-001 +8.4522575e-001
+1.8530273e-001 +8.4522575e-001
+2.0074463e-001 +8.4618622e-001
+2.1618652e-001 +8.4522575e-001
+2.3162842e-001 +8.4522575e-001
+2.4707031e-001 +8.4618622e-001
+2.6251221e-001 +8.4618622e-001
+2.7795410e-001 +8.4522575e-001
+2.9339600e-001 +8.4522575e-001
+3.0883789e-001 +8.4522575e-001
+3.2427979e-001 +8.4522575e-001
+3.3972168e-001 +8.4618622e-001
+3.5516357e-001 +8.4522575e-001
+3.7060547e-001 +8.4714675e-001
+3.8604736e-001 +8.4522575e-001
+4.0148926e-001 +8.4522575e-001
+4.1693115e-001 +8.4618622e-001
+4.3237305e-001 +8.4522575e-001
+4.4781494e-001 +8.4522575e-001
+4.6325684e-001 +8.4522575e-001
+4.7869873e-001 +8.4522575e-001
+4.9414063e-001 +8.4618622e-001
+5.0958252e-001 +8.4522575e-001
+5.2502441e-001 +8.4618622e-001
+5.4046631e-001 +8.4618622e-001
+5.5590820e-001 +8.4522575e-001
+5.7135010e-001 +8.4426528e-001
+5.8679199e-001 +8.4522575e-001
+6.0223389e-001 +8.4522575e-001
+6.1767578e-001 +8.4618622e-001
+6.3311768e-001 +8.4522575e-001
+6.4855957e-001 +8.4618622e-001
+6.6400146e-001 +8.4522575e-001
+6.7944336e-001 +8.4522575e-001
+6.9488525e-001 +8.4618622e-001
+7.1032715e-001 +8.4522575e-001
+7.2576904e-001 +8.4522575e-001
+7.4121094e-001 +8.4522575e-001
+7.5665283e-001 +8.4618622e-001
+7.7209473e-001 +8.4426528e-001
+7.8753662e-001 +8.4522575e-001
+8.0297852e-001 +8.4522575e-001
+8.1842041e-001 +8.4522575e-001
+8.3386230e-001 +8.4522575e-001
+8.4930420e-001 +8.4522575e-001
+8.6474609e-001 +8.4522575e-001
+8.8018799e-001 +8.4618622e-001
+8.9562988e-001 +8.4618622e-001
+9.1107178e-001 +8.4522575e-001
+9.2651367e-001 +8.4522575e-001
+9.4195557e-001 +8.4618622e-001
+9.5739746e-001 +8.4618622e-001
+9.7283936e-001 +8.4522575e-001
+9.8828125e-001 +8.4522575e-001
+1.0037231e+000 +8.4522575e-001
+1.0191650e+000 +8.4618622e-001
+1.0346069e+000 +8.4522575e-001
+1.0500488e+000 +8.4618622e-001
+1.0654907e+000 +8.4522575e-001
+1.0809326e+000 +8.4522575e-001
+1.0963745e+000 +8.4522575e-001
+1.1118164e+000 +8.4522575e-001
+1.1272583e+000 +8.4522575e-001
+1.1427002e+000 +8.4522575e-001
+1.1581421e+000 +8.4618622e-001
+1.1735840e+000 +8.4522575e-001
+1.1890259e+000 +8.4522575e-001
+1.2044678e+000 +8.4522575e-001
+1.2199097e+000 +8.4426528e-001
+1.2353516e+000 +8.4522575e-001
+1.2507935e+000 +8.4522575e-001
+1.2662354e+000 +8.4618622e-001
+1.2816772e+000 +8.4618622e-001
+1.2971191e+000 +8.4618622e-001
+1.3125610e+000 +8.4522575e-001
+1.3280029e+000 +8.4618622e-001
+1.3434448e+000 +8.4522575e-001
+1.3588867e+000 +8.4522575e-001
+1.3743286e+000 +8.4618622e-001
+1.3897705e+000 +8.4522575e-001
+1.4052124e+000 +8.4522575e-001
+1.4206543e+000 +8.4426528e-001
+1.4360962e+000 +8.4522575e-001
+1.4515381e+000 +8.4618622e-001
+1.4669800e+000 +8.4522575e-001
+1.4824219e+000 +8.4618622e-001
+1.4978638e+000 +8.4522575e-001
+1.5133057e+000 +8.4522575e-001
+1.5287476e+000 +8.4426528e-001
+1.5441895e+000 +8.4522575e-001
+1.5596313e+000 +8.4522575e-001
+1.5750732e+000 +8.4522575e-001
+1.5905151e+000 +8.4522575e-001
+1.6059570e+000 +8.4522575e-001
+1.6213989e+000 +8.4522575e-001
+1.6368408e+000 +8.4426528e-001
+1.6522827e+000 +8.4522575e-001
+1.6677246e+000 +8.4618622e-001
+1.6831665e+000 +8.4522575e-001
+1.6986084e+000 +8.4618622e-001
+1.7140503e+000 +8.4426528e-001
+1.7294922e+000 +8.4522575e-001
+1.7449341e+000 +8.4522575e-001
+1.7603760e+000 +8.4522575e-001
+1.7758179e+000 +8.4618622e-001
+1.7912598e+000 +8.4618622e-001
+1.8067017e+000 +8.4522575e-001
+1.8221436e+000 +8.4522575e-001
+1.8375854e+000 +8.4618622e-001
+1.8530273e+000 +8.4522575e-001
+1.8684692e+000 +8.4618622e-001
+1.8839111e+000 +8.4714675e-001
+1.8993530e+000 +8.4522575e-001
+1.9147949e+000 +8.4522575e-001
+1.9302368e+000 +8.4522575e-001
+1.9456787e+000 +8.4522575e-001
+1.9611206e+000 +8.4618622e-001
+1.9765625e+000 +8.4522575e-001
+1.9920044e+000 +8.4522575e-001
+2.0074463e+000 +8.4522575e-001
+2.0228882e+000 +8.4522575e-001
+2.0383301e+000 +8.4618622e-001
+2.0537720e+000 +8.4522575e-001
+2.0692139e+000 +8.4522575e-001
+2.0846558e+000 +8.4618622e-001
+2.1000977e+000 +8.4522575e-001
+2.1155396e+000 +8.4522575e-001
+2.1309814e+000 +8.4522575e-001
+2.1464233e+000 +8.4522575e-001
+2.1618652e+000 +8.4522575e-001
+2.1773071e+000 +8.4522575e-001
+2.1927490e+000 +8.4522575e-001
+2.2081909e+000 +8.4522575e-001
+2.2236328e+000 +8.4522575e-001
+2.2390747e+000 +8.4618622e-001
+2.2545166e+000 +8.4522575e-001
+2.2699585e+000 +8.4522575e-001
+2.2854004e+000 +8.4522575e-001
+2.3008423e+000 +8.4618622e-001
+2.3162842e+000 +8.4522575e-001
+2.3317261e+000 +8.4522575e-001
+2.3471680e+000 +8.4522575e-001
+2.3626099e+000 +8.4618622e-001
+2.3780518e+000 +8.4522575e-001
+2.3934937e+000 +8.4522575e-001
+2.4089355e+000 +8.4426528e-001
+2.4243774e+000 +8.4522575e-001
+2.4398193e+000 +8.4618622e-001
+2.4552612e+000 +8.4618622e-001
+2.4707031e+000 +8.4522575e-001
+2.4861450e+000 +8.4522575e-001
+2.5015869e+000 +8.4618622e-001
+2.5170288e+000 +8.4522575e-001
+2.5324707e+000 +8.4522575e-001
+2.5479126e+000 +8.4522575e-001
+2.5633545e+000 +8.4618622e-001
+2.5787964e+000 +8.4522575e-001
+2.5942383e+000 +8.4522575e-001
+2.6096802e+000 +8.4522575e-001
+2.6251221e+000 +8.4522575e-001
+2.6405640e+000 +8.4618622e-001
+2.6560059e+000 +8.4618622e-001
+2.6714478e+000 +8.4522575e-001
+2.6868896e+000 +8.4618622e-001
+2.7023315e+000 +8.4522575e-001
+2.7177734e+000 +8.4522575e-001
+2.7332153e+000 +8.4426528e-001
+2.7486572e+000 +8.4522575e-001
+2.7640991e+000 +8.4522575e-001
+2.7795410e+000 +8.4522575e-001
+2.7949829e+000 +8.4618622e-001
+2.8104248e+000 +8.4522575e-001
+2.8258667e+000 +8.4522575e-001
+2.8413086e+000 +8.4618622e-001
+2.8567505e+000 +8.4618622e-001
+2.8721924e+000 +8.4522575e-001
+2.8876343e+000 +8.4618622e-001
+2.9030762e+000 +8.4522575e-001
+2.9185181e+000 +8.4522575e-001
+2.9339600e+000 +8.4522575e-001
+2.9494019e+000 +8.4618622e-001
+2.9648438e+000 +8.4522575e-001
+2.9802856e+000 +8.4618622e-001
+2.9957275e+000 +8.4522575e-001
+3.0111694e+000 +8.4522575e-001
+3.0266113e+000 +8.4522575e-001
+3.0420532e+000 +8.4618622e-001
+3.0574951e+000 +8.4522575e-001
+3.0729370e+000 +8.4522575e-001
+3.0883789e+000 +8.4522575e-001
+3.1038208e+000 +8.4618622e-001
+3.1192627e+000 +8.4522575e-001
+3.1347046e+000 +8.4618622e-001
+3.1501465e+000 +8.4522575e-001
+3.1655884e+000 +8.4522575e-001
+3.1810303e+000 +8.4618622e-001
+3.1964722e+000 +8.4618622e-001
+3.2119141e+000 +8.4618622e-001
+3.2273560e+000 +8.4426528e-001
+3.2427979e+000 +8.4522575e-001
+3.2582397e+000 +8.4522575e-001
+3.2736816e+000 +8.4618622e-001
+3.2891235e+000 +8.4522575e-001
+3.3045654e+000 +8.4522575e-001
+3.3200073e+000 +8.4618622e-001
+3.3354492e+000 +8.4522575e-001
+3.3508911e+000 +8.4522575e-001
+3.3663330e+000 +8.4618622e-001
+3.3817749e+000 +8.4618622e-001
+3.3972168e+000 +8.4618622e-001
+3.4126587e+000 +8.4618622e-001
+3.4281006e+000 +8.4522575e-001
+3.4435425e+000 +8.4522575e-001
+3.4589844e+000 +8.4618622e-001
+3.4744263e+000 +8.4426528e-001
+3.4898682e+000 +8.4522575e-001
+3.5053101e+000 +8.4522575e-001
+3.5207520e+000 +8.4522575e-001
+3.5361938e+000 +8.4522575e-001
+3.5516357e+000 +8.4426528e-001
+3.5670776e+000 +8.4426528e-001
+3.5825195e+000 +8.4522575e-001
+3.5979614e+000 +8.4618622e-001
+3.6134033e+000 +8.4522575e-001
+3.6288452e+000 +8.4522575e-001
+3.6442871e+000 +8.4522575e-001
+3.6597290e+000 +8.4522575e-001
+3.6751709e+000 +8.4522575e-001
+3.6906128e+000 +8.4522575e-001
+3.7060547e+000 +8.4522575e-001
+3.7214966e+000 +8.4522575e-001
+3.7369385e+000 +8.4522575e-001
+3.7523804e+000 +8.4618622e-001
+3.7678223e+000 +8.4522575e-001
+3.7832642e+000 +8.4618622e-001
+3.7987061e+000 +8.4618622e-001
+3.8141479e+000 +8.4618622e-001
+3.8295898e+000 +8.4426528e-001
+3.8450317e+000 +8.4522575e-001
+3.8604736e+000 +8.4522575e-001
+3.8759155e+000 +8.4522575e-001
+3.8913574e+000 +8.4522575e-001
+3.9067993e+000 +8.4618622e-001
+3.9222412e+000 +8.4618622e-001
+3.9376831e+000 +8.4522575e-001
+3.9531250e+000 +8.4522575e-001
+3.9685669e+000 +8.4618622e-001
+3.9840088e+000 +8.4522575e-001
+3.9994507e+000 +8.4618622e-001
+4.0148926e+000 +8.4618622e-001
+4.0303345e+000 +8.4522575e-001
+4.0457764e+000 +8.4522575e-001
+4.0612183e+000 +8.4426528e-001
+4.0766602e+000 +8.4522575e-001
+4.0921021e+000 +8.4522575e-001
+4.1075439e+000 +8.4618622e-001
+4.1229858e+000 +8.4618622e-001
+4.1384277e+000 +8.4522575e-001
+4.1538696e+000 +8.4522575e-001
+4.1693115e+000 +8.4522575e-001
+4.1847534e+000 +8.4522575e-001
+4.2001953e+000 +8.4618622e-001
+4.2156372e+000 +8.4522575e-001
+4.2310791e+000 +8.4618622e-001
+4.2465210e+000 +8.4618622e-001
+4.2619629e+000 +8.4426528e-001
+4.2774048e+000 +8.4618622e-001
+4.2928467e+000 +8.4522575e-001
+4.3082886e+000 +8.4522575e-001
+4.3237305e+000 +8.4618622e-001
+4.3391724e+000 +8.4618622e-001
+4.3546143e+000 +8.4522575e-001
+4.3700562e+000 +8.4522575e-001
+4.3854980e+000 +8.4618622e-001
+4.4009399e+000 +8.4426528e-001
+4.4163818e+000 +8.4618622e-001
+4.4318237e+000 +8.4618622e-001
+4.4472656e+000 +8.4426528e-001
+4.4627075e+000 +8.4618622e-001
+4.4781494e+000 +8.4522575e-001
+4.4935913e+000 +8.4522575e-001
+4.5090332e+000 +8.4522575e-001
+4.5244751e+000 +8.4522575e-001
+4.5399170e+000 +8.4618622e-001
+4.5553589e+000 +8.4522575e-001
+4.5708008e+000 +8.4522575e-001
+4.5862427e+000 +8.4522575e-001
+4.6016846e+000 +8.4522575e-001
+4.6171265e+000 +8.4522575e-001
+4.6325684e+000 +8.4522575e-001
+4.6480103e+000 +8.4618622e-001
+4.6634521e+000 +8.4522575e-001
+4.6788940e+000 +8.4618622e-001
+4.6943359e+000 +8.4522575e-001
+4.7097778e+000 +8.4714675e-001
+4.7252197e+000 +8.4618622e-001
+4.7406616e+000 +8.4426528e-001
+4.7561035e+000 +8.4618622e-001
+4.7715454e+000 +8.4618622e-001
+4.7869873e+000 +8.4618622e-001
+4.8024292e+000 +8.4522575e-001
+4.8178711e+000 +8.4522575e-001
+4.8333130e+000 +8.4618622e-001
+4.8487549e+000 +8.4522575e-001
+4.8641968e+000 +8.4618622e-001
+4.8796387e+000 +8.4522575e-001
+4.8950806e+000 +8.4522575e-001
+4.9105225e+000 +8.4522575e-001
+4.9259644e+000 +8.4618622e-001
+4.9414063e+000 +8.4618622e-001
+4.9568481e+000 +8.4522575e-001
+4.9722900e+000 +8.4522575e-001
+4.9877319e+000 +8.4522575e-001
+5.0031738e+000 +8.4618622e-001
+5.0186157e+000 +8.4714675e-001
+5.0340576e+000 +8.4522575e-001
+5.0494995e+000 +8.4522575e-001
+5.0649414e+000 +8.4618622e-001
+5.0803833e+000 +8.4522575e-001
+5.0958252e+000 +8.4618622e-001
+5.1112671e+000 +8.4522575e-001
+5.1267090e+000 +8.4522575e-001
+5.1421509e+000 +8.4618622e-001
+5.1575928e+000 +8.4426528e-001
+5.1730347e+000 +8.4522575e-001
+5.1884766e+000 +8.4714675e-001
+5.2039185e+000 +8.4522575e-001
+5.2193604e+000 +8.4522575e-001
+5.2348022e+000 +8.4618622e-001
+5.2502441e+000 +8.4522575e-001
+5.2656860e+000 +8.4618622e-001
+5.2811279e+000 +8.4522575e-001
+5.2965698e+000 +8.4522575e-001
+5.3120117e+000 +8.4714675e-001
+5.3274536e+000 +8.4522575e-001
+5.3428955e+000 +8.4522575e-001
+5.3583374e+000 +8.4618622e-001
+5.3737793e+000 +8.4522575e-001
+5.3892212e+000 +8.4522575e-001
+5.4046631e+000 +8.4714675e-001
+5.4201050e+000 +8.4522575e-001
+5.4355469e+000 +8.4522575e-001
+5.4509888e+000 +8.4522575e-001
+5.4664307e+000 +8.4618622e-001
+5.4818726e+000 +8.4522575e-001
+5.4973145e+000 +8.4522575e-001
+5.5127563e+000 +8.4522575e-001
+5.5281982e+000 +8.4618622e-001
+5.5436401e+000 +8.4522575e-001
+5.5590820e+000 +8.4522575e-001
+5.5745239e+000 +8.4522575e-001
+5.5899658e+000 +8.4618622e-001
+5.6054077e+000 +8.4522575e-001
+5.6208496e+000 +8.4522575e-001
+5.6362915e+000 +8.4618622e-001
+5.6517334e+000 +8.4426528e-001
+5.6671753e+000 +8.4618622e-001
+5.6826172e+000 +8.4522575e-001
+5.6980591e+000 +8.4522575e-001
+5.7135010e+000 +8.4522575e-001
+5.7289429e+000 +8.4618622e-001
+5.7443848e+000 +8.4426528e-001
+5.7598267e+000 +8.4522575e-001
+5.7752686e+000 +8.4522575e-001
+5.7907104e+000 +8.4522575e-001
+5.8061523e+000 +8.4618622e-001
+5.8215942e+000 +8.4522575e-001
+5.8370361e+000 +8.4714675e-001
+5.8524780e+000 +8.4522575e-001
+5.8679199e+000 +8.4618622e-001
+5.8833618e+000 +8.4522575e-001
+5.8988037e+000 +8.4618622e-001
+5.9142456e+000 +8.4522575e-001
+5.9296875e+000 +8.4522575e-001
+5.9451294e+000 +8.4522575e-001
+5.9605713e+000 +8.4522575e-001
+5.9760132e+000 +8.4522575e-001
+5.9914551e+000 +8.4522575e-001
+6.0068970e+000 +8.4522575e-001
+6.0223389e+000 +8.4522575e-001
+6.0377808e+000 +8.4522575e-001
+6.0532227e+000 +8.4522575e-001
+6.0686646e+000 +8.4522575e-001
+6.0841064e+000 +8.4522575e-001
+6.0995483e+000 +8.4522575e-001
+6.1149902e+000 +8.4618622e-001
+6.1304321e+000 +8.4522575e-001
+6.1458740e+000 +8.4618622e-001
+6.1613159e+000 +8.4522575e-001
+6.1767578e+000 +8.4522575e-001
+6.1921997e+000 +8.4522575e-001
+6.2076416e+000 +8.4618622e-001
+6.2230835e+000 +8.4522575e-001
+6.2385254e+000 +8.4426528e-001
+6.2539673e+000 +8.4522575e-001
+6.2694092e+000 +8.4522575e-001
+6.2848511e+000 +8.4522575e-001
+6.3002930e+000 +8.4522575e-001
+6.3157349e+000 +8.4618622e-001
+6.3311768e+000 +8.4522575e-001
+6.3466187e+000 +8.4522575e-001
+6.3620605e+000 +8.4618622e-001
+6.3775024e+000 +8.4426528e-001
+6.3929443e+000 +8.4618622e-001
+6.4083862e+000 +8.4522575e-001
+6.4238281e+000 +8.4522575e-001
+6.4392700e+000 +8.4618622e-001
+6.4547119e+000 +8.4618622e-001
+6.4701538e+000 +8.4522575e-001
+6.4855957e+000 +8.4522575e-001
+6.5010376e+000 +8.4522575e-001
+6.5164795e+000 +8.4522575e-001
+6.5319214e+000 +8.4522575e-001
+6.5473633e+000 +8.4522575e-001
+6.5628052e+000 +8.4522575e-001
+6.5782471e+000 +8.4426528e-001
+6.5936890e+000 +8.4522575e-001
+6.6091309e+000 +8.4522575e-001
+6.6245728e+000 +8.4618622e-001
+6.6400146e+000 +8.4618622e-001
+6.6554565e+000 +8.4426528e-001
+6.6708984e+000 +8.4522575e-001
+6.6863403e+000 +8.4522575e-001
+6.7017822e+000 +8.4714675e-001
+6.7172241e+000 +8.4618622e-001
+6.7326660e+000 +8.4522575e-001
+6.7481079e+000 +8.4618622e-001
+6.7635498e+000 +8.4618622e-001
+6.7789917e+000 +8.4522575e-001
+6.7944336e+000 +8.4522575e-001
+6.8098755e+000 +8.4522575e-001
+6.8253174e+000 +8.4522575e-001
+6.8407593e+000 +8.4522575e-001
+6.8562012e+000 +8.4522575e-001
+6.8716431e+000 +8.4522575e-001
+6.8870850e+000 +8.4522575e-001
+6.9025269e+000 +8.4618622e-001
+6.9179688e+000 +8.4714675e-001
+6.9334106e+000 +8.4618622e-001
+6.9488525e+000 +8.4522575e-001
+6.9642944e+000 +8.4426528e-001
+6.9797363e+000 +8.4618622e-001
+6.9951782e+000 +8.4522575e-001
+7.0106201e+000 +8.4522575e-001
+7.0260620e+000 +8.4618622e-001
+7.0415039e+000 +8.4522575e-001
+7.0569458e+000 +8.4426528e-001
+7.0723877e+000 +8.4426528e-001
+7.0878296e+000 +8.4522575e-001
+7.1032715e+000 +8.4522575e-001
+7.1187134e+000 +8.4522575e-001
+7.1341553e+000 +8.4618622e-001
+7.1495972e+000 +8.4522575e-001
+7.1650391e+000 +8.4522575e-001
+7.1804810e+000 +8.4522575e-001
+7.1959229e+000 +8.4618622e-001
+7.2113647e+000 +8.4522575e-001
+7.2268066e+000 +8.4522575e-001
+7.2422485e+000 +8.4522575e-001
+7.2576904e+000 +8.4522575e-001
+7.2731323e+000 +8.4522575e-001
+7.2885742e+000 +8.4618622e-001
+7.3040161e+000 +8.4522575e-001
+7.3194580e+000 +8.4426528e-001
+7.3348999e+000 +8.4522575e-001
+7.3503418e+000 +8.4522575e-001
+7.3657837e+000 +8.4522575e-001
+7.3812256e+000 +8.4522575e-001
+7.3966675e+000 +8.4522575e-001
+7.4121094e+000 +8.4522575e-001
+7.4275513e+000 +8.4522575e-001
+7.4429932e+000 +8.4522575e-001
+7.4584351e+000 +8.4522575e-001
+7.4738770e+000 +8.4522575e-001
+7.4893188e+000 +8.4618622e-001
+7.5047607e+000 +8.4522575e-001
+7.5202026e+000 +8.4522575e-001
+7.5356445e+000 +8.4522575e-001
+7.5510864e+000 +8.4426528e-001
+7.5665283e+000 +8.4522575e-001
+7.5819702e+000 +8.4522575e-001
+7.5974121e+000 +8.4522575e-001
+7.6128540e+000 +8.4522575e-001
+7.6282959e+000 +8.4522575e-001
+7.6437378e+000 +8.4618622e-001
+7.6591797e+000 +8.4522575e-001
+7.6746216e+000 +8.4522575e-001
+7.6900635e+000 +8.4522575e-001
+7.7055054e+000 +8.4426528e-001
+7.7209473e+000 +8.4618622e-001
+7.7363892e+000 +8.4522575e-001
+7.7518311e+000 +8.4618622e-001
+7.7672729e+000 +8.4522575e-001
+7.7827148e+000 +8.4522575e-001
+7.7981567e+000 +8.4522575e-001
+7.8135986e+000 +8.4522575e-001
+7.8290405e+000 +0.0000000e+000
+7.8444824e+000 +0.0000000e+000
+7.8599243e+000 +0.0000000e+000
+7.8753662e+000 +0.0000000e+000
+7.8908081e+000 +0.0000000e+000
+7.9062500e+000 +8.4618622e-001
