#Display #1 length= 801
+0.0000000e+000 +3.2243588e-005
+1.6000000e+001 +1.6494676e-005
+3.2000000e+001 +1.0314445e-006
+4.8000000e+001 +3.1785094e-006
+6.4000000e+001 +4.2697934e-006
+8.0000000e+001 +1.5231665e-006
+9.6000000e+001 +7.1244796e-007
+1.1200000e+002 +1.1716968e-006
+1.2800000e+002 +1.0938604e-006
+1.4400000e+002 +4.7397924e-007
+1.6000000e+002 +5.5566244e-007
+1.7600000e+002 +1.1472172e-006
+1.9200000e+002 +9.1745039e-007
+2.0800000e+002 +4.9847489e-007
+2.2400000e+002 +5.7683633e-007
+2.4000000e+002 +7.8042746e-007
+2.5600000e+002 +4.9085668e-007
+2.7200000e+002 +4.2622241e-007
+2.8800000e+002 +1.6167699e-006
+3.0400000e+002 +2.2039906e-006
+3.2000000e+002 +8.6412081e-007
+3.3600000e+002 +3.3657398e-007
+3.5200000e+002 +3.8836242e-007
+3.6800000e+002 +3.2491036e-007
+3.8400000e+002 +2.6560329e-007
+4.0000000e+002 +4.0572746e-007
+4.1600000e+002 +7.2227829e-007
+4.3200000e+002 +6.2810710e-007
+4.4800000e+002 +3.7819800e-007
+4.6400000e+002 +4.8098156e-007
+4.8000000e+002 +6.2830645e-007
+4.9600000e+002 +5.2049131e-007
+5.1200000e+002 +5.5919571e-007
+5.2800000e+002 +8.1470563e-007
+5.4400000e+002 +8.0757911e-007
+5.6000000e+002 +5.0583799e-007
+5.7600000e+002 +6.7373679e-007
+5.9200000e+002 +6.9095063e-007
+6.0800000e+002 +7.0607871e-007
+6.2400000e+002 +7.7834892e-007
+6.4000000e+002 +1.0286803e-006
+6.5600000e+002 +1.3933360e-006
+6.7200000e+002 +1.3200422e-006
+6.8800000e+002 +1.1633452e-006
+7.0400000e+002 +8.9713041e-007
+7.2000000e+002 +8.7245581e-007
+7.3600000e+002 +1.0469963e-006
+7.5200000e+002 +1.2704168e-006
+7.6800000e+002 +1.1563222e-006
+7.8400000e+002 +1.0105606e-006
+8.0000000e+002 +1.1490324e-006
+8.1600000e+002 +1.3135824e-006
+8.3200000e+002 +1.5411190e-006
+8.4800000e+002 +1.6142423e-006
+8.6400000e+002 +1.4024882e-006
+8.8000000e+002 +2.0724292e-006
+8.9600000e+002 +2.4625772e-006
+9.1200000e+002 +1.9182369e-006
+9.2800000e+002 +1.5245669e-006
+9.4400000e+002 +1.3486256e-006
+9.6000000e+002 +1.1994176e-006
+9.7600000e+002 +1.1798037e-006
+9.9200000e+002 +1.4176185e-006
+1.0080000e+003 +1.7955326e-006
+1.0240000e+003 +1.8340072e-006
+1.0400000e+003 +1.5500434e-006
+1.0560000e+003 +1.5325926e-006
+1.0720000e+003 +1.7470709e-006
+1.0880000e+003 +1.6695980e-006
+1.1040000e+003 +1.5277775e-006
+1.1200000e+003 +1.5953153e-006
+1.1360000e+003 +2.1290673e-006
+1.1520000e+003 +1.7867145e-006
+1.1680000e+003 +1.6851120e-006
+1.1840000e+003 +1.6066602e-006
+1.2000000e+003 +1.7841190e-006
+1.2160000e+003 +1.6709073e-006
+1.2320000e+003 +1.6861854e-006
+1.2480000e+003 +1.8380349e-006
+1.2640000e+003 +1.4999092e-006
+1.2800000e+003 +1.6588082e-006
+1.2960000e+003 +1.6325261e-006
+1.3120000e+003 +1.6893357e-006
+1.3280000e+003 +1.5089578e-006
+1.3440000e+003 +1.7153569e-006
+1.3600000e+003 +1.9592655e-006
+1.3760000e+003 +1.9834445e-006
+1.3920000e+003 +1.7056099e-006
+1.4080000e+003 +1.9749521e-006
+1.4240000e+003 +1.8344482e-006
+1.4400000e+003 +1.3742517e-006
+1.4560000e+003 +1.6066108e-006
+1.4720000e+003 +1.6749501e-006
+1.4880000e+003 +1.9429056e-006
+1.5040000e+003 +1.7337405e-006
+1.5200000e+003 +1.6437384e-006
+1.5360000e+003 +1.6093190e-006
+1.5520000e+003 +1.7941650e-006
+1.5680000e+003 +1.9845945e-006
+1.5840000e+003 +1.2666047e-006
+1.6000000e+003 +1.9018833e-006
+1.6160000e+003 +1.9674894e-006
+1.6320000e+003 +1.6248403e-006
+1.6480000e+003 +1.5074708e-006
+1.6640000e+003 +1.8160333e-006
+1.6800000e+003 +1.9505896e-006
+1.6960000e+003 +1.5725182e-006
+1.7120000e+003 +1.6844147e-006
+1.7280000e+003 +1.5424445e-006
+1.7440000e+003 +1.4078078e-006
+1.7600000e+003 +1.3123916e-006
+1.7760000e+003 +1.5872121e-006
+1.7920000e+003 +1.7941157e-006
+1.8080000e+003 +1.7050894e-006
+1.8240000e+003 +1.7071762e-006
+1.8400000e+003 +1.9314180e-006
+1.8560000e+003 +2.0224938e-006
+1.8720000e+003 +1.6314724e-006
+1.8880000e+003 +1.5739259e-006
+1.9040000e+003 +1.5497507e-006
+1.9200000e+003 +1.5925380e-006
+1.9360000e+003 +1.7373287e-006
+1.9520000e+003 +1.6612360e-006
+1.9680000e+003 +2.0521320e-006
+1.9840000e+003 +2.0293428e-006
+2.0000000e+003 +1.7060651e-006
+2.0160000e+003 +1.6827713e-006
+2.0320000e+003 +1.6363609e-006
+2.0480000e+003 +1.5241535e-006
+2.0640000e+003 +1.6427371e-006
+2.0800000e+003 +1.8596884e-006
+2.0960000e+003 +1.6636965e-006
+2.1120000e+003 +1.4924250e-006
+2.1280000e+003 +1.6491490e-006
+2.1440000e+003 +1.5632893e-006
+2.1600000e+003 +1.8842267e-006
+2.1760000e+003 +1.6726419e-006
+2.1920000e+003 +1.5888440e-006
+2.2080000e+003 +1.6386407e-006
+2.2240000e+003 +1.8120061e-006
+2.2400000e+003 +1.5589973e-006
+2.2560000e+003 +1.7536435e-006
+2.2720000e+003 +1.7396287e-006
+2.2880000e+003 +1.3556208e-006
+2.3040000e+003 +1.5292610e-006
+2.3200000e+003 +1.6276454e-006
+2.3360000e+003 +1.5740193e-006
+2.3520000e+003 +1.4134625e-006
+2.3680000e+003 +1.2605226e-006
+2.3840000e+003 +1.2392031e-006
+2.4000000e+003 +1.5684832e-006
+2.4160000e+003 +1.6526328e-006
+2.4320000e+003 +1.6380704e-006
+2.4480000e+003 +1.5367748e-006
+2.4640000e+003 +1.6554004e-006
+2.4800000e+003 +1.4323928e-006
+2.4960000e+003 +1.4270963e-006
+2.5120000e+003 +1.3322248e-006
+2.5280000e+003 +1.5146412e-006
+2.5440000e+003 +1.2474977e-006
+2.5600000e+003 +1.2272054e-006
+2.5760000e+003 +1.3309426e-006
+2.5920000e+003 +1.5099223e-006
+2.6080000e+003 +1.1690599e-006
+2.6240000e+003 +1.1628051e-006
+2.6400000e+003 +1.3842084e-006
+2.6560000e+003 +1.5789350e-006
+2.6720000e+003 +1.3587680e-006
+2.6880000e+003 +1.4344813e-006
+2.7040000e+003 +1.3005060e-006
+2.7200000e+003 +1.1230234e-006
+2.7360000e+003 +1.1732003e-006
+2.7520000e+003 +1.5260440e-006
+2.7680000e+003 +1.4583163e-006
+2.7840000e+003 +1.2180650e-006
+2.8000000e+003 +1.3665961e-006
+2.8160000e+003 +1.5239443e-006
+2.8320000e+003 +1.3591560e-006
+2.8480000e+003 +1.2110800e-006
+2.8640000e+003 +1.3184880e-006
+2.8800000e+003 +1.3922518e-006
+2.8960000e+003 +1.2708423e-006
+2.9120000e+003 +1.0122052e-006
+2.9280000e+003 +1.4361060e-006
+2.9440000e+003 +1.6106006e-006
+2.9600000e+003 +1.2966650e-006
+2.9760000e+003 +1.3074153e-006
+2.9920000e+003 +1.2334016e-006
+3.0080000e+003 +1.4290625e-006
+3.0240000e+003 +1.3361229e-006
+3.0400000e+003 +1.0981540e-006
+3.0560000e+003 +1.1798089e-006
+3.0720000e+003 +1.3079868e-006
+3.0880000e+003 +1.1737118e-006
+3.1040000e+003 +9.5440873e-007
+3.1200000e+003 +1.1677129e-006
+3.1360000e+003 +1.2392426e-006
+3.1520000e+003 +1.2267810e-006
+3.1680000e+003 +1.1444595e-006
+3.1840000e+003 +1.0359332e-006
+3.2000000e+003 +9.2613305e-007
+3.2160000e+003 +1.0919524e-006
+3.2320000e+003 +1.1775908e-006
+3.2480000e+003 +1.0617119e-006
+3.2640000e+003 +1.1865355e-006
+3.2800000e+003 +1.1073498e-006
+3.2960000e+003 +1.2158470e-006
+3.3120000e+003 +1.0885923e-006
+3.3280000e+003 +1.2375906e-006
+3.3440000e+003 +1.1840459e-006
+3.3600000e+003 +1.1502430e-006
+3.3760000e+003 +1.3560333e-006
+3.3920000e+003 +1.2196897e-006
+3.4080000e+003 +1.1302487e-006
+3.4240000e+003 +2.1838409e-006
+3.4400000e+003 +2.1480205e-006
+3.4560000e+003 +1.2217886e-006
+3.4720000e+003 +1.1700834e-006
+3.4880000e+003 +1.1216704e-006
+3.5040000e+003 +1.0574133e-006
+3.5200000e+003 +1.0485943e-006
+3.5360000e+003 +9.8130090e-007
+3.5520000e+003 +8.6387132e-007
+3.5680000e+003 +1.0768141e-006
+3.5840000e+003 +1.0012139e-006
+3.6000000e+003 +8.3783158e-007
+3.6160000e+003 +7.1512591e-007
+3.6320000e+003 +8.3404922e-007
+3.6480000e+003 +9.4681360e-007
+3.6640000e+003 +8.6524869e-007
+3.6800000e+003 +8.1050069e-007
+3.6960000e+003 +7.3587432e-007
+3.7120000e+003 +9.5369853e-007
+3.7280000e+003 +9.8822181e-007
+3.7440000e+003 +8.8436377e-007
+3.7600000e+003 +9.5500945e-007
+3.7760000e+003 +8.7057839e-007
+3.7920000e+003 +8.7636522e-007
+3.8080000e+003 +9.2656222e-007
+3.8240000e+003 +8.6525910e-007
+3.8400000e+003 +9.0941313e-007
+3.8560000e+003 +9.0407093e-007
+3.8720000e+003 +9.1540579e-007
+3.8880000e+003 +8.7119514e-007
+3.9040000e+003 +7.3095822e-007
+3.9200000e+003 +6.3663526e-007
+3.9360000e+003 +6.7112688e-007
+3.9520000e+003 +9.3220825e-007
+3.9680000e+003 +9.2830453e-007
+3.9840000e+003 +6.9503807e-007
+4.0000000e+003 +5.7023885e-007
+4.0160000e+003 +5.9350987e-007
+4.0320000e+003 +7.3248708e-007
+4.0480000e+003 +6.3574885e-007
+4.0640000e+003 +5.7275503e-007
+4.0800000e+003 +6.4424779e-007
+4.0960000e+003 +5.9972967e-007
+4.1120000e+003 +6.6014115e-007
+4.1280000e+003 +5.8295626e-007
+4.1440000e+003 +6.6818882e-007
+4.1600000e+003 +6.3294203e-007
+4.1760000e+003 +5.7261730e-007
+4.1920000e+003 +5.0796126e-007
+4.2080000e+003 +5.9085903e-007
+4.2240000e+003 +5.8547778e-007
+4.2400000e+003 +5.1958347e-007
+4.2560000e+003 +6.5835405e-007
+4.2720000e+003 +7.6774279e-007
+4.2880000e+003 +7.9562807e-007
+4.3040000e+003 +6.5554099e-007
+4.3200000e+003 +7.0227480e-007
+4.3360000e+003 +6.2576606e-007
+4.3520000e+003 +5.8449376e-007
+4.3680000e+003 +6.1905257e-007
+4.3840000e+003 +6.8883503e-007
+4.4000000e+003 +7.0263189e-007
+4.4160000e+003 +6.5102290e-007
+4.4320000e+003 +5.6035424e-007
+4.4480000e+003 +6.1552282e-007
+4.4640000e+003 +6.5191125e-007
+4.4800000e+003 +6.5810832e-007
+4.4960000e+003 +6.3335358e-007
+4.5120000e+003 +7.2339895e-007
+4.5280000e+003 +6.8334725e-007
+4.5440000e+003 +6.5481009e-007
+4.5600000e+003 +5.6625390e-007
+4.5760000e+003 +4.8070228e-007
+4.5920000e+003 +4.4445142e-007
+4.6080000e+003 +4.4873104e-007
+4.6240000e+003 +4.4734381e-007
+4.6400000e+003 +5.0919920e-007
+4.6560000e+003 +5.1723100e-007
+4.6720000e+003 +4.8517700e-007
+4.6880000e+003 +5.8904732e-007
+4.7040000e+003 +6.1282412e-007
+4.7200000e+003 +5.3555095e-007
+4.7360000e+003 +5.6464097e-007
+4.7520000e+003 +6.0300067e-007
+4.7680000e+003 +5.9200391e-007
+4.7840000e+003 +4.6811181e-007
+4.8000000e+003 +4.7866615e-007
+4.8160000e+003 +4.1010225e-007
+4.8320000e+003 +4.4518205e-007
+4.8480000e+003 +4.9116557e-007
+4.8640000e+003 +4.5956943e-007
+4.8800000e+003 +4.8001135e-007
+4.8960000e+003 +4.2759484e-007
+4.9120000e+003 +3.9273536e-007
+4.9280000e+003 +4.2332292e-007
+4.9440000e+003 +5.1416384e-007
+4.9600000e+003 +4.8663350e-007
+4.9760000e+003 +3.9459869e-007
+4.9920000e+003 +3.7189616e-007
+5.0080000e+003 +4.6364784e-007
+5.0240000e+003 +5.1093082e-007
+5.0400000e+003 +5.6579592e-007
+5.0560000e+003 +4.4845228e-007
+5.0720000e+003 +4.9455633e-007
+5.0880000e+003 +5.1889708e-007
+5.1040000e+003 +5.0891134e-007
+5.1200000e+003 +4.5469741e-007
+5.1360000e+003 +4.0824503e-007
+5.1520000e+003 +4.7204415e-007
+5.1680000e+003 +4.9213509e-007
+5.1840000e+003 +4.4211669e-007
+5.2000000e+003 +4.2096838e-007
+5.2160000e+003 +4.3318028e-007
+5.2320000e+003 +3.8848952e-007
+5.2480000e+003 +4.3037613e-007
+5.2640000e+003 +4.6392077e-007
+5.2800000e+003 +4.4320197e-007
+5.2960000e+003 +3.7506967e-007
+5.3120000e+003 +4.5236447e-007
+5.3280000e+003 +4.0145576e-007
+5.3440000e+003 +3.7407358e-007
+5.3600000e+003 +3.9000415e-007
+5.3760000e+003 +4.0970531e-007
+5.3920000e+003 +4.2987037e-007
+5.4080000e+003 +3.9285482e-007
+5.4240000e+003 +3.8595562e-007
+5.4400000e+003 +3.7788627e-007
+5.4560000e+003 +3.5906487e-007
+5.4720000e+003 +3.9960392e-007
+5.4880000e+003 +3.7097325e-007
+5.5040000e+003 +4.6283608e-007
+5.5200000e+003 +3.6940438e-007
+5.5360000e+003 +4.3105430e-007
+5.5520000e+003 +3.8280348e-007
+5.5680000e+003 +3.5994944e-007
+5.5840000e+003 +3.9637425e-007
+5.6000000e+003 +3.2192932e-007
+5.6160000e+003 +3.0507155e-007
+5.6320000e+003 +3.5079546e-007
+5.6480000e+003 +3.4787928e-007
+5.6640000e+003 +3.7362699e-007
+5.6800000e+003 +3.6505426e-007
+5.6960000e+003 +3.1636321e-007
+5.7120000e+003 +3.2023047e-007
+5.7280000e+003 +3.3426929e-007
+5.7440000e+003 +3.0776368e-007
+5.7600000e+003 +2.8353128e-007
+5.7760000e+003 +3.1017734e-007
+5.7920000e+003 +3.9225614e-007
+5.8080000e+003 +3.9158917e-007
+5.8240000e+003 +3.9092029e-007
+5.8400000e+003 +4.4665623e-007
+5.8560000e+003 +4.7064168e-007
+5.8720000e+003 +4.1017520e-007
+5.8880000e+003 +4.0689181e-007
+5.9040000e+003 +3.5086248e-007
+5.9200000e+003 +3.0404431e-007
+5.9360000e+003 +3.4799581e-007
+5.9520000e+003 +3.8684527e-007
+5.9680000e+003 +2.7505604e-007
+5.9840000e+003 +3.2953636e-007
+6.0000000e+003 +3.5330561e-007
+6.0160000e+003 +3.0341835e-007
+6.0320000e+003 +3.1516848e-007
+6.0480000e+003 +3.2657272e-007
+6.0640000e+003 +3.2118331e-007
+6.0800000e+003 +3.5438100e-007
+6.0960000e+003 +3.1211948e-007
+6.1120000e+003 +2.9021376e-007
+6.1280000e+003 +3.1668571e-007
+6.1440000e+003 +3.0747287e-007
+6.1600000e+003 +3.1117645e-007
+6.1760000e+003 +3.5315861e-007
+6.1920000e+003 +3.1698036e-007
+6.2080000e+003 +2.7602019e-007
+6.2240000e+003 +2.9608148e-007
+6.2400000e+003 +2.9998228e-007
+6.2560000e+003 +2.5414622e-007
+6.2720000e+003 +2.7044760e-007
+6.2880000e+003 +2.9040979e-007
+6.3040000e+003 +3.1076536e-007
+6.3200000e+003 +3.2075056e-007
+6.3360000e+003 +3.2614417e-007
+6.3520000e+003 +2.8887158e-007
+6.3680000e+003 +3.1970876e-007
+6.3840000e+003 +3.2772863e-007
+6.4000000e+003 +3.0057112e-007
+6.4160000e+003 +2.5431092e-007
+6.4320000e+003 +2.4667094e-007
+6.4480000e+003 +2.4028034e-007
+6.4640000e+003 +3.2839534e-007
+6.4800000e+003 +3.4840946e-007
+6.4960000e+003 +3.5911850e-007
+6.5120000e+003 +3.2105567e-007
+6.5280000e+003 +3.1648133e-007
+6.5440000e+003 +2.9589526e-007
+6.5600000e+003 +2.9478818e-007
+6.5760000e+003 +3.5724145e-007
+6.5920000e+003 +2.9799949e-007
+6.6080000e+003 +2.4382450e-007
+6.6240000e+003 +2.9575915e-007
+6.6400000e+003 +3.2299678e-007
+6.6560000e+003 +3.3997122e-007
+6.6720000e+003 +3.4401941e-007
+6.6880000e+003 +2.6866857e-007
+6.7040000e+003 +2.8343820e-007
+6.7200000e+003 +3.3826146e-007
+6.7360000e+003 +3.8866617e-007
+6.7520000e+003 +3.6306446e-007
+6.7680000e+003 +2.9021504e-007
+6.7840000e+003 +3.2177772e-007
+6.8000000e+003 +3.2401726e-007
+6.8160000e+003 +3.5389652e-007
+6.8320000e+003 +2.4965502e-007
+6.8480000e+003 +1.7512710e-007
+6.8640000e+003 +1.9543883e-007
+6.8800000e+003 +3.2150544e-007
+6.8960000e+003 +3.2600775e-007
+6.9120000e+003 +3.0560997e-007
+6.9280000e+003 +2.3254528e-007
+6.9440000e+003 +2.0686281e-007
+6.9600000e+003 +2.0519497e-007
+6.9760000e+003 +2.5122787e-007
+6.9920000e+003 +2.3479659e-007
+7.0080000e+003 +2.5400283e-007
+7.0240000e+003 +2.4580930e-007
+7.0400000e+003 +2.2176008e-007
+7.0560000e+003 +2.7918915e-007
+7.0720000e+003 +2.9809243e-007
+7.0880000e+003 +2.7047790e-007
+7.1040000e+003 +2.5077782e-007
+7.1200000e+003 +2.3607900e-007
+7.1360000e+003 +2.5953364e-007
+7.1520000e+003 +2.6499538e-007
+7.1680000e+003 +2.6861991e-007
+7.1840000e+003 +2.5260334e-007
+7.2000000e+003 +2.6570945e-007
+7.2160000e+003 +2.8825662e-007
+7.2320000e+003 +2.5645596e-007
+7.2480000e+003 +3.1624791e-007
+7.2640000e+003 +3.4690018e-007
+7.2800000e+003 +3.2775057e-007
+7.2960000e+003 +3.0326279e-007
+7.3120000e+003 +2.9100124e-007
+7.3280000e+003 +3.0883706e-007
+7.3440000e+003 +2.8760883e-007
+7.3600000e+003 +2.7385789e-007
+7.3760000e+003 +2.5283921e-007
+7.3920000e+003 +2.4589514e-007
+7.4080000e+003 +2.9072277e-007
+7.4240000e+003 +3.1540390e-007
+7.4400000e+003 +2.7408922e-007
+7.4560000e+003 +2.7079048e-007
+7.4720000e+003 +2.3401445e-007
+7.4880000e+003 +2.4670777e-007
+7.5040000e+003 +2.9106900e-007
+7.5200000e+003 +2.9381459e-007
+7.5360000e+003 +2.1819547e-007
+7.5520000e+003 +2.0255206e-007
+7.5680000e+003 +2.5950257e-007
+7.5840000e+003 +2.9407019e-007
+7.6000000e+003 +3.0239667e-007
+7.6160000e+003 +2.7734225e-007
+7.6320000e+003 +2.5475862e-007
+7.6480000e+003 +2.8358545e-007
+7.6640000e+003 +2.3714701e-007
+7.6800000e+003 +1.9926010e-007
+7.6960000e+003 +2.4886873e-007
+7.7120000e+003 +2.3769547e-007
+7.7280000e+003 +2.3404836e-007
+7.7440000e+003 +2.3909976e-007
+7.7600000e+003 +2.1355359e-007
+7.7760000e+003 +2.1327264e-007
+7.7920000e+003 +2.8731120e-007
+7.8080000e+003 +2.9109424e-007
+7.8240000e+003 +2.7686278e-007
+7.8400000e+003 +3.3347052e-007
+7.8560000e+003 +3.2759334e-007
+7.8720000e+003 +2.7294055e-007
+7.8880000e+003 +2.4607556e-007
+7.9040000e+003 +2.5437402e-007
+7.9200000e+003 +2.4144447e-007
+7.9360000e+003 +2.7297352e-007
+7.9520000e+003 +3.2770055e-007
+7.9680000e+003 +2.9970639e-007
+7.9840000e+003 +2.6271485e-007
+8.0000000e+003 +2.4222777e-007
+8.0160000e+003 +2.6372723e-007
+8.0320000e+003 +2.6820319e-007
+8.0480000e+003 +2.5205426e-007
+8.0640000e+003 +2.3157071e-007
+8.0800000e+003 +2.1687872e-007
+8.0960000e+003 +2.5431370e-007
+8.1120000e+003 +3.0808823e-007
+8.1280000e+003 +3.5939539e-007
+8.1440000e+003 +3.1226514e-007
+8.1600000e+003 +2.4379185e-007
+8.1760000e+003 +2.6221775e-007
+8.1920000e+003 +2.2790695e-007
+8.2080000e+003 +2.5247968e-007
+8.2240000e+003 +2.5418362e-007
+8.2400000e+003 +2.3860619e-007
+8.2560000e+003 +2.5724870e-007
+8.2720000e+003 +2.0193120e-007
+8.2880000e+003 +2.2330057e-007
+8.3040000e+003 +2.3248299e-007
+8.3200000e+003 +2.9890651e-007
+8.3360000e+003 +2.9755125e-007
+8.3520000e+003 +2.5379180e-007
+8.3680000e+003 +1.8807955e-007
+8.3840000e+003 +2.4316282e-007
+8.4000000e+003 +2.7701358e-007
+8.4160000e+003 +2.5584032e-007
+8.4320000e+003 +2.5661481e-007
+8.4480000e+003 +2.8762685e-007
+8.4640000e+003 +3.3038481e-007
+8.4800000e+003 +2.6589126e-007
+8.4960000e+003 +2.4168239e-007
+8.5120000e+003 +2.2938585e-007
+8.5280000e+003 +2.1429675e-007
+8.5440000e+003 +2.6436445e-007
+8.5600000e+003 +2.5932911e-007
+8.5760000e+003 +1.9631328e-007
+8.5920000e+003 +2.7478467e-007
+8.6080000e+003 +2.3475894e-007
+8.6240000e+003 +2.2799554e-007
+8.6400000e+003 +2.6214232e-007
+8.6560000e+003 +2.3337861e-007
+8.6720000e+003 +2.9567539e-007
+8.6880000e+003 +2.8839844e-007
+8.7040000e+003 +2.7691050e-007
+8.7200000e+003 +2.0692050e-007
+8.7360000e+003 +2.4750489e-007
+8.7520000e+003 +2.3997660e-007
+8.7680000e+003 +2.0202346e-007
+8.7840000e+003 +2.5875741e-007
+8.8000000e+003 +2.7271139e-007
+8.8160000e+003 +2.7553028e-007
+8.8320000e+003 +2.4063860e-007
+8.8480000e+003 +2.0584258e-007
+8.8640000e+003 +2.2836458e-007
+8.8800000e+003 +2.2542697e-007
+8.8960000e+003 +2.4033574e-007
+8.9120000e+003 +2.4853477e-007
+8.9280000e+003 +2.2827810e-007
+8.9440000e+003 +2.3909215e-007
+8.9600000e+003 +2.3149292e-007
+8.9760000e+003 +2.0612845e-007
+8.9920000e+003 +2.2917564e-007
+9.0080000e+003 +2.5431706e-007
+9.0240000e+003 +2.1970951e-007
+9.0400000e+003 +2.2431149e-007
+9.0560000e+003 +2.2230714e-007
+9.0720000e+003 +2.3954277e-007
+9.0880000e+003 +2.3570502e-007
+9.1040000e+003 +2.0752617e-007
+9.1200000e+003 +2.4593726e-007
+9.1360000e+003 +2.6092022e-007
+9.1520000e+003 +2.8515751e-007
+9.1680000e+003 +2.6550094e-007
+9.1840000e+003 +2.3100746e-007
+9.2000000e+003 +2.2137377e-007
+9.2160000e+003 +2.0856230e-007
+9.2320000e+003 +2.4876056e-007
+9.2480000e+003 +2.4679446e-007
+9.2640000e+003 +2.4547325e-007
+9.2800000e+003 +2.5177130e-007
+9.2960000e+003 +2.2616676e-007
+9.3120000e+003 +2.0945453e-007
+9.3280000e+003 +2.3939475e-007
+9.3440000e+003 +2.5849477e-007
+9.3600000e+003 +2.4833676e-007
+9.3760000e+003 +2.8411961e-007
+9.3920000e+003 +2.9020165e-007
+9.4080000e+003 +2.6057066e-007
+9.4240000e+003 +2.2081956e-007
+9.4400000e+003 +2.6204737e-007
+9.4560000e+003 +2.3045823e-007
+9.4720000e+003 +2.2287266e-007
+9.4880000e+003 +2.4304538e-007
+9.5040000e+003 +2.8453857e-007
+9.5200000e+003 +2.8290842e-007
+9.5360000e+003 +2.8522012e-007
+9.5520000e+003 +3.0551936e-007
+9.5680000e+003 +2.0901092e-007
+9.5840000e+003 +2.1496578e-007
+9.6000000e+003 +2.5184622e-007
+9.6160000e+003 +2.4000138e-007
+9.6320000e+003 +2.4368106e-007
+9.6480000e+003 +2.4809637e-007
+9.6640000e+003 +2.3220773e-007
+9.6800000e+003 +2.3923579e-007
+9.6960000e+003 +2.5591083e-007
+9.7120000e+003 +2.4422371e-007
+9.7280000e+003 +2.6630966e-007
+9.7440000e+003 +2.6393377e-007
+9.7600000e+003 +2.3989179e-007
+9.7760000e+003 +2.3493558e-007
+9.7920000e+003 +2.5647174e-007
+9.8080000e+003 +2.5828737e-007
+9.8240000e+003 +2.4293999e-007
+9.8400000e+003 +2.2699268e-007
+9.8560000e+003 +2.5095301e-007
+9.8720000e+003 +2.7640354e-007
+9.8880000e+003 +2.5558680e-007
+9.9040000e+003 +2.6675124e-007
+9.9200000e+003 +2.1793880e-007
+9.9360000e+003 +1.9734304e-007
+9.9520000e+003 +2.2667838e-007
+9.9680000e+003 +2.0807352e-007
+9.9840000e+003 +2.1277094e-007
+1.0000000e+004 +2.3496318e-007
+1.0016000e+004 +2.1502267e-007
+1.0032000e+004 +2.6012216e-007
+1.0048000e+004 +2.2475845e-007
+1.0064000e+004 +1.7556856e-007
+1.0080000e+004 +2.0530808e-007
+1.0096000e+004 +2.4421593e-007
+1.0112000e+004 +2.0223740e-007
+1.0128000e+004 +1.7658623e-007
+1.0144000e+004 +2.6339416e-007
+1.0160000e+004 +2.7263056e-007
+1.0176000e+004 +2.4195558e-007
+1.0192000e+004 +2.5727383e-007
+1.0208000e+004 +2.4406154e-007
+1.0224000e+004 +2.3229417e-007
+1.0240000e+004 +2.4653636e-007
+1.0256000e+004 +2.5793454e-007
+1.0272000e+004 +2.4462975e-007
+1.0288000e+004 +2.3150106e-007
+1.0304000e+004 +2.2400631e-007
+1.0320000e+004 +2.3995844e-007
+1.0336000e+004 +2.6356975e-007
+1.0352000e+004 +2.5355311e-007
+1.0368000e+004 +2.3178107e-007
+1.0384000e+004 +1.9578246e-007
+1.0400000e+004 +2.0413364e-007
+1.0416000e+004 +2.2267771e-007
+1.0432000e+004 +2.4798499e-007
+1.0448000e+004 +2.3407304e-007
+1.0464000e+004 +2.4828222e-007
+1.0480000e+004 +2.2223294e-007
+1.0496000e+004 +2.4609960e-007
+1.0512000e+004 +1.8364030e-007
+1.0528000e+004 +1.9662282e-007
+1.0544000e+004 +1.8582494e-007
+1.0560000e+004 +2.0050797e-007
+1.0576000e+004 +2.6684907e-007
+1.0592000e+004 +2.0912363e-007
+1.0608000e+004 +1.8367760e-007
+1.0624000e+004 +2.3689535e-007
+1.0640000e+004 +2.6716981e-007
+1.0656000e+004 +2.3927939e-007
+1.0672000e+004 +2.2784215e-007
+1.0688000e+004 +2.2610493e-007
+1.0704000e+004 +1.7298464e-007
+1.0720000e+004 +1.8991956e-007
+1.0736000e+004 +2.3831349e-007
+1.0752000e+004 +2.0122850e-007
+1.0768000e+004 +1.6162143e-007
+1.0784000e+004 +2.0697935e-007
+1.0800000e+004 +2.6803127e-007
+1.0816000e+004 +2.4650984e-007
+1.0832000e+004 +1.9724729e-007
+1.0848000e+004 +2.3784035e-007
+1.0864000e+004 +2.5805889e-007
+1.0880000e+004 +1.8456811e-007
+1.0896000e+004 +2.2855723e-007
+1.0912000e+004 +2.2325277e-007
+1.0928000e+004 +2.4646872e-007
+1.0944000e+004 +2.2212487e-007
+1.0960000e+004 +2.1799671e-007
+1.0976000e+004 +2.1130612e-007
+1.0992000e+004 +2.0329890e-007
+1.1008000e+004 +1.8019176e-007
+1.1024000e+004 +1.9044786e-007
+1.1040000e+004 +2.4651985e-007
+1.1056000e+004 +2.4160516e-007
+1.1072000e+004 +1.9554680e-007
+1.1088000e+004 +2.0420313e-007
+1.1104000e+004 +2.0467407e-007
+1.1120000e+004 +1.7941571e-007
+1.1136000e+004 +1.9237397e-007
+1.1152000e+004 +2.1573896e-007
+1.1168000e+004 +2.3492113e-007
+1.1184000e+004 +2.3824730e-007
+1.1200000e+004 +2.3246538e-007
+1.1216000e+004 +1.8825433e-007
+1.1232000e+004 +1.9846730e-007
+1.1248000e+004 +2.1713937e-007
+1.1264000e+004 +2.3645983e-007
+1.1280000e+004 +2.3241178e-007
+1.1296000e+004 +2.6799066e-007
+1.1312000e+004 +2.3134834e-007
+1.1328000e+004 +1.8860025e-007
+1.1344000e+004 +2.6653430e-007
+1.1360000e+004 +2.2773835e-007
+1.1376000e+004 +1.9328712e-007
+1.1392000e+004 +1.7641956e-007
+1.1408000e+004 +1.7460948e-007
+1.1424000e+004 +2.0843410e-007
+1.1440000e+004 +1.9138317e-007
+1.1456000e+004 +1.9081394e-007
+1.1472000e+004 +1.8311580e-007
+1.1488000e+004 +2.1190205e-007
+1.1504000e+004 +2.5239572e-007
+1.1520000e+004 +2.6295581e-007
+1.1536000e+004 +2.7950904e-007
+1.1552000e+004 +2.6446054e-007
+1.1568000e+004 +2.0903227e-007
+1.1584000e+004 +2.1651992e-007
+1.1600000e+004 +2.0750110e-007
+1.1616000e+004 +2.2002358e-007
+1.1632000e+004 +2.2638216e-007
+1.1648000e+004 +2.0647637e-007
+1.1664000e+004 +2.4738017e-007
+1.1680000e+004 +2.4334042e-007
+1.1696000e+004 +2.0439155e-007
+1.1712000e+004 +2.1859807e-007
+1.1728000e+004 +2.5294446e-007
+1.1744000e+004 +2.6557180e-007
+1.1760000e+004 +2.3909425e-007
+1.1776000e+004 +2.1350576e-007
+1.1792000e+004 +2.3800885e-007
+1.1808000e+004 +2.1353858e-007
+1.1824000e+004 +1.6809727e-007
+1.1840000e+004 +2.2128677e-007
+1.1856000e+004 +1.9918159e-007
+1.1872000e+004 +1.8931934e-007
+1.1888000e+004 +1.9302287e-007
+1.1904000e+004 +1.9157385e-007
+1.1920000e+004 +1.9191175e-007
+1.1936000e+004 +2.4189981e-007
+1.1952000e+004 +2.4343501e-007
+1.1968000e+004 +2.2849224e-007
+1.1984000e+004 +1.8808224e-007
+1.2000000e+004 +1.8047093e-007
+1.2016000e+004 +2.4920507e-007
+1.2032000e+004 +2.5086706e-007
+1.2048000e+004 +2.6055977e-007
+1.2064000e+004 +2.8408374e-007
+1.2080000e+004 +2.7518078e-007
+1.2096000e+004 +2.1958145e-007
+1.2112000e+004 +2.2283743e-007
+1.2128000e+004 +2.3314018e-007
+1.2144000e+004 +2.1066838e-007
+1.2160000e+004 +2.1731992e-007
+1.2176000e+004 +2.0841190e-007
+1.2192000e+004 +2.4002642e-007
+1.2208000e+004 +2.4093549e-007
+1.2224000e+004 +2.1080535e-007
+1.2240000e+004 +2.6047911e-007
+1.2256000e+004 +2.3033276e-007
+1.2272000e+004 +1.9433065e-007
+1.2288000e+004 +2.1211295e-007
+1.2304000e+004 +2.2450689e-007
+1.2320000e+004 +2.3584246e-007
+1.2336000e+004 +2.1044482e-007
+1.2352000e+004 +2.0683805e-007
+1.2368000e+004 +2.0252359e-007
+1.2384000e+004 +2.1126459e-007
+1.2400000e+004 +1.9375116e-007
+1.2416000e+004 +1.8758131e-007
+1.2432000e+004 +2.1394247e-007
+1.2448000e+004 +2.1293641e-007
+1.2464000e+004 +1.8361025e-007
+1.2480000e+004 +1.8462325e-007
+1.2496000e+004 +1.8615393e-007
+1.2512000e+004 +1.9013196e-007
+1.2528000e+004 +2.2295758e-007
+1.2544000e+004 +2.3084797e-007
+1.2560000e+004 +1.9732505e-007
+1.2576000e+004 +2.0304125e-007
+1.2592000e+004 +2.0085126e-007
+1.2608000e+004 +1.9567695e-007
+1.2624000e+004 +2.1715702e-007
+1.2640000e+004 +2.4559267e-007
+1.2656000e+004 +2.5036076e-007
+1.2672000e+004 +2.2322997e-007
+1.2688000e+004 +1.9058947e-007
+1.2704000e+004 +2.4624717e-007
+1.2720000e+004 +2.1383585e-007
+1.2736000e+004 +1.8593759e-007
+1.2752000e+004 +2.0025804e-007
+1.2768000e+004 +2.0687621e-007
+1.2784000e+004 +2.6626142e-007
+1.2800000e+004 +2.2432283e-007
#Display #2 length= 513
+0.0000000e+000 +8.4618622e-001
+1.5441895e-002 +8.4522575e-001
+3.0883789e-002 +8.4522575e-001
+4.6325684e-002 +8.4522575e-001
+6.1767578e-002 +8.4522575e-001
+7.7209473e-002 +8.4522575e-001
+9.2651367e-002 +8.4522575e-001
+1.0809326e-001 +8.4522575e-001
+1.2353516e-001 +8.4522575e-001
+1.3897705e-001 +8.4522575e-001
+1.5441895e-001 +8.4522575e-001
+1.6986084e-001 +8.4522575e-001
+1.8530273e-001 +8.4522575e-001
+2.0074463e-001 +8.4618622e-001
+2.1618652e-001 +8.4522575e-001
+2.3162842e-001 +8.4522575e-001
+2.4707031e-001 +8.4618622e-001
+2.6251221e-001 +8.4618622e-001
+2.7795410e-001 +8.4522575e-001
+2.9339600e-001 +8.4522575e-001
+3.0883789e-001 +8.4522575e-001
+3.2427979e-001 +8.4522575e-001
+3.3972168e-001 +8.4618622e-001
+3.5516357e-001 +8.4522575e-001
+3.7060547e-001 +8.4714675e-001
+3.8604736e-001 +8.4522575e-001
+4.0148926e-001 +8.4522575e-001
+4.1693115e-001 +8.4618622e-001
+4.3237305e-001 +8.4522575e-001
+4.4781494e-001 +8.4522575e-001
+4.6325684e-001 +8.4522575e-001
+4.7869873e-001 +8.4522575e-001
+4.9414063e-001 +8.4618622e-001
+5.0958252e-001 +8.4522575e-001
+5.2502441e-001 +8.4618622e-001
+5.4046631e-001 +8.4618622e-001
+5.5590820e-001 +8.4522575e-001
+5.7135010e-001 +8.4426528e-001
+5.8679199e-001 +8.4522575e-001
+6.0223389e-001 +8.4522575e-001
+6.1767578e-001 +8.4618622e-001
+6.3311768e-001 +8.4522575e-001
+6.4855957e-001 +8.4618622e-001
+6.6400146e-001 +8.4522575e-001
+6.7944336e-001 +8.4522575e-001
+6.9488525e-001 +8.4618622e-001
+7.1032715e-001 +8.4522575e-001
+7.2576904e-001 +8.4522575e-001
+7.4121094e-001 +8.4522575e-001
+7.5665283e-001 +8.4618622e-001
+7.7209473e-001 +8.4426528e-001
+7.8753662e-001 +8.4522575e-001
+8.0297852e-001 +8.4522575e-001
+8.1842041e-001 +8.4522575e-001
+8.3386230e-001 +8.4522575e-001
+8.4930420e-001 +8.4522575e-001
+8.6474609e-001 +8.4522575e-001
+8.8018799e-001 +8.4618622e-001
+8.9562988e-001 +8.4618622e-001
+9.1107178e-001 +8.4522575e-001
+9.2651367e-001 +8.4522575e-001
+9.4195557e-001 +8.4618622e-001
+9.5739746e-001 +8.4618622e-001
+9.7283936e-001 +8.4522575e-001
+9.8828125e-001 +8.4522575e-001
+1.0037231e+000 +8.4522575e-001
+1.0191650e+000 +8.4618622e-001
+1.0346069e+000 +8.4522575e-001
+1.0500488e+000 +8.4618622e-001
+1.0654907e+000 +8.4522575e-001
+1.0809326e+000 +8.4522575e-001
+1.0963745e+000 +8.4522575e-001
+1.1118164e+000 +8.4522575e-001
+1.1272583e+000 +8.4522575e-001
+1.1427002e+000 +8.4522575e-001
+1.1581421e+000 +8.4618622e-001
+1.1735840e+000 +8.4522575e-001
+1.1890259e+000 +8.4522575e-001
+1.2044678e+000 +8.4522575e-001
+1.2199097e+000 +8.4426528e-001
+1.2353516e+000 +8.4522575e-001
+1.2507935e+000 +8.4522575e-001
+1.2662354e+000 +8.4618622e-001
+1.2816772e+000 +8.4618622e-001
+1.2971191e+000 +8.4618622e-001
+1.3125610e+000 +8.4522575e-001
+1.3280029e+000 +8.4618622e-001
+1.3434448e+000 +8.4522575e-001
+1.3588867e+000 +8.4522575e-001
+1.3743286e+000 +8.4618622e-001
+1.3897705e+000 +8.4522575e-001
+1.4052124e+000 +8.4522575e-001
+1.4206543e+000 +8.4426528e-001
+1.4360962e+000 +8.4522575e-001
+1.4515381e+000 +8.4618622e-001
+1.4669800e+000 +8.4522575e-001
+1.4824219e+000 +8.4618622e-001
+1.4978638e+000 +8.4522575e-001
+1.5133057e+000 +8.4522575e-001
+1.5287476e+000 +8.4426528e-001
+1.5441895e+000 +8.4522575e-001
+1.5596313e+000 +8.4522575e-001
+1.5750732e+000 +8.4522575e-001
+1.5905151e+000 +8.4522575e-001
+1.6059570e+000 +8.4522575e-001
+1.6213989e+000 +8.4522575e-001
+1.6368408e+000 +8.4426528e-001
+1.6522827e+000 +8.4522575e-001
+1.6677246e+000 +8.4618622e-001
+1.6831665e+000 +8.4522575e-001
+1.6986084e+000 +8.4618622e-001
+1.7140503e+000 +8.4426528e-001
+1.7294922e+000 +8.4522575e-001
+1.7449341e+000 +8.4522575e-001
+1.7603760e+000 +8.4522575e-001
+1.7758179e+000 +8.4618622e-001
+1.7912598e+000 +8.4618622e-001
+1.8067017e+000 +8.4522575e-001
+1.8221436e+000 +8.4522575e-001
+1.8375854e+000 +8.4618622e-001
+1.8530273e+000 +8.4522575e-001
+1.8684692e+000 +8.4618622e-001
+1.8839111e+000 +8.4714675e-001
+1.8993530e+000 +8.4522575e-001
+1.9147949e+000 +8.4522575e-001
+1.9302368e+000 +8.4522575e-001
+1.9456787e+000 +8.4522575e-001
+1.9611206e+000 +8.4618622e-001
+1.9765625e+000 +8.4522575e-001
+1.9920044e+000 +8.4522575e-001
+2.0074463e+000 +8.4522575e-001
+2.0228882e+000 +8.4522575e-001
+2.0383301e+000 +8.4618622e-001
+2.0537720e+000 +8.4522575e-001
+2.0692139e+000 +8.4522575e-001
+2.0846558e+000 +8.4618622e-001
+2.1000977e+000 +8.4522575e-001
+2.1155396e+000 +8.4522575e-001
+2.1309814e+000 +8.4522575e-001
+2.1464233e+000 +8.4522575e-001
+2.1618652e+000 +8.4522575e-001
+2.1773071e+000 +8.4522575e-001
+2.1927490e+000 +8.4522575e-001
+2.2081909e+000 +8.4522575e-001
+2.2236328e+000 +8.4522575e-001
+2.2390747e+000 +8.4618622e-001
+2.2545166e+000 +8.4522575e-001
+2.2699585e+000 +8.4522575e-001
+2.2854004e+000 +8.4522575e-001
+2.3008423e+000 +8.4618622e-001
+2.3162842e+000 +8.4522575e-001
+2.3317261e+000 +8.4522575e-001
+2.3471680e+000 +8.4522575e-001
+2.3626099e+000 +8.4618622e-001
+2.3780518e+000 +8.4522575e-001
+2.3934937e+000 +8.4522575e-001
+2.4089355e+000 +8.4426528e-001
+2.4243774e+000 +8.4522575e-001
+2.4398193e+000 +8.4618622e-001
+2.4552612e+000 +8.4618622e-001
+2.4707031e+000 +8.4522575e-001
+2.4861450e+000 +8.4522575e-001
+2.5015869e+000 +8.4618622e-001
+2.5170288e+000 +8.4522575e-001
+2.5324707e+000 +8.4522575e-001
+2.5479126e+000 +8.4522575e-001
+2.5633545e+000 +8.4618622e-001
+2.5787964e+000 +8.4522575e-001
+2.5942383e+000 +8.4522575e-001
+2.6096802e+000 +8.4522575e-001
+2.6251221e+000 +8.4522575e-001
+2.6405640e+000 +8.4618622e-001
+2.6560059e+000 +8.4618622e-001
+2.6714478e+000 +8.4522575e-001
+2.6868896e+000 +8.4618622e-001
+2.7023315e+000 +8.4522575e-001
+2.7177734e+000 +8.4522575e-001
+2.7332153e+000 +8.4426528e-001
+2.7486572e+000 +8.4522575e-001
+2.7640991e+000 +8.4522575e-001
+2.7795410e+000 +8.4522575e-001
+2.7949829e+000 +8.4618622e-001
+2.8104248e+000 +8.4522575e-001
+2.8258667e+000 +8.4522575e-001
+2.8413086e+000 +8.4618622e-001
+2.8567505e+000 +8.4618622e-001
+2.8721924e+000 +8.4522575e-001
+2.8876343e+000 +8.4618622e-001
+2.9030762e+000 +8.4522575e-001
+2.9185181e+000 +8.4522575e-001
+2.9339600e+000 +8.4522575e-001
+2.9494019e+000 +8.4618622e-001
+2.9648438e+000 +8.4522575e-001
+2.9802856e+000 +8.4618622e-001
+2.9957275e+000 +8.4522575e-001
+3.0111694e+000 +8.4522575e-001
+3.0266113e+000 +8.4522575e-001
+3.0420532e+000 +8.4618622e-001
+3.0574951e+000 +8.4522575e-001
+3.0729370e+000 +8.4522575e-001
+3.0883789e+000 +8.4522575e-001
+3.1038208e+000 +8.4618622e-001
+3.1192627e+000 +8.4522575e-001
+3.1347046e+000 +8.4618622e-001
+3.1501465e+000 +8.4522575e-001
+3.1655884e+000 +8.4522575e-001
+3.1810303e+000 +8.4618622e-001
+3.1964722e+000 +8.4618622e-001
+3.2119141e+000 +8.4618622e-001
+3.2273560e+000 +8.4426528e-001
+3.2427979e+000 +8.4522575e-001
+3.2582397e+000 +8.4522575e-001
+3.2736816e+000 +8.4618622e-001
+3.2891235e+000 +8.4522575e-001
+3.3045654e+000 +8.4522575e-001
+3.3200073e+000 +8.4618622e-001
+3.3354492e+000 +8.4522575e-001
+3.3508911e+000 +8.4522575e-001
+3.3663330e+000 +8.4618622e-001
+3.3817749e+000 +8.4618622e-001
+3.3972168e+000 +8.4618622e-001
+3.4126587e+000 +8.4618622e-001
+3.4281006e+000 +8.4522575e-001
+3.4435425e+000 +8.4522575e-001
+3.4589844e+000 +8.4618622e-001
+3.4744263e+000 +8.4426528e-001
+3.4898682e+000 +8.4522575e-001
+3.5053101e+000 +8.4522575e-001
+3.5207520e+000 +8.4522575e-001
+3.5361938e+000 +8.4522575e-001
+3.5516357e+000 +8.4426528e-001
+3.5670776e+000 +8.4426528e-001
+3.5825195e+000 +8.4522575e-001
+3.5979614e+000 +8.4618622e-001
+3.6134033e+000 +8.4522575e-001
+3.6288452e+000 +8.4522575e-001
+3.6442871e+000 +8.4522575e-001
+3.6597290e+000 +8.4522575e-001
+3.6751709e+000 +8.4522575e-001
+3.6906128e+000 +8.4522575e-001
+3.7060547e+000 +8.4522575e-001
+3.7214966e+000 +8.4522575e-001
+3.7369385e+000 +8.4522575e-001
+3.7523804e+000 +8.4618622e-001
+3.7678223e+000 +8.4522575e-001
+3.7832642e+000 +8.4618622e-001
+3.7987061e+000 +8.4618622e-001
+3.8141479e+000 +8.4618622e-001
+3.8295898e+000 +8.4426528e-001
+3.8450317e+000 +8.4522575e-001
+3.8604736e+000 +8.4522575e-001
+3.8759155e+000 +8.4522575e-001
+3.8913574e+000 +8.4522575e-001
+3.9067993e+000 +8.4618622e-001
+3.9222412e+000 +8.4618622e-001
+3.9376831e+000 +8.4522575e-001
+3.9531250e+000 +8.4522575e-001
+3.9685669e+000 +8.4618622e-001
+3.9840088e+000 +8.4522575e-001
+3.9994507e+000 +8.4618622e-001
+4.0148926e+000 +8.4618622e-001
+4.0303345e+000 +8.4522575e-001
+4.0457764e+000 +8.4522575e-001
+4.0612183e+000 +8.4426528e-001
+4.0766602e+000 +8.4522575e-001
+4.0921021e+000 +8.4522575e-001
+4.1075439e+000 +8.4618622e-001
+4.1229858e+000 +8.4618622e-001
+4.1384277e+000 +8.4522575e-001
+4.1538696e+000 +8.4522575e-001
+4.1693115e+000 +8.4522575e-001
+4.1847534e+000 +8.4522575e-001
+4.2001953e+000 +8.4618622e-001
+4.2156372e+000 +8.4522575e-001
+4.2310791e+000 +8.4618622e-001
+4.2465210e+000 +8.4618622e-001
+4.2619629e+000 +8.4426528e-001
+4.2774048e+000 +8.4618622e-001
+4.2928467e+000 +8.4522575e-001
+4.3082886e+000 +8.4522575e-001
+4.3237305e+000 +8.4618622e-001
+4.3391724e+000 +8.4618622e-001
+4.3546143e+000 +8.4522575e-001
+4.3700562e+000 +8.4522575e-001
+4.3854980e+000 +8.4618622e-001
+4.4009399e+000 +8.4426528e-001
+4.4163818e+000 +8.4618622e-001
+4.4318237e+000 +8.4618622e-001
+4.4472656e+000 +8.4426528e-001
+4.4627075e+000 +8.4618622e-001
+4.4781494e+000 +8.4522575e-001
+4.4935913e+000 +8.4522575e-001
+4.5090332e+000 +8.4522575e-001
+4.5244751e+000 +8.4522575e-001
+4.5399170e+000 +8.4618622e-001
+4.5553589e+000 +8.4522575e-001
+4.5708008e+000 +8.4522575e-001
+4.5862427e+000 +8.4522575e-001
+4.6016846e+000 +8.4522575e-001
+4.6171265e+000 +8.4522575e-001
+4.6325684e+000 +8.4522575e-001
+4.6480103e+000 +8.4618622e-001
+4.6634521e+000 +8.4522575e-001
+4.6788940e+000 +8.4618622e-001
+4.6943359e+000 +8.4522575e-001
+4.7097778e+000 +8.4714675e-001
+4.7252197e+000 +8.4618622e-001
+4.7406616e+000 +8.4426528e-001
+4.7561035e+000 +8.4618622e-001
+4.7715454e+000 +8.4618622e-001
+4.7869873e+000 +8.4618622e-001
+4.8024292e+000 +8.4522575e-001
+4.8178711e+000 +8.4522575e-001
+4.8333130e+000 +8.4618622e-001
+4.8487549e+000 +8.4522575e-001
+4.8641968e+000 +8.4618622e-001
+4.8796387e+000 +8.4522575e-001
+4.8950806e+000 +8.4522575e-001
+4.9105225e+000 +8.4522575e-001
+4.9259644e+000 +8.4618622e-001
+4.9414063e+000 +8.4618622e-001
+4.9568481e+000 +8.4522575e-001
+4.9722900e+000 +8.4522575e-001
+4.9877319e+000 +8.4522575e-001
+5.0031738e+000 +8.4618622e-001
+5.0186157e+000 +8.4714675e-001
+5.0340576e+000 +8.4522575e-001
+5.0494995e+000 +8.4522575e-001
+5.0649414e+000 +8.4618622e-001
+5.0803833e+000 +8.4522575e-001
+5.0958252e+000 +8.4618622e-001
+5.1112671e+000 +8.4522575e-001
+5.1267090e+000 +8.4522575e-001
+5.1421509e+000 +8.4618622e-001
+5.1575928e+000 +8.4426528e-001
+5.1730347e+000 +8.4522575e-001
+5.1884766e+000 +8.4714675e-001
+5.2039185e+000 +8.4522575e-001
+5.2193604e+000 +8.4522575e-001
+5.2348022e+000 +8.4618622e-001
+5.2502441e+000 +8.4522575e-001
+5.2656860e+000 +8.4618622e-001
+5.2811279e+000 +8.4522575e-001
+5.2965698e+000 +8.4522575e-001
+5.3120117e+000 +8.4714675e-001
+5.3274536e+000 +8.4522575e-001
+5.3428955e+000 +8.4522575e-001
+5.3583374e+000 +8.4618622e-001
+5.3737793e+000 +8.4522575e-001
+5.3892212e+000 +8.4522575e-001
+5.4046631e+000 +8.4714675e-001
+5.4201050e+000 +8.4522575e-001
+5.4355469e+000 +8.4522575e-001
+5.4509888e+000 +8.4522575e-001
+5.4664307e+000 +8.4618622e-001
+5.4818726e+000 +8.4522575e-001
+5.4973145e+000 +8.4522575e-001
+5.5127563e+000 +8.4522575e-001
+5.5281982e+000 +8.4618622e-001
+5.5436401e+000 +8.4522575e-001
+5.5590820e+000 +8.4522575e-001
+5.5745239e+000 +8.4522575e-001
+5.5899658e+000 +8.4618622e-001
+5.6054077e+000 +8.4522575e-001
+5.6208496e+000 +8.4522575e-001
+5.6362915e+000 +8.4618622e-001
+5.6517334e+000 +8.4426528e-001
+5.6671753e+000 +8.4618622e-001
+5.6826172e+000 +8.4522575e-001
+5.6980591e+000 +8.4522575e-001
+5.7135010e+000 +8.4522575e-001
+5.7289429e+000 +8.4618622e-001
+5.7443848e+000 +8.4426528e-001
+5.7598267e+000 +8.4522575e-001
+5.7752686e+000 +8.4522575e-001
+5.7907104e+000 +8.4522575e-001
+5.8061523e+000 +8.4618622e-001
+5.8215942e+000 +8.4522575e-001
+5.8370361e+000 +8.4714675e-001
+5.8524780e+000 +8.4522575e-001
+5.8679199e+000 +8.4618622e-001
+5.8833618e+000 +8.4522575e-001
+5.8988037e+000 +8.4618622e-001
+5.9142456e+000 +8.4522575e-001
+5.9296875e+000 +8.4522575e-001
+5.9451294e+000 +8.4522575e-001
+5.9605713e+000 +8.4522575e-001
+5.9760132e+000 +8.4522575e-001
+5.9914551e+000 +8.4522575e-001
+6.0068970e+000 +8.4522575e-001
+6.0223389e+000 +8.4522575e-001
+6.0377808e+000 +8.4522575e-001
+6.0532227e+000 +8.4522575e-001
+6.0686646e+000 +8.4522575e-001
+6.0841064e+000 +8.4522575e-001
+6.0995483e+000 +8.4522575e-001
+6.1149902e+000 +8.4618622e-001
+6.1304321e+000 +8.4522575e-001
+6.1458740e+000 +8.4618622e-001
+6.1613159e+000 +8.4522575e-001
+6.1767578e+000 +8.4522575e-001
+6.1921997e+000 +8.4522575e-001
+6.2076416e+000 +8.4618622e-001
+6.2230835e+000 +8.4522575e-001
+6.2385254e+000 +8.4426528e-001
+6.2539673e+000 +8.4522575e-001
+6.2694092e+000 +8.4522575e-001
+6.2848511e+000 +8.4522575e-001
+6.3002930e+000 +8.4522575e-001
+6.3157349e+000 +8.4618622e-001
+6.3311768e+000 +8.4522575e-001
+6.3466187e+000 +8.4522575e-001
+6.3620605e+000 +8.4618622e-001
+6.3775024e+000 +8.4426528e-001
+6.3929443e+000 +8.4618622e-001
+6.4083862e+000 +8.4522575e-001
+6.4238281e+000 +8.4522575e-001
+6.4392700e+000 +8.4618622e-001
+6.4547119e+000 +8.4618622e-001
+6.4701538e+000 +8.4522575e-001
+6.4855957e+000 +8.4522575e-001
+6.5010376e+000 +8.4522575e-001
+6.5164795e+000 +8.4522575e-001
+6.5319214e+000 +8.4522575e-001
+6.5473633e+000 +8.4522575e-001
+6.5628052e+000 +8.4522575e-001
+6.5782471e+000 +8.4426528e-001
+6.5936890e+000 +8.4522575e-001
+6.6091309e+000 +8.4522575e-001
+6.6245728e+000 +8.4618622e-001
+6.6400146e+000 +8.4618622e-001
+6.6554565e+000 +8.4426528e-001
+6.6708984e+000 +8.4522575e-001
+6.6863403e+000 +8.4522575e-001
+6.7017822e+000 +8.4714675e-001
+6.7172241e+000 +8.4618622e-001
+6.7326660e+000 +8.4522575e-001
+6.7481079e+000 +8.4618622e-001
+6.7635498e+000 +8.4618622e-001
+6.7789917e+000 +8.4522575e-001
+6.7944336e+000 +8.4522575e-001
+6.8098755e+000 +8.4522575e-001
+6.8253174e+000 +8.4522575e-001
+6.8407593e+000 +8.4522575e-001
+6.8562012e+000 +8.4522575e-001
+6.8716431e+000 +8.4522575e-001
+6.8870850e+000 +8.4522575e-001
+6.9025269e+000 +8.4618622e-001
+6.9179688e+000 +8.4714675e-001
+6.9334106e+000 +8.4618622e-001
+6.9488525e+000 +8.4522575e-001
+6.9642944e+000 +8.4426528e-001
+6.9797363e+000 +8.4618622e-001
+6.9951782e+000 +8.4522575e-001
+7.0106201e+000 +8.4522575e-001
+7.0260620e+000 +8.4618622e-001
+7.0415039e+000 +8.4522575e-001
+7.0569458e+000 +8.4426528e-001
+7.0723877e+000 +8.4426528e-001
+7.0878296e+000 +8.4522575e-001
+7.1032715e+000 +8.4522575e-001
+7.1187134e+000 +8.4522575e-001
+7.1341553e+000 +8.4618622e-001
+7.1495972e+000 +8.4522575e-001
+7.1650391e+000 +8.4522575e-001
+7.1804810e+000 +8.4522575e-001
+7.1959229e+000 +8.4618622e-001
+7.2113647e+000 +8.4522575e-001
+7.2268066e+000 +8.4522575e-001
+7.2422485e+000 +8.4522575e-001
+7.2576904e+000 +8.4522575e-001
+7.2731323e+000 +8.4522575e-001
+7.2885742e+000 +8.4618622e-001
+7.3040161e+000 +8.4522575e-001
+7.3194580e+000 +8.4426528e-001
+7.3348999e+000 +8.4522575e-001
+7.3503418e+000 +8.4522575e-001
+7.3657837e+000 +8.4522575e-001
+7.3812256e+000 +8.4522575e-001
+7.3966675e+000 +8.4522575e-001
+7.4121094e+000 +8.4522575e-001
+7.4275513e+000 +8.4522575e-001
+7.4429932e+000 +8.4522575e-001
+7.4584351e+000 +8.4522575e-001
+7.4738770e+000 +8.4522575e-001
+7.4893188e+000 +8.4618622e-001
+7.5047607e+000 +8.4522575e-001
+7.5202026e+000 +8.4522575e-001
+7.5356445e+000 +8.4522575e-001
+7.5510864e+000 +8.4426528e-001
+7.5665283e+000 +8.4522575e-001
+7.5819702e+000 +8.4522575e-001
+7.5974121e+000 +8.4522575e-001
+7.6128540e+000 +8.4522575e-001
+7.6282959e+000 +8.4522575e-001
+7.6437378e+000 +8.4618622e-001
+7.6591797e+000 +8.4522575e-001
+7.6746216e+000 +8.4522575e-001
+7.6900635e+000 +8.4522575e-001
+7.7055054e+000 +8.4426528e-001
+7.7209473e+000 +8.4618622e-001
+7.7363892e+000 +8.4522575e-001
+7.7518311e+000 +8.4618622e-001
+7.7672729e+000 +8.4522575e-001
+7.7827148e+000 +8.4522575e-001
+7.7981567e+000 +8.4522575e-001
+7.8135986e+000 +8.4522575e-001
+7.8290405e+000 +0.0000000e+000
+7.8444824e+000 +0.0000000e+000
+7.8599243e+000 +0.0000000e+000
+7.8753662e+000 +0.0000000e+000
+7.8908081e+000 +0.0000000e+000
+7.9062500e+000 +8.4618622e-001
