#Display #1 length= 801
+0.0000000e+000 +6.4466600e-005
+1.2500000e-001 +8.2635961e-005
+2.5000000e-001 +9.0271802e-005
+3.7500000e-001 +6.9240872e-005
+5.0000000e-001 +6.7679881e-005
+6.2500000e-001 +6.7076151e-005
+7.5000000e-001 +5.9014717e-005
+8.7500000e-001 +5.2737822e-005
+1.0000000e+000 +6.1004619e-005
+1.1250000e+000 +5.2190251e-005
+1.2500000e+000 +4.0335075e-005
+1.3750000e+000 +3.8753184e-005
+1.5000000e+000 +3.7942536e-005
+1.6250000e+000 +3.3428067e-005
+1.7500000e+000 +3.6442154e-005
+1.8750000e+000 +3.5588335e-005
+2.0000000e+000 +4.0081715e-005
+2.1250000e+000 +2.7958855e-005
+2.2500000e+000 +2.4625177e-005
+2.3750000e+000 +2.7074708e-005
+2.5000000e+000 +2.4681154e-005
+2.6250000e+000 +2.4799589e-005
+2.7500000e+000 +2.2311408e-005
+2.8750000e+000 +2.0238756e-005
+3.0000000e+000 +1.9010669e-005
+3.1250000e+000 +2.3478060e-005
+3.2500000e+000 +2.1305146e-005
+3.3750000e+000 +1.8309449e-005
+3.5000000e+000 +1.5842974e-005
+3.6250000e+000 +1.2997039e-005
+3.7500000e+000 +1.2035982e-005
+3.8750000e+000 +1.1059064e-005
+4.0000000e+000 +9.9695453e-006
+4.1250000e+000 +1.1595490e-005
+4.2500000e+000 +1.1502607e-005
+4.3750000e+000 +8.2515198e-006
+4.5000000e+000 +8.9325986e-006
+4.6250000e+000 +1.0198557e-005
+4.7500000e+000 +8.4900412e-006
+4.8750000e+000 +7.0272135e-006
+5.0000000e+000 +8.7178742e-006
+5.1250000e+000 +8.7631997e-006
+5.2500000e+000 +5.9643253e-006
+5.3750000e+000 +6.6977609e-006
+5.5000000e+000 +7.4237219e-006
+5.6250000e+000 +7.1583527e-006
+5.7500000e+000 +7.2202142e-006
+5.8750000e+000 +6.3607981e-006
+6.0000000e+000 +5.5286068e-006
+6.1250000e+000 +5.5025785e-006
+6.2500000e+000 +5.1045813e-006
+6.3750000e+000 +5.1256307e-006
+6.5000000e+000 +4.3409109e-006
+6.6250000e+000 +4.8850661e-006
+6.7500000e+000 +5.2575133e-006
+6.8750000e+000 +4.0750028e-006
+7.0000000e+000 +3.9046558e-006
+7.1250000e+000 +3.8733742e-006
+7.2500000e+000 +4.7979429e-006
+7.3750000e+000 +4.1162339e-006
+7.5000000e+000 +3.7433038e-006
+7.6250000e+000 +3.4845805e-006
+7.7500000e+000 +3.5413168e-006
+7.8750000e+000 +3.1071213e-006
+8.0000000e+000 +4.0732316e-006
+8.1250000e+000 +3.8295648e-006
+8.2500000e+000 +3.8979565e-006
+8.3750000e+000 +4.5568395e-006
+8.5000000e+000 +4.2866800e-006
+8.6250000e+000 +3.8175458e-006
+8.7500000e+000 +3.3375843e-006
+8.8750000e+000 +2.8004417e-006
+9.0000000e+000 +2.6351593e-006
+9.1250000e+000 +2.2444774e-006
+9.2500000e+000 +1.7539631e-006
+9.3750000e+000 +2.0626135e-006
+9.5000000e+000 +2.1408957e-006
+9.6250000e+000 +2.0331140e-006
+9.7500000e+000 +2.1991248e-006
+9.8750000e+000 +2.1124210e-006
+1.0000000e+001 +2.0089096e-006
+1.0125000e+001 +2.7369949e-006
+1.0250000e+001 +2.5228960e-006
+1.0375000e+001 +1.9247580e-006
+1.0500000e+001 +2.1757228e-006
+1.0625000e+001 +2.3812909e-006
+1.0750000e+001 +1.7782364e-006
+1.0875000e+001 +2.0512221e-006
+1.1000000e+001 +1.7152985e-006
+1.1125000e+001 +1.2605337e-006
+1.1250000e+001 +1.4821893e-006
+1.1375000e+001 +1.6065914e-006
+1.1500000e+001 +1.7234103e-006
+1.1625000e+001 +1.3643786e-006
+1.1750000e+001 +1.5239577e-006
+1.1875000e+001 +1.8116400e-006
+1.2000000e+001 +1.5900325e-006
+1.2125000e+001 +1.5450581e-006
+1.2250000e+001 +1.9287056e-006
+1.2375000e+001 +1.4675747e-006
+1.2500000e+001 +1.1221126e-006
+1.2625000e+001 +1.6562531e-006
+1.2750000e+001 +1.7070225e-006
+1.2875000e+001 +1.5699218e-006
+1.3000000e+001 +1.5792315e-006
+1.3125000e+001 +1.6176471e-006
+1.3250000e+001 +1.6812644e-006
+1.3375000e+001 +1.6589321e-006
+1.3500000e+001 +1.3462112e-006
+1.3625000e+001 +1.0846004e-006
+1.3750000e+001 +1.3780957e-006
+1.3875000e+001 +1.4062459e-006
+1.4000000e+001 +1.4065362e-006
+1.4125000e+001 +1.3466931e-006
+1.4250000e+001 +1.4935987e-006
+1.4375000e+001 +1.5367546e-006
+1.4500000e+001 +1.3503799e-006
+1.4625000e+001 +1.1235513e-006
+1.4750000e+001 +2.3730406e-006
+1.4875000e+001 +4.9058672e-006
+1.5000000e+001 +3.2553598e-006
+1.5125000e+001 +1.4208456e-006
+1.5250000e+001 +1.0893946e-006
+1.5375000e+001 +1.3582386e-006
+1.5500000e+001 +1.3339710e-006
+1.5625000e+001 +1.0878299e-006
+1.5750000e+001 +1.2505615e-006
+1.5875000e+001 +1.4428357e-006
+1.6000000e+001 +1.5536931e-006
+1.6125000e+001 +1.4500172e-006
+1.6250000e+001 +1.1782555e-006
+1.6375000e+001 +1.4619571e-006
+1.6500000e+001 +1.5958497e-006
+1.6625000e+001 +1.9419053e-006
+1.6750000e+001 +1.6711881e-006
+1.6875000e+001 +1.3903682e-006
+1.7000000e+001 +1.2605143e-006
+1.7125000e+001 +1.1545665e-006
+1.7250000e+001 +1.3248963e-006
+1.7375000e+001 +1.1362310e-006
+1.7500000e+001 +1.2736612e-006
+1.7625000e+001 +1.3603608e-006
+1.7750000e+001 +1.2387692e-006
+1.7875000e+001 +1.3882128e-006
+1.8000000e+001 +2.2396671e-006
+1.8125000e+001 +1.9450783e-006
+1.8250000e+001 +1.5083134e-006
+1.8375000e+001 +1.6145311e-006
+1.8500000e+001 +1.4691564e-006
+1.8625000e+001 +1.3489010e-006
+1.8750000e+001 +1.0738884e-006
+1.8875000e+001 +1.3593650e-006
+1.9000000e+001 +1.4167128e-006
+1.9125000e+001 +1.3653362e-006
+1.9250000e+001 +1.5778866e-006
+1.9375000e+001 +1.7221751e-006
+1.9500000e+001 +1.7864713e-006
+1.9625000e+001 +1.6148290e-006
+1.9750000e+001 +1.2698157e-006
+1.9875000e+001 +1.2958295e-006
+2.0000000e+001 +1.1540392e-006
+2.0125000e+001 +1.3463693e-006
+2.0250000e+001 +1.2529886e-006
+2.0375000e+001 +1.4378384e-006
+2.0500000e+001 +1.5440610e-006
+2.0625000e+001 +1.9377010e-006
+2.0750000e+001 +1.7092149e-006
+2.0875000e+001 +1.2844351e-006
+2.1000000e+001 +1.2339082e-006
+2.1125000e+001 +1.4507704e-006
+2.1250000e+001 +1.2713880e-006
+2.1375000e+001 +1.3268310e-006
+2.1500000e+001 +1.2420460e-006
+2.1625000e+001 +1.1955102e-006
+2.1750000e+001 +1.0433425e-006
+2.1875000e+001 +1.2971662e-006
+2.2000000e+001 +1.4596299e-006
+2.2125000e+001 +1.4501302e-006
+2.2250000e+001 +1.4775683e-006
+2.2375000e+001 +1.6696474e-006
+2.2500000e+001 +1.4353462e-006
+2.2625000e+001 +1.1795433e-006
+2.2750000e+001 +1.3173102e-006
+2.2875000e+001 +1.3996470e-006
+2.3000000e+001 +1.3342742e-006
+2.3125000e+001 +1.4327640e-006
+2.3250000e+001 +1.5410699e-006
+2.3375000e+001 +1.4204447e-006
+2.3500000e+001 +1.3015031e-006
+2.3625000e+001 +1.0430882e-006
+2.3750000e+001 +1.2268457e-006
+2.3875000e+001 +1.4041677e-006
+2.4000000e+001 +1.3592172e-006
+2.4125000e+001 +1.5366904e-006
+2.4250000e+001 +1.5225010e-006
+2.4375000e+001 +1.3442984e-006
+2.4500000e+001 +1.5255046e-006
+2.4625000e+001 +1.2980695e-006
+2.4750000e+001 +1.1995164e-006
+2.4875000e+001 +1.4175982e-006
+2.5000000e+001 +1.6154869e-006
+2.5125000e+001 +1.4158700e-006
+2.5250000e+001 +9.5824964e-007
+2.5375000e+001 +1.1181831e-006
+2.5500000e+001 +1.3358265e-006
+2.5625000e+001 +1.3835627e-006
+2.5750000e+001 +1.4311352e-006
+2.5875000e+001 +1.2535610e-006
+2.6000000e+001 +1.2661180e-006
+2.6125000e+001 +1.3228279e-006
+2.6250000e+001 +1.2434937e-006
+2.6375000e+001 +1.5055388e-006
+2.6500000e+001 +1.3760907e-006
+2.6625000e+001 +1.2141488e-006
+2.6750000e+001 +1.0761474e-006
+2.6875000e+001 +1.4277890e-006
+2.7000000e+001 +1.5945991e-006
+2.7125000e+001 +1.2076886e-006
+2.7250000e+001 +1.0525172e-006
+2.7375000e+001 +1.2279183e-006
+2.7500000e+001 +1.4126169e-006
+2.7625000e+001 +1.4262959e-006
+2.7750000e+001 +3.4750058e-006
+2.7875000e+001 +3.7595114e-006
+2.8000000e+001 +1.9966985e-006
+2.8125000e+001 +1.4899739e-006
+2.8250000e+001 +1.3480512e-006
+2.8375000e+001 +1.2966977e-006
+2.8500000e+001 +1.0813424e-006
+2.8625000e+001 +1.4643443e-006
+2.8750000e+001 +1.6560494e-006
+2.8875000e+001 +1.5752813e-006
+2.9000000e+001 +1.3215954e-006
+2.9125000e+001 +1.4840066e-006
+2.9250000e+001 +1.2670527e-006
+2.9375000e+001 +1.4583532e-006
+2.9500000e+001 +1.9835293e-006
+2.9625000e+001 +2.9257812e-006
+2.9750000e+001 +3.4711697e-006
+2.9875000e+001 +2.7678313e-006
+3.0000000e+001 +1.2735451e-006
+3.0125000e+001 +1.5076164e-006
+3.0250000e+001 +1.5822792e-006
+3.0375000e+001 +1.5278697e-006
+3.0500000e+001 +1.7892705e-006
+3.0625000e+001 +1.4273297e-006
+3.0750000e+001 +1.7425039e-006
+3.0875000e+001 +2.0167818e-006
+3.1000000e+001 +2.0037153e-006
+3.1125000e+001 +1.6945763e-006
+3.1250000e+001 +1.9004910e-006
+3.1375000e+001 +1.9980014e-006
+3.1500000e+001 +1.8185893e-006
+3.1625000e+001 +1.9406796e-006
+3.1750000e+001 +1.7827170e-006
+3.1875000e+001 +1.3951041e-006
+3.2000000e+001 +1.6029529e-006
+3.2125000e+001 +1.6919474e-006
+3.2250000e+001 +1.5184510e-006
+3.2375000e+001 +1.3941852e-006
+3.2500000e+001 +1.3379153e-006
+3.2625000e+001 +1.3973606e-006
+3.2750000e+001 +1.4001034e-006
+3.2875000e+001 +1.5284922e-006
+3.3000000e+001 +1.2110999e-006
+3.3125000e+001 +1.3825255e-006
+3.3250000e+001 +1.4488443e-006
+3.3375000e+001 +1.1075285e-006
+3.3500000e+001 +1.0456315e-006
+3.3625000e+001 +1.3940597e-006
+3.3750000e+001 +1.5602644e-006
+3.3875000e+001 +1.3635685e-006
+3.4000000e+001 +1.2339027e-006
+3.4125000e+001 +1.1337175e-006
+3.4250000e+001 +1.2718180e-006
+3.4375000e+001 +1.3270991e-006
+3.4500000e+001 +1.2855639e-006
+3.4625000e+001 +1.1497051e-006
+3.4750000e+001 +1.3259252e-006
+3.4875000e+001 +1.6339732e-006
+3.5000000e+001 +1.4190932e-006
+3.5125000e+001 +1.2667313e-006
+3.5250000e+001 +1.4212357e-006
+3.5375000e+001 +1.5285241e-006
+3.5500000e+001 +1.5459779e-006
+3.5625000e+001 +1.4868591e-006
+3.5750000e+001 +1.2109496e-006
+3.5875000e+001 +1.2625934e-006
+3.6000000e+001 +1.4181400e-006
+3.6125000e+001 +1.4300357e-006
+3.6250000e+001 +1.2891257e-006
+3.6375000e+001 +1.2342537e-006
+3.6500000e+001 +1.3536250e-006
+3.6625000e+001 +1.4529064e-006
+3.6750000e+001 +1.2516412e-006
+3.6875000e+001 +1.2824553e-006
+3.7000000e+001 +1.3525820e-006
+3.7125000e+001 +1.3773363e-006
+3.7250000e+001 +1.4474435e-006
+3.7375000e+001 +1.4856793e-006
+3.7500000e+001 +1.4266545e-006
+3.7625000e+001 +1.2551779e-006
+3.7750000e+001 +1.3595366e-006
+3.7875000e+001 +1.3544382e-006
+3.8000000e+001 +1.2599913e-006
+3.8125000e+001 +1.3434766e-006
+3.8250000e+001 +1.4981941e-006
+3.8375000e+001 +1.5775314e-006
+3.8500000e+001 +1.4264868e-006
+3.8625000e+001 +1.2915186e-006
+3.8750000e+001 +1.2614461e-006
+3.8875000e+001 +1.1379914e-006
+3.9000000e+001 +1.1470661e-006
+3.9125000e+001 +1.2921781e-006
+3.9250000e+001 +1.3475584e-006
+3.9375000e+001 +1.2888611e-006
+3.9500000e+001 +1.2594380e-006
+3.9625000e+001 +1.6255433e-006
+3.9750000e+001 +1.7272141e-006
+3.9875000e+001 +1.5977870e-006
+4.0000000e+001 +1.5547255e-006
+4.0125000e+001 +1.3202539e-006
+4.0250000e+001 +1.3817607e-006
+4.0375000e+001 +1.4230407e-006
+4.0500000e+001 +1.2779096e-006
+4.0625000e+001 +1.3706488e-006
+4.0750000e+001 +1.2427689e-006
+4.0875000e+001 +1.3071785e-006
+4.1000000e+001 +1.4355322e-006
+4.1125000e+001 +1.3798792e-006
+4.1250000e+001 +1.5506323e-006
+4.1375000e+001 +1.4723004e-006
+4.1500000e+001 +1.3595889e-006
+4.1625000e+001 +1.4127892e-006
+4.1750000e+001 +1.4460774e-006
+4.1875000e+001 +1.5774119e-006
+4.2000000e+001 +1.1653536e-006
+4.2125000e+001 +1.1206105e-006
+4.2250000e+001 +1.3160625e-006
+4.2375000e+001 +1.3989248e-006
+4.2500000e+001 +1.3459068e-006
+4.2625000e+001 +1.4759258e-006
+4.2750000e+001 +1.5910157e-006
+4.2875000e+001 +1.2919427e-006
+4.3000000e+001 +1.2796099e-006
+4.3125000e+001 +1.6944460e-006
+4.3250000e+001 +1.6322733e-006
+4.3375000e+001 +1.3887739e-006
+4.3500000e+001 +1.1689649e-006
+4.3625000e+001 +1.1352297e-006
+4.3750000e+001 +1.0729738e-006
+4.3875000e+001 +1.1683348e-006
+4.4000000e+001 +1.3911225e-006
+4.4125000e+001 +1.5545992e-006
+4.4250000e+001 +1.3862343e-006
+4.4375000e+001 +1.2423378e-006
+4.4500000e+001 +1.3045504e-006
+4.4625000e+001 +1.2774018e-006
+4.4750000e+001 +1.3071699e-006
+4.4875000e+001 +1.3725327e-006
+4.5000000e+001 +1.4744130e-006
+4.5125000e+001 +1.3372735e-006
+4.5250000e+001 +1.5855417e-006
+4.5375000e+001 +1.5291737e-006
+4.5500000e+001 +1.4393911e-006
+4.5625000e+001 +1.3032204e-006
+4.5750000e+001 +1.5555433e-006
+4.5875000e+001 +1.5715084e-006
+4.6000000e+001 +1.2633172e-006
+4.6125000e+001 +1.2934543e-006
+4.6250000e+001 +1.2877579e-006
+4.6375000e+001 +1.1102253e-006
+4.6500000e+001 +1.2230852e-006
+4.6625000e+001 +1.1945733e-006
+4.6750000e+001 +1.1045157e-006
+4.6875000e+001 +1.1760479e-006
+4.7000000e+001 +1.1184188e-006
+4.7125000e+001 +1.3806233e-006
+4.7250000e+001 +1.3782379e-006
+4.7375000e+001 +1.0958065e-006
+4.7500000e+001 +1.0563284e-006
+4.7625000e+001 +1.2744067e-006
+4.7750000e+001 +1.0494581e-006
+4.7875000e+001 +1.0592132e-006
+4.8000000e+001 +1.2576099e-006
+4.8125000e+001 +1.3016246e-006
+4.8250000e+001 +1.2774580e-006
+4.8375000e+001 +1.1256776e-006
+4.8500000e+001 +1.2264187e-006
+4.8625000e+001 +1.3913470e-006
+4.8750000e+001 +1.1713533e-006
+4.8875000e+001 +1.0288284e-006
+4.9000000e+001 +9.2354469e-007
+4.9125000e+001 +1.1051392e-006
+4.9250000e+001 +1.3860745e-006
+4.9375000e+001 +1.2584152e-006
+4.9500000e+001 +1.1655725e-006
+4.9625000e+001 +1.4515288e-006
+4.9750000e+001 +1.4040351e-006
+4.9875000e+001 +1.3704878e-006
+5.0000000e+001 +1.2819048e-006
+5.0125000e+001 +1.3032376e-006
+5.0250000e+001 +9.9707381e-007
+5.0375000e+001 +1.3426626e-006
+5.0500000e+001 +1.5821749e-006
+5.0625000e+001 +1.1640672e-006
+5.0750000e+001 +1.2940778e-006
+5.0875000e+001 +1.1358419e-006
+5.1000000e+001 +1.3890514e-006
+5.1125000e+001 +1.4012230e-006
+5.1250000e+001 +1.2597465e-006
+5.1375000e+001 +1.3437377e-006
+5.1500000e+001 +1.3414012e-006
+5.1625000e+001 +1.1486679e-006
+5.1750000e+001 +1.0552700e-006
+5.1875000e+001 +1.1308148e-006
+5.2000000e+001 +1.2766769e-006
+5.2125000e+001 +1.2969967e-006
+5.2250000e+001 +1.1353630e-006
+5.2375000e+001 +1.0494523e-006
+5.2500000e+001 +1.2714647e-006
+5.2625000e+001 +1.2907956e-006
+5.2750000e+001 +9.5882115e-007
+5.2875000e+001 +1.3593948e-006
+5.3000000e+001 +1.2473745e-006
+5.3125000e+001 +1.2053015e-006
+5.3250000e+001 +1.1874217e-006
+5.3375000e+001 +1.0069831e-006
+5.3500000e+001 +1.2633769e-006
+5.3625000e+001 +1.3551432e-006
+5.3750000e+001 +1.1422287e-006
+5.3875000e+001 +9.2554143e-007
+5.4000000e+001 +1.2535197e-006
+5.4125000e+001 +1.3241532e-006
+5.4250000e+001 +1.3111861e-006
+5.4375000e+001 +1.2876984e-006
+5.4500000e+001 +1.1362235e-006
+5.4625000e+001 +1.3429545e-006
+5.4750000e+001 +1.3111919e-006
+5.4875000e+001 +1.5353446e-006
+5.5000000e+001 +1.2927103e-006
+5.5125000e+001 +1.2520865e-006
+5.5250000e+001 +1.4926527e-006
+5.5375000e+001 +1.1847429e-006
+5.5500000e+001 +1.0946978e-006
+5.5625000e+001 +1.4095772e-006
+5.5750000e+001 +1.5166082e-006
+5.5875000e+001 +1.4989000e-006
+5.6000000e+001 +1.3980282e-006
+5.6125000e+001 +1.7048422e-006
+5.6250000e+001 +1.4695903e-006
+5.6375000e+001 +1.3646168e-006
+5.6500000e+001 +1.3445582e-006
+5.6625000e+001 +1.0890369e-006
+5.6750000e+001 +1.2723752e-006
+5.6875000e+001 +1.5775383e-006
+5.7000000e+001 +1.3799898e-006
+5.7125000e+001 +1.0623486e-006
+5.7250000e+001 +1.2769840e-006
+5.7375000e+001 +1.5038321e-006
+5.7500000e+001 +1.1054802e-006
+5.7625000e+001 +1.1998010e-006
+5.7750000e+001 +1.5003457e-006
+5.7875000e+001 +1.7382235e-006
+5.8000000e+001 +1.6093367e-006
+5.8125000e+001 +1.1894678e-006
+5.8250000e+001 +1.3080098e-006
+5.8375000e+001 +1.4904435e-006
+5.8500000e+001 +1.2031397e-006
+5.8625000e+001 +1.0932708e-006
+5.8750000e+001 +1.1465851e-006
+5.8875000e+001 +1.3577749e-006
+5.9000000e+001 +1.4019771e-006
+5.9125000e+001 +1.3411465e-006
+5.9250000e+001 +1.6900908e-006
+5.9375000e+001 +1.5547529e-006
+5.9500000e+001 +1.4356551e-006
+5.9625000e+001 +1.5711565e-006
+5.9750000e+001 +1.6822522e-006
+5.9875000e+001 +1.7075399e-005
+6.0000000e+001 +4.9488117e-005
+6.0125000e+001 +3.7083115e-005
+6.0250000e+001 +4.6521432e-006
+6.0375000e+001 +1.6048689e-006
+6.0500000e+001 +1.2949279e-006
+6.0625000e+001 +1.3958364e-006
+6.0750000e+001 +1.4715440e-006
+6.0875000e+001 +1.3799125e-006
+6.1000000e+001 +1.3775148e-006
+6.1125000e+001 +1.2119007e-006
+6.1250000e+001 +1.2932626e-006
+6.1375000e+001 +1.4816637e-006
+6.1500000e+001 +1.2867869e-006
+6.1625000e+001 +1.2930468e-006
+6.1750000e+001 +1.3441287e-006
+6.1875000e+001 +1.2358904e-006
+6.2000000e+001 +1.3380225e-006
+6.2125000e+001 +1.2010056e-006
+6.2250000e+001 +1.0457544e-006
+6.2375000e+001 +1.0248812e-006
+6.2500000e+001 +1.3839714e-006
+6.2625000e+001 +1.6276454e-006
+6.2750000e+001 +1.4559853e-006
+6.2875000e+001 +9.8948453e-007
+6.3000000e+001 +1.2485666e-006
+6.3125000e+001 +1.0171350e-006
+6.3250000e+001 +8.4415302e-007
+6.3375000e+001 +1.1345282e-006
+6.3500000e+001 +1.2781693e-006
+6.3625000e+001 +1.1909157e-006
+6.3750000e+001 +1.2008684e-006
+6.3875000e+001 +1.3377949e-006
+6.4000000e+001 +1.2939756e-006
+6.4125000e+001 +1.2445263e-006
+6.4250000e+001 +1.4128744e-006
+6.4375000e+001 +1.2586792e-006
+6.4500000e+001 +1.1552715e-006
+6.4625000e+001 +1.2188049e-006
+6.4750000e+001 +1.3476309e-006
+6.4875000e+001 +1.0916084e-006
+6.5000000e+001 +9.6896929e-007
+6.5125000e+001 +1.3369975e-006
+6.5250000e+001 +1.2660569e-006
+6.5375000e+001 +1.2913300e-006
+6.5500000e+001 +1.4678712e-006
+6.5625000e+001 +1.2101508e-006
+6.5750000e+001 +1.2821849e-006
+6.5875000e+001 +1.2080851e-006
+6.6000000e+001 +1.0687176e-006
+6.6125000e+001 +1.3011030e-006
+6.6250000e+001 +1.4364404e-006
+6.6375000e+001 +1.1438100e-006
+6.6500000e+001 +1.2799865e-006
+6.6625000e+001 +1.0864895e-006
+6.6750000e+001 +1.2130295e-006
+6.6875000e+001 +1.3309178e-006
+6.7000000e+001 +1.3934630e-006
+6.7125000e+001 +1.1728179e-006
+6.7250000e+001 +1.0089797e-006
+6.7375000e+001 +1.2037555e-006
+6.7500000e+001 +1.1789245e-006
+6.7625000e+001 +1.1714214e-006
+6.7750000e+001 +1.2719031e-006
+6.7875000e+001 +1.3701567e-006
+6.8000000e+001 +1.4672009e-006
+6.8125000e+001 +1.1800058e-006
+6.8250000e+001 +1.1190281e-006
+6.8375000e+001 +1.1261918e-006
+6.8500000e+001 +1.2239100e-006
+6.8625000e+001 +1.4524678e-006
+6.8750000e+001 +1.0743412e-006
+6.8875000e+001 +1.1573447e-006
+6.9000000e+001 +1.3607985e-006
+6.9125000e+001 +1.2252128e-006
+6.9250000e+001 +1.1524589e-006
+6.9375000e+001 +1.2496624e-006
+6.9500000e+001 +1.1523869e-006
+6.9625000e+001 +1.1075431e-006
+6.9750000e+001 +1.4186835e-006
+6.9875000e+001 +1.4422656e-006
+7.0000000e+001 +1.1599934e-006
+7.0125000e+001 +1.3318534e-006
+7.0250000e+001 +1.3070652e-006
+7.0375000e+001 +1.1224096e-006
+7.0500000e+001 +1.1989147e-006
+7.0625000e+001 +9.9359534e-007
+7.0750000e+001 +1.0438604e-006
+7.0875000e+001 +9.0707465e-007
+7.1000000e+001 +9.1861864e-007
+7.1125000e+001 +1.3117261e-006
+7.1250000e+001 +1.3965354e-006
+7.1375000e+001 +1.1916900e-006
+7.1500000e+001 +1.2392399e-006
+7.1625000e+001 +1.2683790e-006
+7.1750000e+001 +1.5228203e-006
+7.1875000e+001 +1.4659418e-006
+7.2000000e+001 +1.4459376e-006
+7.2125000e+001 +1.3337499e-006
+7.2250000e+001 +1.3757765e-006
+7.2375000e+001 +1.4354218e-006
+7.2500000e+001 +1.4151784e-006
+7.2625000e+001 +1.3377478e-006
+7.2750000e+001 +1.4844743e-006
+7.2875000e+001 +1.4716765e-006
+7.3000000e+001 +1.4579289e-006
+7.3125000e+001 +1.3255903e-006
+7.3250000e+001 +1.2984985e-006
+7.3375000e+001 +1.2326002e-006
+7.3500000e+001 +1.4229095e-006
+7.3625000e+001 +1.2303111e-006
+7.3750000e+001 +1.2034462e-006
+7.3875000e+001 +1.3428350e-006
+7.4000000e+001 +1.3490995e-006
+7.4125000e+001 +1.4547628e-006
+7.4250000e+001 +1.3381650e-006
+7.4375000e+001 +8.7811435e-007
+7.4500000e+001 +1.0951414e-006
+7.4625000e+001 +1.4230735e-006
+7.4750000e+001 +1.5184693e-006
+7.4875000e+001 +1.1589151e-006
+7.5000000e+001 +1.0086673e-006
+7.5125000e+001 +1.2435293e-006
+7.5250000e+001 +1.2324946e-006
+7.5375000e+001 +1.2101854e-006
+7.5500000e+001 +1.2930383e-006
+7.5625000e+001 +1.1840641e-006
+7.5750000e+001 +1.3920576e-006
+7.5875000e+001 +1.1333417e-006
+7.6000000e+001 +1.2572509e-006
+7.6125000e+001 +1.2861370e-006
+7.6250000e+001 +1.1471479e-006
+7.6375000e+001 +1.4948865e-006
+7.6500000e+001 +1.3556269e-006
+7.6625000e+001 +1.5235595e-006
+7.6750000e+001 +1.4310817e-006
+7.6875000e+001 +1.1907169e-006
+7.7000000e+001 +1.1514345e-006
+7.7125000e+001 +1.0267171e-006
+7.7250000e+001 +1.3935670e-006
+7.7375000e+001 +1.2482088e-006
+7.7500000e+001 +1.1567133e-006
+7.7625000e+001 +1.4635600e-006
+7.7750000e+001 +1.1666876e-006
+7.7875000e+001 +1.1707785e-006
+7.8000000e+001 +1.1190723e-006
+7.8125000e+001 +1.3437156e-006
+7.8250000e+001 +1.3334673e-006
+7.8375000e+001 +1.2555638e-006
+7.8500000e+001 +1.2122599e-006
+7.8625000e+001 +1.1984988e-006
+7.8750000e+001 +1.5042400e-006
+7.8875000e+001 +1.3516808e-006
+7.9000000e+001 +1.3879994e-006
+7.9125000e+001 +1.3461018e-006
+7.9250000e+001 +1.0731069e-006
+7.9375000e+001 +1.1973400e-006
+7.9500000e+001 +1.0461896e-006
+7.9625000e+001 +9.0488624e-007
+7.9750000e+001 +1.1809896e-006
+7.9875000e+001 +1.3566364e-006
+8.0000000e+001 +1.3807961e-006
+8.0125000e+001 +1.3133719e-006
+8.0250000e+001 +1.1931302e-006
+8.0375000e+001 +1.1783719e-006
+8.0500000e+001 +1.2229953e-006
+8.0625000e+001 +1.2576679e-006
+8.0750000e+001 +1.1961732e-006
+8.0875000e+001 +1.2625338e-006
+8.1000000e+001 +1.3131080e-006
+8.1125000e+001 +1.2470719e-006
+8.1250000e+001 +1.1098949e-006
+8.1375000e+001 +1.2851842e-006
+8.1500000e+001 +1.0749973e-006
+8.1625000e+001 +1.1332745e-006
+8.1750000e+001 +1.3442010e-006
+8.1875000e+001 +1.2780963e-006
+8.2000000e+001 +1.2057753e-006
+8.2125000e+001 +1.1401651e-006
+8.2250000e+001 +1.1437485e-006
+8.2375000e+001 +1.2306988e-006
+8.2500000e+001 +1.1391978e-006
+8.2625000e+001 +9.2323342e-007
+8.2750000e+001 +1.1642129e-006
+8.2875000e+001 +1.3500360e-006
+8.3000000e+001 +1.3920729e-006
+8.3125000e+001 +1.3384706e-006
+8.3250000e+001 +1.5378821e-006
+8.3375000e+001 +1.3386382e-006
+8.3500000e+001 +1.0282412e-006
+8.3625000e+001 +1.3607522e-006
+8.3750000e+001 +1.3369182e-006
+8.3875000e+001 +1.1836014e-006
+8.4000000e+001 +1.1983685e-006
+8.4125000e+001 +1.2459099e-006
+8.4250000e+001 +1.2897600e-006
+8.4375000e+001 +1.1947884e-006
+8.4500000e+001 +1.1149062e-006
+8.4625000e+001 +1.4621385e-006
+8.4750000e+001 +1.0553778e-006
+8.4875000e+001 +1.2553378e-006
+8.5000000e+001 +1.0873846e-006
+8.5125000e+001 +1.1186596e-006
+8.5250000e+001 +1.1816317e-006
+8.5375000e+001 +1.2484076e-006
+8.5500000e+001 +1.4168124e-006
+8.5625000e+001 +1.5861616e-006
+8.5750000e+001 +1.6067131e-006
+8.5875000e+001 +1.4007077e-006
+8.6000000e+001 +1.1949367e-006
+8.6125000e+001 +1.1728024e-006
+8.6250000e+001 +1.1904150e-006
+8.6375000e+001 +1.1174504e-006
+8.6500000e+001 +1.2751556e-006
+8.6625000e+001 +1.3744177e-006
+8.6750000e+001 +1.2194433e-006
+8.6875000e+001 +1.1497859e-006
+8.7000000e+001 +1.1637655e-006
+8.7125000e+001 +1.0079831e-006
+8.7250000e+001 +1.2045342e-006
+8.7375000e+001 +1.3981463e-006
+8.7500000e+001 +1.3651459e-006
+8.7625000e+001 +1.2797406e-006
+8.7750000e+001 +1.2795748e-006
+8.7875000e+001 +1.3460324e-006
+8.8000000e+001 +1.4144173e-006
+8.8125000e+001 +9.4630224e-007
+8.8250000e+001 +1.0502673e-006
+8.8375000e+001 +1.2018709e-006
+8.8500000e+001 +1.2273321e-006
+8.8625000e+001 +1.2683415e-006
+8.8750000e+001 +1.3257491e-006
+8.8875000e+001 +1.2166776e-006
+8.9000000e+001 +1.1678552e-006
+8.9125000e+001 +1.0947759e-006
+8.9250000e+001 +1.2532817e-006
+8.9375000e+001 +1.2852337e-006
+8.9500000e+001 +1.4136317e-006
+8.9625000e+001 +1.2646357e-006
+8.9750000e+001 +1.0877463e-006
+8.9875000e+001 +1.2171198e-006
+9.0000000e+001 +1.2967120e-006
+9.0125000e+001 +1.0984193e-006
+9.0250000e+001 +1.4089150e-006
+9.0375000e+001 +1.3818017e-006
+9.0500000e+001 +1.3352048e-006
+9.0625000e+001 +1.2513113e-006
+9.0750000e+001 +1.0196743e-006
+9.0875000e+001 +1.0372796e-006
+9.1000000e+001 +1.2199536e-006
+9.1125000e+001 +1.3263212e-006
+9.1250000e+001 +1.4636098e-006
+9.1375000e+001 +1.3048641e-006
+9.1500000e+001 +9.9203874e-007
+9.1625000e+001 +8.6109293e-007
+9.1750000e+001 +1.3539920e-006
+9.1875000e+001 +1.3854051e-006
+9.2000000e+001 +1.1271840e-006
+9.2125000e+001 +1.2983745e-006
+9.2250000e+001 +1.4967293e-006
+9.2375000e+001 +1.2659207e-006
+9.2500000e+001 +8.3442205e-007
+9.2625000e+001 +1.0821404e-006
+9.2750000e+001 +1.2327152e-006
+9.2875000e+001 +1.1149724e-006
+9.3000000e+001 +1.2444935e-006
+9.3125000e+001 +1.3463634e-006
+9.3250000e+001 +1.1647934e-006
+9.3375000e+001 +1.2022550e-006
+9.3500000e+001 +1.0973031e-006
+9.3625000e+001 +1.2637585e-006
+9.3750000e+001 +1.0637901e-006
+9.3875000e+001 +1.2143167e-006
+9.4000000e+001 +1.2578613e-006
+9.4125000e+001 +1.0942892e-006
+9.4250000e+001 +1.3500612e-006
+9.4375000e+001 +1.3500093e-006
+9.4500000e+001 +1.3035640e-006
+9.4625000e+001 +1.3255976e-006
+9.4750000e+001 +1.0952460e-006
+9.4875000e+001 +1.1094527e-006
+9.5000000e+001 +1.4381668e-006
+9.5125000e+001 +1.2080905e-006
+9.5250000e+001 +1.0649131e-006
+9.5375000e+001 +1.0114364e-006
+9.5500000e+001 +1.0669437e-006
+9.5625000e+001 +9.9168915e-007
+9.5750000e+001 +1.0473298e-006
+9.5875000e+001 +1.2387229e-006
+9.6000000e+001 +1.1990779e-006
+9.6125000e+001 +1.1978910e-006
+9.6250000e+001 +1.0855845e-006
+9.6375000e+001 +1.2220448e-006
+9.6500000e+001 +1.2524220e-006
+9.6625000e+001 +1.2392521e-006
+9.6750000e+001 +1.2839515e-006
+9.6875000e+001 +1.3797762e-006
+9.7000000e+001 +1.1824857e-006
+9.7125000e+001 +1.2190417e-006
+9.7250000e+001 +1.2596870e-006
+9.7375000e+001 +1.2910805e-006
+9.7500000e+001 +1.1018195e-006
+9.7625000e+001 +8.7300680e-007
+9.7750000e+001 +9.1814269e-007
+9.7875000e+001 +1.2735367e-006
+9.8000000e+001 +1.5711547e-006
+9.8125000e+001 +1.3032877e-006
+9.8250000e+001 +1.1565013e-006
+9.8375000e+001 +1.2417596e-006
+9.8500000e+001 +1.1969562e-006
+9.8625000e+001 +1.1538480e-006
+9.8750000e+001 +1.2542824e-006
+9.8875000e+001 +1.1620342e-006
+9.9000000e+001 +1.1211815e-006
+9.9125000e+001 +1.2845960e-006
+9.9250000e+001 +1.3114136e-006
+9.9375000e+001 +1.1408275e-006
+9.9500000e+001 +9.9249519e-007
+9.9625000e+001 +1.3287146e-006
+9.9750000e+001 +1.3361962e-006
+9.9875000e+001 +1.1868286e-006
+1.0000000e+002 +1.0847349e-006
#Display #2 length= 513
+0.0000000e+000 +8.4618622e-001
+1.5441895e-002 +8.4522575e-001
+3.0883789e-002 +8.4522575e-001
+4.6325684e-002 +8.4522575e-001
+6.1767578e-002 +8.4522575e-001
+7.7209473e-002 +8.4522575e-001
+9.2651367e-002 +8.4522575e-001
+1.0809326e-001 +8.4522575e-001
+1.2353516e-001 +8.4522575e-001
+1.3897705e-001 +8.4522575e-001
+1.5441895e-001 +8.4522575e-001
+1.6986084e-001 +8.4522575e-001
+1.8530273e-001 +8.4522575e-001
+2.0074463e-001 +8.4618622e-001
+2.1618652e-001 +8.4522575e-001
+2.3162842e-001 +8.4522575e-001
+2.4707031e-001 +8.4618622e-001
+2.6251221e-001 +8.4618622e-001
+2.7795410e-001 +8.4522575e-001
+2.9339600e-001 +8.4522575e-001
+3.0883789e-001 +8.4522575e-001
+3.2427979e-001 +8.4522575e-001
+3.3972168e-001 +8.4618622e-001
+3.5516357e-001 +8.4522575e-001
+3.7060547e-001 +8.4714675e-001
+3.8604736e-001 +8.4522575e-001
+4.0148926e-001 +8.4522575e-001
+4.1693115e-001 +8.4618622e-001
+4.3237305e-001 +8.4522575e-001
+4.4781494e-001 +8.4522575e-001
+4.6325684e-001 +8.4522575e-001
+4.7869873e-001 +8.4522575e-001
+4.9414063e-001 +8.4618622e-001
+5.0958252e-001 +8.4522575e-001
+5.2502441e-001 +8.4618622e-001
+5.4046631e-001 +8.4618622e-001
+5.5590820e-001 +8.4522575e-001
+5.7135010e-001 +8.4426528e-001
+5.8679199e-001 +8.4522575e-001
+6.0223389e-001 +8.4522575e-001
+6.1767578e-001 +8.4618622e-001
+6.3311768e-001 +8.4522575e-001
+6.4855957e-001 +8.4618622e-001
+6.6400146e-001 +8.4522575e-001
+6.7944336e-001 +8.4522575e-001
+6.9488525e-001 +8.4618622e-001
+7.1032715e-001 +8.4522575e-001
+7.2576904e-001 +8.4522575e-001
+7.4121094e-001 +8.4522575e-001
+7.5665283e-001 +8.4618622e-001
+7.7209473e-001 +8.4426528e-001
+7.8753662e-001 +8.4522575e-001
+8.0297852e-001 +8.4522575e-001
+8.1842041e-001 +8.4522575e-001
+8.3386230e-001 +8.4522575e-001
+8.4930420e-001 +8.4522575e-001
+8.6474609e-001 +8.4522575e-001
+8.8018799e-001 +8.4618622e-001
+8.9562988e-001 +8.4618622e-001
+9.1107178e-001 +8.4522575e-001
+9.2651367e-001 +8.4522575e-001
+9.4195557e-001 +8.4618622e-001
+9.5739746e-001 +8.4618622e-001
+9.7283936e-001 +8.4522575e-001
+9.8828125e-001 +8.4522575e-001
+1.0037231e+000 +8.4522575e-001
+1.0191650e+000 +8.4618622e-001
+1.0346069e+000 +8.4522575e-001
+1.0500488e+000 +8.4618622e-001
+1.0654907e+000 +8.4522575e-001
+1.0809326e+000 +8.4522575e-001
+1.0963745e+000 +8.4522575e-001
+1.1118164e+000 +8.4522575e-001
+1.1272583e+000 +8.4522575e-001
+1.1427002e+000 +8.4522575e-001
+1.1581421e+000 +8.4618622e-001
+1.1735840e+000 +8.4522575e-001
+1.1890259e+000 +8.4522575e-001
+1.2044678e+000 +8.4522575e-001
+1.2199097e+000 +8.4426528e-001
+1.2353516e+000 +8.4522575e-001
+1.2507935e+000 +8.4522575e-001
+1.2662354e+000 +8.4618622e-001
+1.2816772e+000 +8.4618622e-001
+1.2971191e+000 +8.4618622e-001
+1.3125610e+000 +8.4522575e-001
+1.3280029e+000 +8.4618622e-001
+1.3434448e+000 +8.4522575e-001
+1.3588867e+000 +8.4522575e-001
+1.3743286e+000 +8.4618622e-001
+1.3897705e+000 +8.4522575e-001
+1.4052124e+000 +8.4522575e-001
+1.4206543e+000 +8.4426528e-001
+1.4360962e+000 +8.4522575e-001
+1.4515381e+000 +8.4618622e-001
+1.4669800e+000 +8.4522575e-001
+1.4824219e+000 +8.4618622e-001
+1.4978638e+000 +8.4522575e-001
+1.5133057e+000 +8.4522575e-001
+1.5287476e+000 +8.4426528e-001
+1.5441895e+000 +8.4522575e-001
+1.5596313e+000 +8.4522575e-001
+1.5750732e+000 +8.4522575e-001
+1.5905151e+000 +8.4522575e-001
+1.6059570e+000 +8.4522575e-001
+1.6213989e+000 +8.4522575e-001
+1.6368408e+000 +8.4426528e-001
+1.6522827e+000 +8.4522575e-001
+1.6677246e+000 +8.4618622e-001
+1.6831665e+000 +8.4522575e-001
+1.6986084e+000 +8.4618622e-001
+1.7140503e+000 +8.4426528e-001
+1.7294922e+000 +8.4522575e-001
+1.7449341e+000 +8.4522575e-001
+1.7603760e+000 +8.4522575e-001
+1.7758179e+000 +8.4618622e-001
+1.7912598e+000 +8.4618622e-001
+1.8067017e+000 +8.4522575e-001
+1.8221436e+000 +8.4522575e-001
+1.8375854e+000 +8.4618622e-001
+1.8530273e+000 +8.4522575e-001
+1.8684692e+000 +8.4618622e-001
+1.8839111e+000 +8.4714675e-001
+1.8993530e+000 +8.4522575e-001
+1.9147949e+000 +8.4522575e-001
+1.9302368e+000 +8.4522575e-001
+1.9456787e+000 +8.4522575e-001
+1.9611206e+000 +8.4618622e-001
+1.9765625e+000 +8.4522575e-001
+1.9920044e+000 +8.4522575e-001
+2.0074463e+000 +8.4522575e-001
+2.0228882e+000 +8.4522575e-001
+2.0383301e+000 +8.4618622e-001
+2.0537720e+000 +8.4522575e-001
+2.0692139e+000 +8.4522575e-001
+2.0846558e+000 +8.4618622e-001
+2.1000977e+000 +8.4522575e-001
+2.1155396e+000 +8.4522575e-001
+2.1309814e+000 +8.4522575e-001
+2.1464233e+000 +8.4522575e-001
+2.1618652e+000 +8.4522575e-001
+2.1773071e+000 +8.4522575e-001
+2.1927490e+000 +8.4522575e-001
+2.2081909e+000 +8.4522575e-001
+2.2236328e+000 +8.4522575e-001
+2.2390747e+000 +8.4618622e-001
+2.2545166e+000 +8.4522575e-001
+2.2699585e+000 +8.4522575e-001
+2.2854004e+000 +8.4522575e-001
+2.3008423e+000 +8.4618622e-001
+2.3162842e+000 +8.4522575e-001
+2.3317261e+000 +8.4522575e-001
+2.3471680e+000 +8.4522575e-001
+2.3626099e+000 +8.4618622e-001
+2.3780518e+000 +8.4522575e-001
+2.3934937e+000 +8.4522575e-001
+2.4089355e+000 +8.4426528e-001
+2.4243774e+000 +8.4522575e-001
+2.4398193e+000 +8.4618622e-001
+2.4552612e+000 +8.4618622e-001
+2.4707031e+000 +8.4522575e-001
+2.4861450e+000 +8.4522575e-001
+2.5015869e+000 +8.4618622e-001
+2.5170288e+000 +8.4522575e-001
+2.5324707e+000 +8.4522575e-001
+2.5479126e+000 +8.4522575e-001
+2.5633545e+000 +8.4618622e-001
+2.5787964e+000 +8.4522575e-001
+2.5942383e+000 +8.4522575e-001
+2.6096802e+000 +8.4522575e-001
+2.6251221e+000 +8.4522575e-001
+2.6405640e+000 +8.4618622e-001
+2.6560059e+000 +8.4618622e-001
+2.6714478e+000 +8.4522575e-001
+2.6868896e+000 +8.4618622e-001
+2.7023315e+000 +8.4522575e-001
+2.7177734e+000 +8.4522575e-001
+2.7332153e+000 +8.4426528e-001
+2.7486572e+000 +8.4522575e-001
+2.7640991e+000 +8.4522575e-001
+2.7795410e+000 +8.4522575e-001
+2.7949829e+000 +8.4618622e-001
+2.8104248e+000 +8.4522575e-001
+2.8258667e+000 +8.4522575e-001
+2.8413086e+000 +8.4618622e-001
+2.8567505e+000 +8.4618622e-001
+2.8721924e+000 +8.4522575e-001
+2.8876343e+000 +8.4618622e-001
+2.9030762e+000 +8.4522575e-001
+2.9185181e+000 +8.4522575e-001
+2.9339600e+000 +8.4522575e-001
+2.9494019e+000 +8.4618622e-001
+2.9648438e+000 +8.4522575e-001
+2.9802856e+000 +8.4618622e-001
+2.9957275e+000 +8.4522575e-001
+3.0111694e+000 +8.4522575e-001
+3.0266113e+000 +8.4522575e-001
+3.0420532e+000 +8.4618622e-001
+3.0574951e+000 +8.4522575e-001
+3.0729370e+000 +8.4522575e-001
+3.0883789e+000 +8.4522575e-001
+3.1038208e+000 +8.4618622e-001
+3.1192627e+000 +8.4522575e-001
+3.1347046e+000 +8.4618622e-001
+3.1501465e+000 +8.4522575e-001
+3.1655884e+000 +8.4522575e-001
+3.1810303e+000 +8.4618622e-001
+3.1964722e+000 +8.4618622e-001
+3.2119141e+000 +8.4618622e-001
+3.2273560e+000 +8.4426528e-001
+3.2427979e+000 +8.4522575e-001
+3.2582397e+000 +8.4522575e-001
+3.2736816e+000 +8.4618622e-001
+3.2891235e+000 +8.4522575e-001
+3.3045654e+000 +8.4522575e-001
+3.3200073e+000 +8.4618622e-001
+3.3354492e+000 +8.4522575e-001
+3.3508911e+000 +8.4522575e-001
+3.3663330e+000 +8.4618622e-001
+3.3817749e+000 +8.4618622e-001
+3.3972168e+000 +8.4618622e-001
+3.4126587e+000 +8.4618622e-001
+3.4281006e+000 +8.4522575e-001
+3.4435425e+000 +8.4522575e-001
+3.4589844e+000 +8.4618622e-001
+3.4744263e+000 +8.4426528e-001
+3.4898682e+000 +8.4522575e-001
+3.5053101e+000 +8.4522575e-001
+3.5207520e+000 +8.4522575e-001
+3.5361938e+000 +8.4522575e-001
+3.5516357e+000 +8.4426528e-001
+3.5670776e+000 +8.4426528e-001
+3.5825195e+000 +8.4522575e-001
+3.5979614e+000 +8.4618622e-001
+3.6134033e+000 +8.4522575e-001
+3.6288452e+000 +8.4522575e-001
+3.6442871e+000 +8.4522575e-001
+3.6597290e+000 +8.4522575e-001
+3.6751709e+000 +8.4522575e-001
+3.6906128e+000 +8.4522575e-001
+3.7060547e+000 +8.4522575e-001
+3.7214966e+000 +8.4522575e-001
+3.7369385e+000 +8.4522575e-001
+3.7523804e+000 +8.4618622e-001
+3.7678223e+000 +8.4522575e-001
+3.7832642e+000 +8.4618622e-001
+3.7987061e+000 +8.4618622e-001
+3.8141479e+000 +8.4618622e-001
+3.8295898e+000 +8.4426528e-001
+3.8450317e+000 +8.4522575e-001
+3.8604736e+000 +8.4522575e-001
+3.8759155e+000 +8.4522575e-001
+3.8913574e+000 +8.4522575e-001
+3.9067993e+000 +8.4618622e-001
+3.9222412e+000 +8.4618622e-001
+3.9376831e+000 +8.4522575e-001
+3.9531250e+000 +8.4522575e-001
+3.9685669e+000 +8.4618622e-001
+3.9840088e+000 +8.4522575e-001
+3.9994507e+000 +8.4618622e-001
+4.0148926e+000 +8.4618622e-001
+4.0303345e+000 +8.4522575e-001
+4.0457764e+000 +8.4522575e-001
+4.0612183e+000 +8.4426528e-001
+4.0766602e+000 +8.4522575e-001
+4.0921021e+000 +8.4522575e-001
+4.1075439e+000 +8.4618622e-001
+4.1229858e+000 +8.4618622e-001
+4.1384277e+000 +8.4522575e-001
+4.1538696e+000 +8.4522575e-001
+4.1693115e+000 +8.4522575e-001
+4.1847534e+000 +8.4522575e-001
+4.2001953e+000 +8.4618622e-001
+4.2156372e+000 +8.4522575e-001
+4.2310791e+000 +8.4618622e-001
+4.2465210e+000 +8.4618622e-001
+4.2619629e+000 +8.4426528e-001
+4.2774048e+000 +8.4618622e-001
+4.2928467e+000 +8.4522575e-001
+4.3082886e+000 +8.4522575e-001
+4.3237305e+000 +8.4618622e-001
+4.3391724e+000 +8.4618622e-001
+4.3546143e+000 +8.4522575e-001
+4.3700562e+000 +8.4522575e-001
+4.3854980e+000 +8.4618622e-001
+4.4009399e+000 +8.4426528e-001
+4.4163818e+000 +8.4618622e-001
+4.4318237e+000 +8.4618622e-001
+4.4472656e+000 +8.4426528e-001
+4.4627075e+000 +8.4618622e-001
+4.4781494e+000 +8.4522575e-001
+4.4935913e+000 +8.4522575e-001
+4.5090332e+000 +8.4522575e-001
+4.5244751e+000 +8.4522575e-001
+4.5399170e+000 +8.4618622e-001
+4.5553589e+000 +8.4522575e-001
+4.5708008e+000 +8.4522575e-001
+4.5862427e+000 +8.4522575e-001
+4.6016846e+000 +8.4522575e-001
+4.6171265e+000 +8.4522575e-001
+4.6325684e+000 +8.4522575e-001
+4.6480103e+000 +8.4618622e-001
+4.6634521e+000 +8.4522575e-001
+4.6788940e+000 +8.4618622e-001
+4.6943359e+000 +8.4522575e-001
+4.7097778e+000 +8.4714675e-001
+4.7252197e+000 +8.4618622e-001
+4.7406616e+000 +8.4426528e-001
+4.7561035e+000 +8.4618622e-001
+4.7715454e+000 +8.4618622e-001
+4.7869873e+000 +8.4618622e-001
+4.8024292e+000 +8.4522575e-001
+4.8178711e+000 +8.4522575e-001
+4.8333130e+000 +8.4618622e-001
+4.8487549e+000 +8.4522575e-001
+4.8641968e+000 +8.4618622e-001
+4.8796387e+000 +8.4522575e-001
+4.8950806e+000 +8.4522575e-001
+4.9105225e+000 +8.4522575e-001
+4.9259644e+000 +8.4618622e-001
+4.9414063e+000 +8.4618622e-001
+4.9568481e+000 +8.4522575e-001
+4.9722900e+000 +8.4522575e-001
+4.9877319e+000 +8.4522575e-001
+5.0031738e+000 +8.4618622e-001
+5.0186157e+000 +8.4714675e-001
+5.0340576e+000 +8.4522575e-001
+5.0494995e+000 +8.4522575e-001
+5.0649414e+000 +8.4618622e-001
+5.0803833e+000 +8.4522575e-001
+5.0958252e+000 +8.4618622e-001
+5.1112671e+000 +8.4522575e-001
+5.1267090e+000 +8.4522575e-001
+5.1421509e+000 +8.4618622e-001
+5.1575928e+000 +8.4426528e-001
+5.1730347e+000 +8.4522575e-001
+5.1884766e+000 +8.4714675e-001
+5.2039185e+000 +8.4522575e-001
+5.2193604e+000 +8.4522575e-001
+5.2348022e+000 +8.4618622e-001
+5.2502441e+000 +8.4522575e-001
+5.2656860e+000 +8.4618622e-001
+5.2811279e+000 +8.4522575e-001
+5.2965698e+000 +8.4522575e-001
+5.3120117e+000 +8.4714675e-001
+5.3274536e+000 +8.4522575e-001
+5.3428955e+000 +8.4522575e-001
+5.3583374e+000 +8.4618622e-001
+5.3737793e+000 +8.4522575e-001
+5.3892212e+000 +8.4522575e-001
+5.4046631e+000 +8.4714675e-001
+5.4201050e+000 +8.4522575e-001
+5.4355469e+000 +8.4522575e-001
+5.4509888e+000 +8.4522575e-001
+5.4664307e+000 +8.4618622e-001
+5.4818726e+000 +8.4522575e-001
+5.4973145e+000 +8.4522575e-001
+5.5127563e+000 +8.4522575e-001
+5.5281982e+000 +8.4618622e-001
+5.5436401e+000 +8.4522575e-001
+5.5590820e+000 +8.4522575e-001
+5.5745239e+000 +8.4522575e-001
+5.5899658e+000 +8.4618622e-001
+5.6054077e+000 +8.4522575e-001
+5.6208496e+000 +8.4522575e-001
+5.6362915e+000 +8.4618622e-001
+5.6517334e+000 +8.4426528e-001
+5.6671753e+000 +8.4618622e-001
+5.6826172e+000 +8.4522575e-001
+5.6980591e+000 +8.4522575e-001
+5.7135010e+000 +8.4522575e-001
+5.7289429e+000 +8.4618622e-001
+5.7443848e+000 +8.4426528e-001
+5.7598267e+000 +8.4522575e-001
+5.7752686e+000 +8.4522575e-001
+5.7907104e+000 +8.4522575e-001
+5.8061523e+000 +8.4618622e-001
+5.8215942e+000 +8.4522575e-001
+5.8370361e+000 +8.4714675e-001
+5.8524780e+000 +8.4522575e-001
+5.8679199e+000 +8.4618622e-001
+5.8833618e+000 +8.4522575e-001
+5.8988037e+000 +8.4618622e-001
+5.9142456e+000 +8.4522575e-001
+5.9296875e+000 +8.4522575e-001
+5.9451294e+000 +8.4522575e-001
+5.9605713e+000 +8.4522575e-001
+5.9760132e+000 +8.4522575e-001
+5.9914551e+000 +8.4522575e-001
+6.0068970e+000 +8.4522575e-001
+6.0223389e+000 +8.4522575e-001
+6.0377808e+000 +8.4522575e-001
+6.0532227e+000 +8.4522575e-001
+6.0686646e+000 +8.4522575e-001
+6.0841064e+000 +8.4522575e-001
+6.0995483e+000 +8.4522575e-001
+6.1149902e+000 +8.4618622e-001
+6.1304321e+000 +8.4522575e-001
+6.1458740e+000 +8.4618622e-001
+6.1613159e+000 +8.4522575e-001
+6.1767578e+000 +8.4522575e-001
+6.1921997e+000 +8.4522575e-001
+6.2076416e+000 +8.4618622e-001
+6.2230835e+000 +8.4522575e-001
+6.2385254e+000 +8.4426528e-001
+6.2539673e+000 +8.4522575e-001
+6.2694092e+000 +8.4522575e-001
+6.2848511e+000 +8.4522575e-001
+6.3002930e+000 +8.4522575e-001
+6.3157349e+000 +8.4618622e-001
+6.3311768e+000 +8.4522575e-001
+6.3466187e+000 +8.4522575e-001
+6.3620605e+000 +8.4618622e-001
+6.3775024e+000 +8.4426528e-001
+6.3929443e+000 +8.4618622e-001
+6.4083862e+000 +8.4522575e-001
+6.4238281e+000 +8.4522575e-001
+6.4392700e+000 +8.4618622e-001
+6.4547119e+000 +8.4618622e-001
+6.4701538e+000 +8.4522575e-001
+6.4855957e+000 +8.4522575e-001
+6.5010376e+000 +8.4522575e-001
+6.5164795e+000 +8.4522575e-001
+6.5319214e+000 +8.4522575e-001
+6.5473633e+000 +8.4522575e-001
+6.5628052e+000 +8.4522575e-001
+6.5782471e+000 +8.4426528e-001
+6.5936890e+000 +8.4522575e-001
+6.6091309e+000 +8.4522575e-001
+6.6245728e+000 +8.4618622e-001
+6.6400146e+000 +8.4618622e-001
+6.6554565e+000 +8.4426528e-001
+6.6708984e+000 +8.4522575e-001
+6.6863403e+000 +8.4522575e-001
+6.7017822e+000 +8.4714675e-001
+6.7172241e+000 +8.4618622e-001
+6.7326660e+000 +8.4522575e-001
+6.7481079e+000 +8.4618622e-001
+6.7635498e+000 +8.4618622e-001
+6.7789917e+000 +8.4522575e-001
+6.7944336e+000 +8.4522575e-001
+6.8098755e+000 +8.4522575e-001
+6.8253174e+000 +8.4522575e-001
+6.8407593e+000 +8.4522575e-001
+6.8562012e+000 +8.4522575e-001
+6.8716431e+000 +8.4522575e-001
+6.8870850e+000 +8.4522575e-001
+6.9025269e+000 +8.4618622e-001
+6.9179688e+000 +8.4714675e-001
+6.9334106e+000 +8.4618622e-001
+6.9488525e+000 +8.4522575e-001
+6.9642944e+000 +8.4426528e-001
+6.9797363e+000 +8.4618622e-001
+6.9951782e+000 +8.4522575e-001
+7.0106201e+000 +8.4522575e-001
+7.0260620e+000 +8.4618622e-001
+7.0415039e+000 +8.4522575e-001
+7.0569458e+000 +8.4426528e-001
+7.0723877e+000 +8.4426528e-001
+7.0878296e+000 +8.4522575e-001
+7.1032715e+000 +8.4522575e-001
+7.1187134e+000 +8.4522575e-001
+7.1341553e+000 +8.4618622e-001
+7.1495972e+000 +8.4522575e-001
+7.1650391e+000 +8.4522575e-001
+7.1804810e+000 +8.4522575e-001
+7.1959229e+000 +8.4618622e-001
+7.2113647e+000 +8.4522575e-001
+7.2268066e+000 +8.4522575e-001
+7.2422485e+000 +8.4522575e-001
+7.2576904e+000 +8.4522575e-001
+7.2731323e+000 +8.4522575e-001
+7.2885742e+000 +8.4618622e-001
+7.3040161e+000 +8.4522575e-001
+7.3194580e+000 +8.4426528e-001
+7.3348999e+000 +8.4522575e-001
+7.3503418e+000 +8.4522575e-001
+7.3657837e+000 +8.4522575e-001
+7.3812256e+000 +8.4522575e-001
+7.3966675e+000 +8.4522575e-001
+7.4121094e+000 +8.4522575e-001
+7.4275513e+000 +8.4522575e-001
+7.4429932e+000 +8.4522575e-001
+7.4584351e+000 +8.4522575e-001
+7.4738770e+000 +8.4522575e-001
+7.4893188e+000 +8.4618622e-001
+7.5047607e+000 +8.4522575e-001
+7.5202026e+000 +8.4522575e-001
+7.5356445e+000 +8.4522575e-001
+7.5510864e+000 +8.4426528e-001
+7.5665283e+000 +8.4522575e-001
+7.5819702e+000 +8.4522575e-001
+7.5974121e+000 +8.4522575e-001
+7.6128540e+000 +8.4522575e-001
+7.6282959e+000 +8.4522575e-001
+7.6437378e+000 +8.4618622e-001
+7.6591797e+000 +8.4522575e-001
+7.6746216e+000 +8.4522575e-001
+7.6900635e+000 +8.4522575e-001
+7.7055054e+000 +8.4426528e-001
+7.7209473e+000 +8.4618622e-001
+7.7363892e+000 +8.4522575e-001
+7.7518311e+000 +8.4618622e-001
+7.7672729e+000 +8.4522575e-001
+7.7827148e+000 +8.4522575e-001
+7.7981567e+000 +8.4522575e-001
+7.8135986e+000 +8.4522575e-001
+7.8290405e+000 +0.0000000e+000
+7.8444824e+000 +0.0000000e+000
+7.8599243e+000 +0.0000000e+000
+7.8753662e+000 +0.0000000e+000
+7.8908081e+000 +0.0000000e+000
+7.9062500e+000 +8.4618622e-001
