#Display #1 length= 801
+0.0000000e+000 +5.5751475e-008
+2.0000000e+000 +5.1941864e-008
+4.0000000e+000 +2.3191294e-008
+6.0000000e+000 +2.0942279e-009
+8.0000000e+000 +1.0872114e-011
+1.0000000e+001 +1.3750034e-013
+1.2000000e+001 +1.4907299e-013
+1.4000000e+001 +1.6229360e-013
+1.6000000e+001 +1.5352097e-013
+1.8000000e+001 +1.5393755e-013
+2.0000000e+001 +1.4468587e-013
+2.2000000e+001 +1.1698380e-013
+2.4000000e+001 +9.0711950e-014
+2.6000000e+001 +7.3126489e-014
+2.8000000e+001 +7.7972771e-014
+3.0000000e+001 +9.8494292e-014
+3.2000000e+001 +1.1729659e-013
+3.4000000e+001 +1.2745340e-013
+3.6000000e+001 +1.3492920e-013
+3.8000000e+001 +1.3695943e-013
+4.0000000e+001 +1.3184359e-013
+4.2000000e+001 +1.2632632e-013
+4.4000000e+001 +1.1471542e-013
+4.6000000e+001 +1.0402450e-013
+4.8000000e+001 +1.0226466e-013
+5.0000000e+001 +1.0831889e-013
+5.2000000e+001 +1.0123975e-013
+5.4000000e+001 +2.0509699e-012
+5.6000000e+001 +2.4185678e-011
+5.8000000e+001 +5.5313875e-011
+6.0000000e+001 +5.9743793e-011
+6.2000000e+001 +5.5526726e-011
+6.4000000e+001 +2.4915582e-011
+6.6000000e+001 +2.3526289e-012
+6.8000000e+001 +1.3393380e-013
+7.0000000e+001 +1.3089566e-013
+7.2000000e+001 +1.3241081e-013
+7.4000000e+001 +1.1937539e-013
+7.6000000e+001 +1.0040310e-013
+7.8000000e+001 +1.0113199e-013
+8.0000000e+001 +9.8901532e-014
+8.2000000e+001 +8.7366556e-014
+8.4000000e+001 +6.9086115e-014
+8.6000000e+001 +6.6382257e-014
+8.8000000e+001 +7.9681352e-014
+9.0000000e+001 +8.8844649e-014
+9.2000000e+001 +9.8929986e-014
+9.4000000e+001 +9.1138827e-014
+9.6000000e+001 +9.2494304e-014
+9.8000000e+001 +1.1954668e-013
+1.0000000e+002 +1.5429526e-013
+1.0200000e+002 +1.6339606e-013
+1.0400000e+002 +1.3645179e-013
+1.0600000e+002 +1.0699809e-013
+1.0800000e+002 +7.3991791e-014
+1.1000000e+002 +6.4472828e-014
+1.1200000e+002 +7.1978454e-014
+1.1400000e+002 +3.7513720e-013
+1.1600000e+002 +2.7869697e-012
+1.1800000e+002 +5.7187905e-012
+1.2000000e+002 +5.8304394e-012
+1.2200000e+002 +5.2262045e-012
+1.2400000e+002 +2.2271267e-012
+1.2600000e+002 +2.0380982e-013
+1.2800000e+002 +6.1993067e-014
+1.3000000e+002 +7.7480530e-014
+1.3200000e+002 +9.8411920e-014
+1.3400000e+002 +1.0312972e-013
+1.3600000e+002 +9.6331322e-014
+1.3800000e+002 +8.5893999e-014
+1.4000000e+002 +7.6558456e-014
+1.4200000e+002 +7.0316359e-014
+1.4400000e+002 +7.0393296e-014
+1.4600000e+002 +8.3732764e-014
+1.4800000e+002 +1.0468078e-013
+1.5000000e+002 +1.2248107e-013
+1.5200000e+002 +1.3553769e-013
+1.5400000e+002 +1.4499725e-013
+1.5600000e+002 +1.3068285e-013
+1.5800000e+002 +1.0540483e-013
+1.6000000e+002 +8.2681068e-014
+1.6200000e+002 +6.7098908e-014
+1.6400000e+002 +7.0765733e-014
+1.6600000e+002 +7.7896958e-014
+1.6800000e+002 +9.1032223e-014
+1.7000000e+002 +1.0750043e-013
+1.7200000e+002 +1.0316778e-013
+1.7400000e+002 +1.9279898e-013
+1.7600000e+002 +1.2583848e-012
+1.7800000e+002 +2.7138101e-012
+1.8000000e+002 +2.9153659e-012
+1.8200000e+002 +2.6860280e-012
+1.8400000e+002 +1.2086145e-012
+1.8600000e+002 +1.6982531e-013
+1.8800000e+002 +1.0765115e-013
+1.9000000e+002 +1.4838811e-013
+1.9200000e+002 +1.4696645e-013
+1.9400000e+002 +1.2989691e-013
+1.9600000e+002 +1.2585810e-013
+1.9800000e+002 +1.1799307e-013
+2.0000000e+002 +1.0678027e-013
+2.0200000e+002 +9.6186317e-014
+2.0400000e+002 +9.1587829e-014
+2.0600000e+002 +9.3312165e-014
+2.0800000e+002 +8.5845536e-014
+2.1000000e+002 +7.2160932e-014
+2.1200000e+002 +6.4576403e-014
+2.1400000e+002 +5.6142706e-014
+2.1600000e+002 +9.6928847e-014
+2.1800000e+002 +1.3470688e-013
+2.2000000e+002 +1.3188991e-013
+2.2200000e+002 +1.0798261e-013
+2.2400000e+002 +8.0073026e-014
+2.2600000e+002 +7.1748061e-014
+2.2800000e+002 +8.7779237e-014
+2.3000000e+002 +1.1842293e-013
+2.3200000e+002 +1.3868174e-013
+2.3400000e+002 +2.5274650e-013
+2.3600000e+002 +1.1192579e-012
+2.3800000e+002 +2.1792709e-012
+2.4000000e+002 +2.2643337e-012
+2.4200000e+002 +2.1063299e-012
+2.4400000e+002 +1.0020245e-012
+2.4600000e+002 +1.6137780e-013
+2.4800000e+002 +8.3924946e-014
+2.5000000e+002 +2.4366392e-013
+2.5200000e+002 +1.7635101e-012
+2.5400000e+002 +3.8850828e-012
+2.5600000e+002 +4.1833741e-012
+2.5800000e+002 +3.8773698e-012
+2.6000000e+002 +1.7842405e-012
+2.6200000e+002 +2.4435727e-013
+2.6400000e+002 +1.2561458e-013
+2.6600000e+002 +1.5993349e-013
+2.6800000e+002 +1.4513901e-013
+2.7000000e+002 +1.0170858e-013
+2.7200000e+002 +8.7313240e-014
+2.7400000e+002 +9.1320133e-014
+2.7600000e+002 +8.8131142e-014
+2.7800000e+002 +9.9068032e-014
+2.8000000e+002 +1.1425737e-013
+2.8200000e+002 +1.0869250e-013
+2.8400000e+002 +1.1301767e-013
+2.8600000e+002 +1.1061492e-013
+2.8800000e+002 +1.0119885e-013
+2.9000000e+002 +8.6822829e-014
+2.9200000e+002 +7.3574427e-014
+2.9400000e+002 +2.6236576e-013
+2.9600000e+002 +2.3595824e-012
+2.9800000e+002 +5.3737331e-012
+3.0000000e+002 +5.7350257e-012
+3.0200000e+002 +5.3589325e-012
+3.0400000e+002 +2.5539100e-012
+3.0600000e+002 +3.0498247e-013
+3.0800000e+002 +7.8766116e-014
+3.1000000e+002 +9.6700310e-014
+3.1200000e+002 +1.0328837e-013
+3.1400000e+002 +1.0210668e-013
+3.1600000e+002 +9.5033695e-014
+3.1800000e+002 +8.2841726e-014
+3.2000000e+002 +6.9348458e-014
+3.2200000e+002 +7.5559689e-014
+3.2400000e+002 +9.5322330e-014
+3.2600000e+002 +1.0334577e-013
+3.2800000e+002 +9.0965680e-014
+3.3000000e+002 +8.1743762e-014
+3.3200000e+002 +8.1511634e-014
+3.3400000e+002 +8.0856484e-014
+3.3600000e+002 +7.6471415e-014
+3.3800000e+002 +7.6525680e-014
+3.4000000e+002 +8.1962865e-014
+3.4200000e+002 +9.5973014e-014
+3.4400000e+002 +1.0756277e-013
+3.4600000e+002 +9.4779023e-014
+3.4800000e+002 +8.3698388e-014
+3.5000000e+002 +8.3695265e-014
+3.5200000e+002 +8.3947064e-014
+3.5400000e+002 +9.7435894e-014
+3.5600000e+002 +3.3533902e-013
+3.5800000e+002 +6.4643511e-013
+3.6000000e+002 +6.5545892e-013
+3.6200000e+002 +6.1845407e-013
+3.6400000e+002 +3.2936924e-013
+3.6600000e+002 +1.2758418e-013
+3.6800000e+002 +1.0767550e-013
+3.7000000e+002 +1.1501204e-013
+3.7200000e+002 +1.2111384e-013
+3.7400000e+002 +1.2424865e-013
+3.7600000e+002 +1.0943877e-013
+3.7800000e+002 +8.6957155e-014
+3.8000000e+002 +7.6583840e-014
+3.8200000e+002 +8.1785415e-014
+3.8400000e+002 +8.3251494e-014
+3.8600000e+002 +9.1680190e-014
+3.8800000e+002 +1.0397996e-013
+3.9000000e+002 +1.0654909e-013
+3.9200000e+002 +1.1773683e-013
+3.9400000e+002 +1.3478884e-013
+3.9600000e+002 +1.3841158e-013
+3.9800000e+002 +1.1756348e-013
+4.0000000e+002 +1.0638824e-013
+4.0200000e+002 +1.1230567e-013
+4.0400000e+002 +1.1450125e-013
+4.0600000e+002 +1.1566778e-013
+4.0800000e+002 +1.1849576e-013
+4.1000000e+002 +1.0605166e-013
+4.1200000e+002 +9.5557473e-014
+4.1400000e+002 +1.1364681e-013
+4.1600000e+002 +6.1318290e-013
+4.1800000e+002 +1.4507178e-012
+4.2000000e+002 +1.6225512e-012
+4.2200000e+002 +1.5821073e-012
+4.2400000e+002 +7.8176793e-013
+4.2600000e+002 +1.6423854e-013
+4.2800000e+002 +1.4237784e-013
+4.3000000e+002 +1.6684013e-013
+4.3200000e+002 +1.7025358e-013
+4.3400000e+002 +1.6054893e-013
+4.3600000e+002 +1.5595075e-013
+4.3800000e+002 +1.6690866e-013
+4.4000000e+002 +1.4103203e-013
+4.4200000e+002 +9.1008235e-014
+4.4400000e+002 +6.0643663e-014
+4.4600000e+002 +6.1651374e-014
+4.4800000e+002 +7.4388981e-014
+4.5000000e+002 +7.9682402e-014
+4.5200000e+002 +8.3386701e-014
+4.5400000e+002 +8.9487269e-014
+4.5600000e+002 +9.3236589e-014
+4.5800000e+002 +1.0471159e-013
+4.6000000e+002 +1.2309637e-013
+4.6200000e+002 +1.0070207e-013
+4.6400000e+002 +6.4211020e-014
+4.6600000e+002 +4.7704913e-014
+4.6800000e+002 +5.4838814e-014
+4.7000000e+002 +6.5445072e-014
+4.7200000e+002 +5.7514208e-014
+4.7400000e+002 +6.6050443e-014
+4.7600000e+002 +2.8000787e-013
+4.7800000e+002 +5.9178942e-013
+4.8000000e+002 +6.3693522e-013
+4.8200000e+002 +6.0270875e-013
+4.8400000e+002 +3.1916619e-013
+4.8600000e+002 +1.3349512e-013
+4.8800000e+002 +1.3070809e-013
+4.9000000e+002 +1.1494388e-013
+4.9200000e+002 +9.6507478e-014
+4.9400000e+002 +7.9308135e-014
+4.9600000e+002 +6.4294829e-014
+4.9800000e+002 +7.1485427e-014
+5.0000000e+002 +8.8768599e-014
+5.0200000e+002 +8.0955438e-014
+5.0400000e+002 +6.7558270e-014
+5.0600000e+002 +1.7883514e-013
+5.0800000e+002 +1.2084314e-012
+5.1000000e+002 +2.5405917e-012
+5.1200000e+002 +2.6165118e-012
+5.1400000e+002 +2.3300890e-012
+5.1600000e+002 +1.0424081e-012
+5.1800000e+002 +1.5687501e-013
+5.2000000e+002 +9.5743149e-014
+5.2200000e+002 +1.0708812e-013
+5.2400000e+002 +1.1859911e-013
+5.2600000e+002 +1.2701113e-013
+5.2800000e+002 +1.3062087e-013
+5.3000000e+002 +1.2679042e-013
+5.3200000e+002 +1.3468854e-013
+5.3400000e+002 +1.9149058e-013
+5.3600000e+002 +4.6731634e-013
+5.3800000e+002 +8.2948031e-013
+5.4000000e+002 +8.6096999e-013
+5.4200000e+002 +7.7946064e-013
+5.4400000e+002 +4.1120059e-013
+5.4600000e+002 +1.3035496e-013
+5.4800000e+002 +9.2219499e-014
+5.5000000e+002 +8.4615366e-014
+5.5200000e+002 +8.5496937e-014
+5.5400000e+002 +1.0358638e-013
+5.5600000e+002 +1.0902046e-013
+5.5800000e+002 +9.8796473e-014
+5.6000000e+002 +1.0293334e-013
+5.6200000e+002 +1.0701477e-013
+5.6400000e+002 +9.6547112e-014
+5.6600000e+002 +7.9720559e-014
+5.6800000e+002 +6.9410921e-014
+5.7000000e+002 +9.4159381e-014
+5.7200000e+002 +9.4132920e-014
+5.7400000e+002 +6.4306545e-014
+5.7600000e+002 +5.6335233e-014
+5.7800000e+002 +5.5930317e-014
+5.8000000e+002 +5.2796919e-014
+5.8200000e+002 +4.3280612e-014
+5.8400000e+002 +5.4956473e-014
+5.8600000e+002 +1.1599947e-013
+5.8800000e+002 +1.8294258e-013
+5.9000000e+002 +2.1903149e-013
+5.9200000e+002 +1.7674295e-013
+5.9400000e+002 +1.2205444e-013
+5.9600000e+002 +1.6898830e-013
+5.9800000e+002 +2.6970272e-013
+6.0000000e+002 +3.1155728e-013
+6.0200000e+002 +3.4218559e-013
+6.0400000e+002 +2.3239418e-013
+6.0600000e+002 +1.4316129e-013
+6.0800000e+002 +1.2805882e-013
+6.1000000e+002 +1.2677901e-013
+6.1200000e+002 +1.4562331e-013
+6.1400000e+002 +1.6998723e-013
+6.1600000e+002 +1.7531853e-013
+6.1800000e+002 +1.6883549e-013
+6.2000000e+002 +1.6335516e-013
+6.2200000e+002 +1.5624793e-013
+6.2400000e+002 +1.4016600e-013
+6.2600000e+002 +1.3819048e-013
+6.2800000e+002 +1.4328363e-013
+6.3000000e+002 +1.4289997e-013
+6.3200000e+002 +1.1713238e-013
+6.3400000e+002 +8.9047781e-014
+6.3600000e+002 +8.7510558e-014
+6.3800000e+002 +1.0009095e-013
+6.4000000e+002 +1.0598601e-013
+6.4200000e+002 +1.0270665e-013
+6.4400000e+002 +1.0529911e-013
+6.4600000e+002 +1.2422601e-013
+6.4800000e+002 +1.3303567e-013
+6.5000000e+002 +1.1561623e-013
+6.5200000e+002 +9.1311107e-014
+6.5400000e+002 +1.0070097e-013
+6.5600000e+002 +2.9449121e-013
+6.5800000e+002 +5.6226356e-013
+6.6000000e+002 +6.5761426e-013
+6.6200000e+002 +6.8818567e-013
+6.6400000e+002 +4.3236253e-013
+6.6600000e+002 +1.6890038e-013
+6.6800000e+002 +1.2248241e-013
+6.7000000e+002 +1.3880513e-013
+6.7200000e+002 +1.4894211e-013
+6.7400000e+002 +1.2107475e-013
+6.7600000e+002 +9.6291769e-014
+6.7800000e+002 +1.1487651e-013
+6.8000000e+002 +1.3899454e-013
+6.8200000e+002 +1.1505347e-013
+6.8400000e+002 +1.0133650e-013
+6.8600000e+002 +9.1538973e-014
+6.8800000e+002 +8.0151313e-014
+6.9000000e+002 +7.4405149e-014
+6.9200000e+002 +7.1592566e-014
+6.9400000e+002 +8.2068948e-014
+6.9600000e+002 +1.0090062e-013
+6.9800000e+002 +1.2272499e-013
+7.0000000e+002 +1.1219672e-013
+7.0200000e+002 +1.0030834e-013
+7.0400000e+002 +1.0163334e-013
+7.0600000e+002 +1.0013140e-013
+7.0800000e+002 +9.7397174e-014
+7.1000000e+002 +8.6294795e-014
+7.1200000e+002 +8.9238248e-014
+7.1400000e+002 +1.2018762e-013
+7.1600000e+002 +2.7233736e-013
+7.1800000e+002 +4.5476329e-013
+7.2000000e+002 +4.9008497e-013
+7.2200000e+002 +4.5995862e-013
+7.2400000e+002 +2.7944154e-013
+7.2600000e+002 +1.3192989e-013
+7.2800000e+002 +9.7023613e-014
+7.3000000e+002 +1.2239503e-013
+7.3200000e+002 +1.5268619e-013
+7.3400000e+002 +1.2185573e-013
+7.3600000e+002 +1.0632705e-013
+7.3800000e+002 +1.4404678e-013
+7.4000000e+002 +1.7114270e-013
+7.4200000e+002 +1.4283975e-013
+7.4400000e+002 +9.7680761e-014
+7.4600000e+002 +9.4075267e-014
+7.4800000e+002 +1.2195719e-013
+7.5000000e+002 +1.4840147e-013
+7.5200000e+002 +1.5603399e-013
+7.5400000e+002 +1.2432015e-013
+7.5600000e+002 +9.7524731e-014
+7.5800000e+002 +1.0143847e-013
+7.6000000e+002 +1.0383963e-013
+7.6200000e+002 +1.8520492e-013
+7.6400000e+002 +7.8989034e-013
+7.6600000e+002 +1.6345563e-012
+7.6800000e+002 +1.7283770e-012
+7.7000000e+002 +1.5072142e-012
+7.7200000e+002 +6.7771196e-013
+7.7400000e+002 +1.4027439e-013
+7.7600000e+002 +2.0662173e-013
+7.7800000e+002 +3.1557431e-013
+7.8000000e+002 +2.8963951e-013
+7.8200000e+002 +2.5607611e-013
+7.8400000e+002 +1.9079382e-013
+7.8600000e+002 +1.3399087e-013
+7.8800000e+002 +1.3077758e-013
+7.9000000e+002 +1.2819218e-013
+7.9200000e+002 +1.1960208e-013
+7.9400000e+002 +1.1974348e-013
+7.9600000e+002 +1.0569572e-013
+7.9800000e+002 +8.5777888e-014
+8.0000000e+002 +7.0707329e-014
+8.0200000e+002 +6.1726150e-014
+8.0400000e+002 +6.8566958e-014
+8.0600000e+002 +7.4881968e-014
+8.0800000e+002 +6.9977017e-014
+8.1000000e+002 +8.0821512e-014
+8.1200000e+002 +8.9355898e-014
+8.1400000e+002 +1.0406790e-013
+8.1600000e+002 +1.1452715e-013
+8.1800000e+002 +1.3680792e-013
+8.2000000e+002 +1.4968048e-013
+8.2200000e+002 +1.4087943e-013
+8.2400000e+002 +1.5350546e-013
+8.2600000e+002 +1.6065614e-013
+8.2800000e+002 +1.5500570e-013
+8.3000000e+002 +1.3349043e-013
+8.3200000e+002 +1.1782193e-013
+8.3400000e+002 +1.1397946e-013
+8.3600000e+002 +1.6373907e-013
+8.3800000e+002 +2.3680016e-013
+8.4000000e+002 +2.4276772e-013
+8.4200000e+002 +2.1783140e-013
+8.4400000e+002 +1.5518961e-013
+8.4600000e+002 +1.2693000e-013
+8.4800000e+002 +1.3404325e-013
+8.5000000e+002 +1.5592267e-013
+8.5200000e+002 +1.6208631e-013
+8.5400000e+002 +1.4516770e-013
+8.5600000e+002 +1.2853946e-013
+8.5800000e+002 +1.1743267e-013
+8.6000000e+002 +1.1766318e-013
+8.6200000e+002 +1.3039705e-013
+8.6400000e+002 +1.2335831e-013
+8.6600000e+002 +1.1332658e-013
+8.6800000e+002 +1.0656734e-013
+8.7000000e+002 +1.0302832e-013
+8.7200000e+002 +1.1622154e-013
+8.7400000e+002 +1.3856607e-013
+8.7600000e+002 +1.4872738e-013
+8.7800000e+002 +1.3386793e-013
+8.8000000e+002 +1.3337323e-013
+8.8200000e+002 +1.3637031e-013
+8.8400000e+002 +1.4405088e-013
+8.8600000e+002 +1.3386529e-013
+8.8800000e+002 +1.1151560e-013
+8.9000000e+002 +9.6626015e-014
+8.9200000e+002 +7.8956949e-014
+8.9400000e+002 +6.9497549e-014
+8.9600000e+002 +1.4781735e-013
+8.9800000e+002 +3.1550224e-013
+9.0000000e+002 +4.0721896e-013
+9.0200000e+002 +4.3625360e-013
+9.0400000e+002 +2.9020867e-013
+9.0600000e+002 +1.5026207e-013
+9.0800000e+002 +1.1530944e-013
+9.1000000e+002 +9.9977826e-014
+9.1200000e+002 +1.0051186e-013
+9.1400000e+002 +1.0663265e-013
+9.1600000e+002 +1.1456337e-013
+9.1800000e+002 +1.1358045e-013
+9.2000000e+002 +1.1038247e-013
+9.2200000e+002 +1.1616847e-013
+9.2400000e+002 +1.2415210e-013
+9.2600000e+002 +1.1428346e-013
+9.2800000e+002 +8.9946103e-014
+9.3000000e+002 +8.8515553e-014
+9.3200000e+002 +1.2163197e-013
+9.3400000e+002 +1.5998689e-013
+9.3600000e+002 +1.4165278e-013
+9.3800000e+002 +9.2572536e-014
+9.4000000e+002 +6.8450820e-014
+9.4200000e+002 +6.4026008e-014
+9.4400000e+002 +5.5961891e-014
+9.4600000e+002 +6.6185176e-014
+9.4800000e+002 +1.0313652e-013
+9.5000000e+002 +1.3449701e-013
+9.5200000e+002 +1.5683093e-013
+9.5400000e+002 +1.6367401e-013
+9.5600000e+002 +1.6661424e-013
+9.5800000e+002 +1.8687005e-013
+9.6000000e+002 +2.1400848e-013
+9.6200000e+002 +2.5045477e-013
+9.6400000e+002 +1.7691614e-013
+9.6600000e+002 +9.7372583e-014
+9.6800000e+002 +9.5943930e-014
+9.7000000e+002 +1.0260116e-013
+9.7200000e+002 +1.0985483e-013
+9.7400000e+002 +1.1109837e-013
+9.7600000e+002 +1.1379015e-013
+9.7800000e+002 +9.7396321e-014
+9.8000000e+002 +7.0174911e-014
+9.8200000e+002 +7.9356043e-014
+9.8400000e+002 +1.0255251e-013
+9.8600000e+002 +1.0087581e-013
+9.8800000e+002 +7.7815751e-014
+9.9000000e+002 +6.6409809e-014
+9.9200000e+002 +7.8673457e-014
+9.9400000e+002 +9.6716234e-014
+9.9600000e+002 +9.8876345e-014
+9.9800000e+002 +1.0712151e-013
+1.0000000e+003 +1.3106535e-013
+1.0020000e+003 +1.2949903e-013
+1.0040000e+003 +1.2164452e-013
+1.0060000e+003 +1.1266433e-013
+1.0080000e+003 +1.0114309e-013
+1.0100000e+003 +9.5388080e-014
+1.0120000e+003 +9.1855309e-014
+1.0140000e+003 +1.1460564e-013
+1.0160000e+003 +1.9250117e-013
+1.0180000e+003 +3.7546439e-013
+1.0200000e+003 +8.5930032e-013
+1.0220000e+003 +1.2901509e-012
+1.0240000e+003 +1.1193390e-012
+1.0260000e+003 +8.7068547e-013
+1.0280000e+003 +4.4854387e-013
+1.0300000e+003 +1.6006525e-013
+1.0320000e+003 +1.1008158e-013
+1.0340000e+003 +9.4402852e-014
+1.0360000e+003 +1.0195590e-013
+1.0380000e+003 +1.2184154e-013
+1.0400000e+003 +1.1823454e-013
+1.0420000e+003 +9.3385349e-014
+1.0440000e+003 +9.9819878e-014
+1.0460000e+003 +1.1182163e-013
+1.0480000e+003 +1.2405018e-013
+1.0500000e+003 +1.2436056e-013
+1.0520000e+003 +1.0532709e-013
+1.0540000e+003 +1.0148370e-013
+1.0560000e+003 +1.1942572e-013
+1.0580000e+003 +1.5177760e-013
+1.0600000e+003 +1.6571771e-013
+1.0620000e+003 +1.5300134e-013
+1.0640000e+003 +1.1958581e-013
+1.0660000e+003 +8.1235738e-014
+1.0680000e+003 +7.3363726e-014
+1.0700000e+003 +8.6758407e-014
+1.0720000e+003 +7.8407516e-014
+1.0740000e+003 +7.7359485e-014
+1.0760000e+003 +1.3449318e-013
+1.0780000e+003 +2.1246140e-013
+1.0800000e+003 +2.4182438e-013
+1.0820000e+003 +2.2507702e-013
+1.0840000e+003 +1.6243800e-013
+1.0860000e+003 +1.1845127e-013
+1.0880000e+003 +1.0693162e-013
+1.0900000e+003 +8.2819717e-014
+1.0920000e+003 +7.0078817e-014
+1.0940000e+003 +5.7662039e-014
+1.0960000e+003 +7.3329743e-014
+1.0980000e+003 +9.6511293e-014
+1.1000000e+003 +1.1942442e-013
+1.1020000e+003 +1.3034265e-013
+1.1040000e+003 +1.0920088e-013
+1.1060000e+003 +1.0074720e-013
+1.1080000e+003 +9.8552060e-014
+1.1100000e+003 +9.9806949e-014
+1.1120000e+003 +1.0439017e-013
+1.1140000e+003 +9.2234692e-014
+1.1160000e+003 +1.0469365e-013
+1.1180000e+003 +1.4418570e-013
+1.1200000e+003 +1.7553656e-013
+1.1220000e+003 +1.5719883e-013
+1.1240000e+003 +1.0890896e-013
+1.1260000e+003 +9.2043689e-014
+1.1280000e+003 +1.0097976e-013
+1.1300000e+003 +1.1010696e-013
+1.1320000e+003 +1.0552317e-013
+1.1340000e+003 +9.6894159e-014
+1.1360000e+003 +1.3813041e-013
+1.1380000e+003 +1.8364655e-013
+1.1400000e+003 +1.6724510e-013
+1.1420000e+003 +1.3843345e-013
+1.1440000e+003 +1.1151927e-013
+1.1460000e+003 +9.1965098e-014
+1.1480000e+003 +1.2153878e-013
+1.1500000e+003 +1.4618721e-013
+1.1520000e+003 +1.5160038e-013
+1.1540000e+003 +1.7287680e-013
+1.1560000e+003 +1.8547964e-013
+1.1580000e+003 +1.5526870e-013
+1.1600000e+003 +1.2884014e-013
+1.1620000e+003 +1.2107343e-013
+1.1640000e+003 +1.0309893e-013
+1.1660000e+003 +8.6812725e-014
+1.1680000e+003 +8.3092414e-014
+1.1700000e+003 +8.9884893e-014
+1.1720000e+003 +9.3942527e-014
+1.1740000e+003 +9.8802761e-014
+1.1760000e+003 +1.0880760e-013
+1.1780000e+003 +1.1382539e-013
+1.1800000e+003 +1.1193366e-013
+1.1820000e+003 +1.0861734e-013
+1.1840000e+003 +1.0648547e-013
+1.1860000e+003 +1.1852204e-013
+1.1880000e+003 +1.2057118e-013
+1.1900000e+003 +1.1649289e-013
+1.1920000e+003 +1.1078216e-013
+1.1940000e+003 +1.0419138e-013
+1.1960000e+003 +1.1860379e-013
+1.1980000e+003 +1.3959988e-013
+1.2000000e+003 +1.3208469e-013
+1.2020000e+003 +1.2852901e-013
+1.2040000e+003 +1.2837951e-013
+1.2060000e+003 +1.3545110e-013
+1.2080000e+003 +1.1955167e-013
+1.2100000e+003 +9.5569223e-014
+1.2120000e+003 +8.5105269e-014
+1.2140000e+003 +9.0351520e-014
+1.2160000e+003 +1.1702979e-013
+1.2180000e+003 +1.4095432e-013
+1.2200000e+003 +1.3934231e-013
+1.2220000e+003 +1.0797312e-013
+1.2240000e+003 +8.1997431e-014
+1.2260000e+003 +1.0620267e-013
+1.2280000e+003 +1.4219099e-013
+1.2300000e+003 +1.4903863e-013
+1.2320000e+003 +1.4162043e-013
+1.2340000e+003 +1.3915671e-013
+1.2360000e+003 +1.2618713e-013
+1.2380000e+003 +1.0269110e-013
+1.2400000e+003 +9.1756525e-014
+1.2420000e+003 +1.0185318e-013
+1.2440000e+003 +1.1410217e-013
+1.2460000e+003 +1.2270693e-013
+1.2480000e+003 +1.0866624e-013
+1.2500000e+003 +8.5712179e-014
+1.2520000e+003 +8.0063004e-014
+1.2540000e+003 +8.3505075e-014
+1.2560000e+003 +8.2835906e-014
+1.2580000e+003 +1.0395576e-013
+1.2600000e+003 +1.1846740e-013
+1.2620000e+003 +1.2146088e-013
+1.2640000e+003 +9.5588535e-014
+1.2660000e+003 +8.4421416e-014
+1.2680000e+003 +9.4015582e-014
+1.2700000e+003 +1.3478262e-013
+1.2720000e+003 +1.6612177e-013
+1.2740000e+003 +1.7729337e-013
+1.2760000e+003 +2.6284728e-013
+1.2780000e+003 +3.4612290e-013
+1.2800000e+003 +3.0182578e-013
+1.2820000e+003 +2.7006362e-013
+1.2840000e+003 +2.0734169e-013
+1.2860000e+003 +1.7252183e-013
+1.2880000e+003 +1.6681962e-013
+1.2900000e+003 +1.3412275e-013
+1.2920000e+003 +1.0626799e-013
+1.2940000e+003 +1.0790794e-013
+1.2960000e+003 +1.1363608e-013
+1.2980000e+003 +1.1183391e-013
+1.3000000e+003 +1.1819197e-013
+1.3020000e+003 +1.2986183e-013
+1.3040000e+003 +1.5878360e-013
+1.3060000e+003 +1.6190276e-013
+1.3080000e+003 +1.4191338e-013
+1.3100000e+003 +1.3429575e-013
+1.3120000e+003 +1.2469993e-013
+1.3140000e+003 +1.2189802e-013
+1.3160000e+003 +1.4604442e-013
+1.3180000e+003 +1.5920117e-013
+1.3200000e+003 +1.5948599e-013
+1.3220000e+003 +1.6660839e-013
+1.3240000e+003 +1.4541305e-013
+1.3260000e+003 +1.0749902e-013
+1.3280000e+003 +8.4436249e-014
+1.3300000e+003 +9.0570231e-014
+1.3320000e+003 +9.1510634e-014
+1.3340000e+003 +8.3351552e-014
+1.3360000e+003 +8.6303896e-014
+1.3380000e+003 +9.7082857e-014
+1.3400000e+003 +1.0643871e-013
+1.3420000e+003 +1.1084153e-013
+1.3440000e+003 +1.1961732e-013
+1.3460000e+003 +1.1608484e-013
+1.3480000e+003 +1.1158075e-013
+1.3500000e+003 +1.0265705e-013
+1.3520000e+003 +8.5596691e-014
+1.3540000e+003 +7.2922998e-014
+1.3560000e+003 +7.4531398e-014
+1.3580000e+003 +9.4062047e-014
+1.3600000e+003 +1.0173404e-013
+1.3620000e+003 +8.9768321e-014
+1.3640000e+003 +9.1909580e-014
+1.3660000e+003 +1.0756702e-013
+1.3680000e+003 +1.1897838e-013
+1.3700000e+003 +1.2891711e-013
+1.3720000e+003 +1.3145332e-013
+1.3740000e+003 +1.2805712e-013
+1.3760000e+003 +1.6421222e-013
+1.3780000e+003 +2.1883390e-013
+1.3800000e+003 +2.3188035e-013
+1.3820000e+003 +2.3396974e-013
+1.3840000e+003 +1.8322361e-013
+1.3860000e+003 +1.4105526e-013
+1.3880000e+003 +1.0733367e-013
+1.3900000e+003 +7.8849179e-014
+1.3920000e+003 +7.1336613e-014
+1.3940000e+003 +7.9996400e-014
+1.3960000e+003 +9.0151749e-014
+1.3980000e+003 +1.0465756e-013
+1.4000000e+003 +1.0463964e-013
+1.4020000e+003 +8.5868914e-014
+1.4040000e+003 +7.7955308e-014
+1.4060000e+003 +8.0014845e-014
+1.4080000e+003 +7.4041691e-014
+1.4100000e+003 +8.2509852e-014
+1.4120000e+003 +1.0333057e-013
+1.4140000e+003 +1.1564823e-013
+1.4160000e+003 +1.1819716e-013
+1.4180000e+003 +1.0727641e-013
+1.4200000e+003 +9.7050250e-014
+1.4220000e+003 +8.9383572e-014
+1.4240000e+003 +1.1228200e-013
+1.4260000e+003 +1.3877739e-013
+1.4280000e+003 +1.4075636e-013
+1.4300000e+003 +1.4293859e-013
+1.4320000e+003 +1.5326867e-013
+1.4340000e+003 +1.5060563e-013
+1.4360000e+003 +1.5079194e-013
+1.4380000e+003 +1.5809993e-013
+1.4400000e+003 +1.5470680e-013
+1.4420000e+003 +1.7564067e-013
+1.4440000e+003 +1.7080330e-013
+1.4460000e+003 +1.5207218e-013
+1.4480000e+003 +1.6113134e-013
+1.4500000e+003 +1.6723481e-013
+1.4520000e+003 +1.5784428e-013
+1.4540000e+003 +1.2513140e-013
+1.4560000e+003 +9.9476112e-014
+1.4580000e+003 +1.0013668e-013
+1.4600000e+003 +1.1267125e-013
+1.4620000e+003 +1.3590396e-013
+1.4640000e+003 +1.6144124e-013
+1.4660000e+003 +1.7885870e-013
+1.4680000e+003 +1.6856320e-013
+1.4700000e+003 +1.2706526e-013
+1.4720000e+003 +1.1008279e-013
+1.4740000e+003 +1.0916611e-013
+1.4760000e+003 +8.9094137e-014
+1.4780000e+003 +9.1654427e-014
+1.4800000e+003 +1.2305989e-013
+1.4820000e+003 +1.5143769e-013
+1.4840000e+003 +1.6727998e-013
+1.4860000e+003 +1.5279721e-013
+1.4880000e+003 +1.3459333e-013
+1.4900000e+003 +1.3497218e-013
+1.4920000e+003 +1.3755742e-013
+1.4940000e+003 +1.2739100e-013
+1.4960000e+003 +1.4221972e-013
+1.4980000e+003 +1.7814766e-013
+1.5000000e+003 +2.0076043e-013
+1.5020000e+003 +2.1031824e-013
+1.5040000e+003 +1.8259461e-013
+1.5060000e+003 +1.4106981e-013
+1.5080000e+003 +1.1011470e-013
+1.5100000e+003 +1.0316914e-013
+1.5120000e+003 +1.0486599e-013
+1.5140000e+003 +1.1868378e-013
+1.5160000e+003 +1.3555822e-013
+1.5180000e+003 +1.3499085e-013
+1.5200000e+003 +1.2647510e-013
+1.5220000e+003 +1.0647121e-013
+1.5240000e+003 +9.1417840e-014
+1.5260000e+003 +9.8498399e-014
+1.5280000e+003 +1.0576955e-013
+1.5300000e+003 +1.0124197e-013
+1.5320000e+003 +1.0058913e-013
+1.5340000e+003 +1.3145823e-013
+1.5360000e+003 +1.7524232e-013
+1.5380000e+003 +2.1810039e-013
+1.5400000e+003 +1.8747547e-013
+1.5420000e+003 +1.4486105e-013
+1.5440000e+003 +1.4711821e-013
+1.5460000e+003 +1.4070011e-013
+1.5480000e+003 +1.2222180e-013
+1.5500000e+003 +1.0335485e-013
+1.5520000e+003 +9.2416953e-014
+1.5540000e+003 +9.8943457e-014
+1.5560000e+003 +1.1892718e-013
+1.5580000e+003 +1.4637126e-013
+1.5600000e+003 +1.5924802e-013
+1.5620000e+003 +1.6507086e-013
+1.5640000e+003 +1.6810373e-013
+1.5660000e+003 +1.5179192e-013
+1.5680000e+003 +1.2957640e-013
+1.5700000e+003 +1.0073171e-013
+1.5720000e+003 +9.5865380e-014
+1.5740000e+003 +1.0276802e-013
+1.5760000e+003 +1.0462011e-013
+1.5780000e+003 +1.1831740e-013
+1.5800000e+003 +1.2423119e-013
+1.5820000e+003 +1.2912506e-013
+1.5840000e+003 +1.2970679e-013
+1.5860000e+003 +1.2302422e-013
+1.5880000e+003 +1.5198971e-013
+1.5900000e+003 +1.5729999e-013
+1.5920000e+003 +1.3532564e-013
+1.5940000e+003 +1.2072060e-013
+1.5960000e+003 +1.0943901e-013
+1.5980000e+003 +1.1313339e-013
+1.6000000e+003 +1.0262617e-013
#Display #2 length= 801
+0.0000000e+000 -1.7999992e+002
+2.0000000e+000 -1.7998708e+002
+4.0000000e+000 -1.7993295e+002
+6.0000000e+000 -1.7980893e+002
+8.0000000e+000 -1.7892546e+002
+1.0000000e+001 +2.5552811e+001
+1.2000000e+001 +5.8182255e+001
+1.4000000e+001 +6.7181923e+001
+1.6000000e+001 +9.6813736e+001
+1.8000000e+001 +1.3310098e+002
+2.0000000e+001 +1.1320820e+002
+2.2000000e+001 -1.8033240e+000
+2.4000000e+001 -5.4976604e+001
+2.6000000e+001 -3.7126972e+001
+2.8000000e+001 -9.9055319e+000
+3.0000000e+001 +2.4341352e+001
+3.2000000e+001 +5.1673599e+001
+3.4000000e+001 -1.0173875e+001
+3.6000000e+001 -5.1631401e+001
+3.8000000e+001 +5.5006814e+000
+4.0000000e+001 +2.9686213e+001
+4.2000000e+001 +9.7004299e+000
+4.4000000e+001 -3.4545799e+001
+4.6000000e+001 -4.0517246e+001
+4.8000000e+001 -5.5704586e+001
+5.0000000e+001 +1.1075452e+002
+5.2000000e+001 +6.9648804e+001
+5.4000000e+001 -5.9581512e+001
+5.6000000e+001 -1.0495504e+002
+5.8000000e+001 -1.0946952e+002
+6.0000000e+001 -1.0838598e+002
+6.2000000e+001 -1.0670356e+002
+6.4000000e+001 -1.0532722e+002
+6.6000000e+001 -9.6056808e+001
+6.8000000e+001 -8.8499245e+001
+7.0000000e+001 -8.4068359e+001
+7.2000000e+001 -9.6373772e+001
+7.4000000e+001 -9.5296799e+001
+7.6000000e+001 -8.7436813e+001
+7.8000000e+001 -8.0597031e+001
+8.0000000e+001 -8.2123436e+001
+8.2000000e+001 -7.7408066e+001
+8.4000000e+001 -6.6155273e+001
+8.6000000e+001 -6.7162086e+001
+8.8000000e+001 -1.2403929e+002
+9.0000000e+001 -1.7019296e+002
+9.2000000e+001 +1.6119099e+002
+9.4000000e+001 +1.5547278e+002
+9.6000000e+001 +1.7129240e+002
+9.8000000e+001 -1.6084248e+002
+1.0000000e+002 -1.5442200e+002
+1.0200000e+002 -1.5447781e+002
+1.0400000e+002 -1.5261197e+002
+1.0600000e+002 -1.3880826e+002
+1.0800000e+002 -1.0056855e+002
+1.1000000e+002 -6.6909447e+001
+1.1200000e+002 -5.5892063e+001
+1.1400000e+002 -2.8790274e+001
+1.1600000e+002 -1.0254147e+002
+1.1800000e+002 -1.1541888e+002
+1.2000000e+002 -1.3229631e+002
+1.2200000e+002 -1.3341092e+002
+1.2400000e+002 -1.2564052e+002
+1.2600000e+002 -1.3025128e+002
+1.2800000e+002 -1.2386285e+002
+1.3000000e+002 -1.1879839e+002
+1.3200000e+002 -1.1123509e+002
+1.3400000e+002 -1.0525517e+002
+1.3600000e+002 -1.1645852e+002
+1.3800000e+002 -1.2738381e+002
+1.4000000e+002 -1.2420250e+002
+1.4200000e+002 -1.2525405e+002
+1.4400000e+002 -1.5953484e+002
+1.4600000e+002 +1.2068134e+002
+1.4800000e+002 +9.3706116e+001
+1.5000000e+002 +8.4074417e+001
+1.5200000e+002 +9.7405380e+001
+1.5400000e+002 +1.0932097e+002
+1.5600000e+002 +1.0579113e+002
+1.5800000e+002 +1.0462453e+002
+1.6000000e+002 +1.3652107e+002
+1.6200000e+002 +1.4088806e+002
+1.6400000e+002 +1.1617751e+002
+1.6600000e+002 +8.2605034e+001
+1.6800000e+002 +6.5930550e+001
+1.7000000e+002 +1.1196013e+001
+1.7200000e+002 +8.8376854e+001
+1.7400000e+002 +1.4207446e+002
+1.7600000e+002 +1.3739384e+002
+1.7800000e+002 +1.3656151e+002
+1.8000000e+002 +1.3659602e+002
+1.8200000e+002 +1.3549086e+002
+1.8400000e+002 +1.3572061e+002
+1.8600000e+002 +1.1969436e+002
+1.8800000e+002 +5.5399052e+001
+1.9000000e+002 +5.0905983e+001
+1.9200000e+002 +5.6341614e+001
+1.9400000e+002 +4.6844669e+001
+1.9600000e+002 +2.0875458e+001
+1.9800000e+002 +2.7075554e+001
+2.0000000e+002 +2.2372255e+001
+2.0200000e+002 +7.8887043e+000
+2.0400000e+002 -4.2074532e+001
+2.0600000e+002 +1.6377795e+002
+2.0800000e+002 +1.4078979e+002
+2.1000000e+002 +1.0955341e+002
+2.1200000e+002 +6.5066383e+001
+2.1400000e+002 -4.6183052e+000
+2.1600000e+002 -6.6262390e+001
+2.1800000e+002 -9.6180138e+001
+2.2000000e+002 -9.2463829e+001
+2.2200000e+002 -7.9937180e+001
+2.2400000e+002 -1.4428946e+002
+2.2600000e+002 +1.4547009e+002
+2.2800000e+002 +1.1321973e+002
+2.3000000e+002 +8.6225174e+001
+2.3200000e+002 +7.6850525e+001
+2.3400000e+002 +7.3870499e+001
+2.3600000e+002 +1.6105118e+002
+2.3800000e+002 +1.7612247e+002
+2.4000000e+002 +1.7734969e+002
+2.4200000e+002 +1.7794487e+002
+2.4400000e+002 +1.7406023e+002
+2.4600000e+002 +1.6388184e+002
+2.4800000e+002 +1.7530087e+002
+2.5000000e+002 +1.5463579e+002
+2.5200000e+002 +1.6053673e+002
+2.5400000e+002 +1.7463419e+002
+2.5600000e+002 -1.7890234e+002
+2.5800000e+002 +1.7458635e+002
+2.6000000e+002 +1.4456241e+002
+2.6200000e+002 +5.1285213e+001
+2.6400000e+002 -8.6484241e+000
+2.6600000e+002 -4.0559948e+001
+2.6800000e+002 -9.0803078e+001
+2.7000000e+002 -1.0636381e+002
+2.7200000e+002 -1.1004910e+002
+2.7400000e+002 -1.0344476e+002
+2.7600000e+002 -1.2682799e+002
+2.7800000e+002 +1.6048570e+002
+2.8000000e+002 +1.5821875e+002
+2.8200000e+002 +1.7233978e+002
+2.8400000e+002 +1.7892433e+002
+2.8600000e+002 +1.7843054e+002
+2.8800000e+002 -1.6569031e+002
+2.9000000e+002 -1.3827240e+002
+2.9200000e+002 -9.0779846e+001
+2.9400000e+002 -7.6767738e+001
+2.9600000e+002 -1.2509386e+002
+2.9800000e+002 -1.2730020e+002
+3.0000000e+002 -1.2629375e+002
+3.0200000e+002 -1.2463737e+002
+3.0400000e+002 -1.2356523e+002
+3.0600000e+002 -1.1142345e+002
+3.0800000e+002 -7.0660393e+001
+3.1000000e+002 -6.3425339e+001
+3.1200000e+002 -6.0054245e+001
+3.1400000e+002 -4.7125481e+001
+3.1600000e+002 +1.0301329e+002
+3.1800000e+002 +1.1659863e+002
+3.2000000e+002 +1.1552937e+002
+3.2200000e+002 +1.1501129e+002
+3.2400000e+002 -9.6971222e+001
+3.2600000e+002 -8.4372208e+001
+3.2800000e+002 -9.7657188e+001
+3.3000000e+002 -8.0740021e+001
+3.3200000e+002 -7.1971636e+000
+3.3400000e+002 +3.0380205e+001
+3.3600000e+002 +5.3017616e+001
+3.3800000e+002 +7.3773994e+001
+3.4000000e+002 +8.5999405e+001
+3.4200000e+002 -1.5719791e+002
+3.4400000e+002 -1.6919742e+002
+3.4600000e+002 -1.1038138e+002
+3.4800000e+002 -1.0309049e+002
+3.5000000e+002 -1.4334253e+002
+3.5200000e+002 -1.6964746e+002
+3.5400000e+002 -1.6527908e+002
+3.5600000e+002 -1.4980621e+002
+3.5800000e+002 -1.4817320e+002
+3.6000000e+002 -1.4846172e+002
+3.6200000e+002 -1.4802843e+002
+3.6400000e+002 -1.7065837e+002
+3.6600000e+002 +7.4240135e+001
+3.6800000e+002 +7.8041168e+001
+3.7000000e+002 +8.0083588e+001
+3.7200000e+002 +4.9018322e+001
+3.7400000e+002 +5.6346115e+001
+3.7600000e+002 +8.0491707e+001
+3.7800000e+002 +9.1876488e+001
+3.8000000e+002 +3.7564182e+001
+3.8200000e+002 +2.0218681e+001
+3.8400000e+002 +5.8214531e+001
+3.8600000e+002 +1.4361476e+002
+3.8800000e+002 +1.2300647e+002
+3.9000000e+002 +1.1307652e+002
+3.9200000e+002 +1.1232001e+002
+3.9400000e+002 +1.1405201e+002
+3.9600000e+002 +1.6157343e+002
+3.9800000e+002 -1.0966381e+002
+4.0000000e+002 -1.2948187e+002
+4.0200000e+002 -1.5348236e+002
+4.0400000e+002 -1.7350938e+002
+4.0600000e+002 +1.7157668e+002
+4.0800000e+002 +1.0034266e+002
+4.1000000e+002 -4.2822948e+000
+4.1200000e+002 -1.2581642e+001
+4.1400000e+002 -3.5789322e+001
+4.1600000e+002 -8.0344330e+001
+4.1800000e+002 -7.3075089e+001
+4.2000000e+002 -7.8472710e+001
+4.2200000e+002 -9.7016777e+001
+4.2400000e+002 -1.3169209e+002
+4.2600000e+002 +7.8560432e+001
+4.2800000e+002 +3.5380852e+001
+4.3000000e+002 +3.2046082e+001
+4.3200000e+002 +3.4432693e+001
+4.3400000e+002 +1.0537292e+002
+4.3600000e+002 -1.6055241e+002
+4.3800000e+002 -1.1743577e+002
+4.4000000e+002 +5.3085400e+001
+4.4200000e+002 +3.4876530e+001
+4.4400000e+002 +2.3822433e+001
+4.4600000e+002 -1.2242179e+002
+4.4800000e+002 -1.3436899e+002
+4.5000000e+002 -1.1854494e+002
+4.5200000e+002 -1.0050983e+002
+4.5400000e+002 -8.5489265e+001
+4.5600000e+002 -7.1623177e+001
+4.5800000e+002 -6.5549408e+001
+4.6000000e+002 -6.3894886e+001
+4.6200000e+002 -5.9400608e+001
+4.6400000e+002 -1.9013609e+001
+4.6600000e+002 +8.1075363e+000
+4.6800000e+002 -1.5973965e+002
+4.7000000e+002 -1.7185400e+002
+4.7200000e+002 +1.2440054e+002
+4.7400000e+002 +7.5572266e+001
+4.7600000e+002 +3.3079144e+001
+4.7800000e+002 -1.8075459e+001
+4.8000000e+002 -1.9322010e+001
+4.8200000e+002 -1.4776777e+001
+4.8400000e+002 -3.2076920e+001
+4.8600000e+002 -1.0398322e+001
+4.8800000e+002 +8.2853523e+001
+4.9000000e+002 +5.4488480e+001
+4.9200000e+002 +6.1994114e+001
+4.9400000e+002 +8.2135345e+001
+4.9600000e+002 +6.7256721e+001
+4.9800000e+002 +3.5997948e+001
+5.0000000e+002 -3.9822701e+001
+5.0200000e+002 -8.6388863e+001
+5.0400000e+002 -1.2577399e+002
+5.0600000e+002 -1.0812042e+002
+5.0800000e+002 -8.9475258e+001
+5.1000000e+002 -9.1494545e+001
+5.1200000e+002 -1.0635091e+002
+5.1400000e+002 -1.3236887e+002
+5.1600000e+002 -1.4635863e+002
+5.1800000e+002 -1.1702332e+002
+5.2000000e+002 +2.9367254e+001
+5.2200000e+002 +6.2420017e+001
+5.2400000e+002 +7.2317070e+001
+5.2600000e+002 +9.0154915e+001
+5.2800000e+002 +1.2396761e+002
+5.3000000e+002 +1.4983528e+002
+5.3200000e+002 +1.4615414e+002
+5.3400000e+002 +1.6345041e+002
+5.3600000e+002 -2.5632164e+001
+5.3800000e+002 -9.5772362e+000
+5.4000000e+002 -2.4034019e+000
+5.4200000e+002 +2.4755750e+000
+5.4400000e+002 +7.2835903e+000
+5.4600000e+002 +6.9805512e+000
+5.4800000e+002 -5.1928398e+001
+5.5000000e+002 -5.1142151e+001
+5.5200000e+002 -2.6958065e+001
+5.5400000e+002 +9.6107179e-001
+5.5600000e+002 +1.1441183e+002
+5.5800000e+002 +1.3593155e+002
+5.6000000e+002 +1.3592459e+002
+5.6200000e+002 +1.0253757e+002
+5.6400000e+002 +1.0941322e+002
+5.6600000e+002 +1.2265285e+002
+5.6800000e+002 +1.2778597e+002
+5.7000000e+002 +1.1258830e+002
+5.7200000e+002 +9.3993233e+001
+5.7400000e+002 +7.0067543e+001
+5.7600000e+002 +6.6561218e+001
+5.7800000e+002 +8.3442177e+001
+5.8000000e+002 -3.4898293e+001
+5.8200000e+002 -4.4500408e+001
+5.8400000e+002 -1.9779625e+001
+5.8600000e+002 +2.9546047e+001
+5.8800000e+002 +6.0530979e+001
+5.9000000e+002 +6.2922050e+001
+5.9200000e+002 +7.2686104e+001
+5.9400000e+002 -1.2557962e+002
+5.9600000e+002 -1.1098061e+002
+5.9800000e+002 -1.0686813e+002
+6.0000000e+002 -2.6410921e+001
+6.0200000e+002 -1.0831580e+002
+6.0400000e+002 -1.2201718e+002
+6.0600000e+002 -1.2836787e+002
+6.0800000e+002 +1.6575629e+002
+6.1000000e+002 +1.3764220e+002
+6.1200000e+002 +1.5629778e+002
+6.1400000e+002 -1.6955875e+002
+6.1600000e+002 +1.7598929e+002
+6.1800000e+002 +1.1910837e+002
+6.2000000e+002 +1.3225719e+002
+6.2200000e+002 +1.4085831e+002
+6.2400000e+002 +1.1152498e+002
+6.2600000e+002 +6.1084442e+001
+6.2800000e+002 +5.6508968e+001
+6.3000000e+002 +6.1104698e+001
+6.3200000e+002 +8.3264832e+001
+6.3400000e+002 +1.1506173e+002
+6.3600000e+002 -1.5562651e+002
+6.3800000e+002 -1.5212802e+002
+6.4000000e+002 -1.4153543e+002
+6.4200000e+002 -1.2900552e+002
+6.4400000e+002 -1.4002708e+002
+6.4600000e+002 -1.3609293e+002
+6.4800000e+002 -1.4138295e+002
+6.5000000e+002 -1.5674249e+002
+6.5200000e+002 -1.5417606e+002
+6.5400000e+002 +1.7746158e+002
+6.5600000e+002 +6.9184769e+001
+6.5800000e+002 +2.4010986e+001
+6.6000000e+002 +1.2398318e+001
+6.6200000e+002 +1.0221794e+001
+6.6400000e+002 +1.1714218e+001
+6.6600000e+002 +1.2555759e+001
+6.6800000e+002 -3.4107384e+001
+6.7000000e+002 -1.2949907e+002
+6.7200000e+002 +7.8709015e+001
+6.7400000e+002 +9.3723846e+001
+6.7600000e+002 +1.0189088e+002
+6.7800000e+002 +9.7831284e+001
+6.8000000e+002 +9.5641068e+001
+6.8200000e+002 -1.2305421e+002
+6.8400000e+002 -1.3321306e+002
+6.8600000e+002 -1.2615072e+002
+6.8800000e+002 -1.2656986e+002
+6.9000000e+002 -1.3951530e+002
+6.9200000e+002 -1.5925307e+002
+6.9400000e+002 +1.7043120e+002
+6.9600000e+002 +1.2885144e+002
+6.9800000e+002 +7.2955879e+001
+7.0000000e+002 +5.9365971e+001
+7.0200000e+002 +4.9345375e+001
+7.0400000e+002 +3.3291573e+001
+7.0600000e+002 +6.8848160e+001
+7.0800000e+002 +1.0754371e+002
+7.1000000e+002 +1.6170747e+002
+7.1200000e+002 +1.5338132e+002
+7.1400000e+002 +1.2656374e+002
+7.1600000e+002 +1.1011417e+002
+7.1800000e+002 +9.3116653e+001
+7.2000000e+002 +7.6196342e+001
+7.2200000e+002 +9.5335526e+001
+7.2400000e+002 +1.0446285e+002
+7.2600000e+002 +6.2157948e+001
+7.2800000e+002 +3.0481104e+001
+7.3000000e+002 +1.8199917e+001
+7.3200000e+002 -6.9149671e+000
+7.3400000e+002 -1.6653767e+001
+7.3600000e+002 -2.4944879e-001
+7.3800000e+002 -3.2874217e+000
+7.4000000e+002 -1.5042518e+001
+7.4200000e+002 -1.4159364e+001
+7.4400000e+002 +1.0430178e+001
+7.4600000e+002 +4.2521927e+001
+7.4800000e+002 +5.8903984e+001
+7.5000000e+002 +2.1883490e+001
+7.5200000e+002 -9.0345909e+001
+7.5400000e+002 +1.3701285e+002
+7.5600000e+002 +9.8107788e+001
+7.5800000e+002 +7.5816391e+001
+7.6000000e+002 +7.1148506e+001
+7.6200000e+002 +1.5442871e+002
+7.6400000e+002 -1.4611853e+002
+7.6600000e+002 -1.3265309e+002
+7.6800000e+002 -3.3442037e+000
+7.7000000e+002 +2.4560223e+001
+7.7200000e+002 +3.9383598e+001
+7.7400000e+002 +7.1217346e+001
+7.7600000e+002 +1.0036362e+002
+7.7800000e+002 +1.0973400e+002
+7.8000000e+002 +1.2640200e+002
+7.8200000e+002 +1.2989293e+002
+7.8400000e+002 +2.5437916e+001
+7.8600000e+002 -4.6523361e+001
+7.8800000e+002 -6.0375885e+001
+7.9000000e+002 -1.1681547e+001
+7.9200000e+002 +5.7755093e+001
+7.9400000e+002 +1.4500215e+002
+7.9600000e+002 +1.4066010e+002
+7.9800000e+002 +1.3091730e+002
+8.0000000e+002 +1.2830161e+002
+8.0200000e+002 +1.2362402e+002
+8.0400000e+002 +1.1993002e+002
+8.0600000e+002 +1.2086658e+002
+8.0800000e+002 +1.2407413e+002
+8.1000000e+002 +1.2080133e+002
+8.1200000e+002 +1.2825922e+002
+8.1400000e+002 +1.4126474e+002
+8.1600000e+002 +1.1007019e+002
+8.1800000e+002 +1.3050795e+002
+8.2000000e+002 +1.0719532e+001
+8.2200000e+002 +2.3171057e+001
+8.2400000e+002 -1.7378503e+002
+8.2600000e+002 -1.7089325e+002
+8.2800000e+002 -1.6179831e+002
+8.3000000e+002 -1.4526456e+002
+8.3200000e+002 -1.3975485e+002
+8.3400000e+002 -1.4984654e+002
+8.3600000e+002 +1.6805403e+002
+8.3800000e+002 +1.5053801e+002
+8.4000000e+002 +1.5714490e+002
+8.4200000e+002 +1.6277187e+002
+8.4400000e+002 +1.7170412e+002
+8.4600000e+002 -1.6427003e+002
+8.4800000e+002 -1.3055194e+002
+8.5000000e+002 -1.0367465e+002
+8.5200000e+002 -8.5014885e+001
+8.5400000e+002 -7.8161583e+001
+8.5600000e+002 -5.7083939e+001
+8.5800000e+002 -3.6114124e+001
+8.6000000e+002 -1.5204535e+001
+8.6200000e+002 +1.7099127e+001
+8.6400000e+002 +5.9498306e+001
+8.6600000e+002 +8.8844048e+001
+8.6800000e+002 +9.8853271e+001
+8.7000000e+002 +1.2772454e+002
+8.7200000e+002 +1.3877219e+002
+8.7400000e+002 +1.2788986e+002
+8.7600000e+002 +8.3331161e+001
+8.7800000e+002 +8.4170639e+001
+8.8000000e+002 -1.7712852e+002
+8.8200000e+002 -1.3490282e+002
+8.8400000e+002 -1.2454333e+002
+8.8600000e+002 -1.3455469e+002
+8.8800000e+002 -1.5295653e+002
+8.9000000e+002 -1.6565665e+002
+8.9200000e+002 -1.7035272e+002
+8.9400000e+002 +1.7710794e+002
+8.9600000e+002 +1.6281593e+002
+8.9800000e+002 +1.5065782e+002
+9.0000000e+002 +1.4197206e+002
+9.0200000e+002 +1.1344092e+002
+9.0400000e+002 +5.7813293e+001
+9.0600000e+002 -1.0074262e+001
+9.0800000e+002 -2.2056057e+001
+9.1000000e+002 +2.8601078e+001
+9.1200000e+002 +1.2143880e+002
+9.1400000e+002 +1.1035760e+002
+9.1600000e+002 +2.9952785e+001
+9.1800000e+002 +6.9033249e+001
+9.2000000e+002 +1.0483088e+002
+9.2200000e+002 +1.0887436e+002
+9.2400000e+002 +1.0671347e+002
+9.2600000e+002 +1.1763745e+002
+9.2800000e+002 -9.9582710e+001
+9.3000000e+002 -1.2374757e+001
+9.3200000e+002 +3.7492558e+001
+9.3400000e+002 +1.8302359e+001
+9.3600000e+002 -2.7187815e+000
+9.3800000e+002 -4.6928849e+000
+9.4000000e+002 -2.4166468e+001
+9.4200000e+002 -1.8283539e+001
+9.4400000e+002 -1.4279227e+001
+9.4600000e+002 -1.4762990e+002
+9.4800000e+002 -1.4559390e+002
+9.5000000e+002 -1.3210631e+002
+9.5200000e+002 -9.2770897e+001
+9.5400000e+002 -7.0543816e+001
+9.5600000e+002 -6.9010765e+001
+9.5800000e+002 -1.0137863e+002
+9.6000000e+002 -1.2279178e+002
+9.6200000e+002 -1.4412482e+002
+9.6400000e+002 -1.6212556e+002
+9.6600000e+002 +1.5961470e+002
+9.6800000e+002 +1.1667390e+002
+9.7000000e+002 +1.0026079e+002
+9.7200000e+002 -5.4832550e+001
+9.7400000e+002 -6.5387505e+001
+9.7600000e+002 -9.2669205e+001
+9.7800000e+002 +1.6486285e+002
+9.8000000e+002 +1.3430609e+002
+9.8200000e+002 +1.3177306e+002
+9.8400000e+002 +1.5310823e+002
+9.8600000e+002 -1.7761432e+002
+9.8800000e+002 +5.4568199e+001
+9.9000000e+002 -7.5730721e+001
+9.9200000e+002 -1.0558574e+002
+9.9400000e+002 -8.1700005e+001
+9.9600000e+002 -2.3272013e+001
+9.9800000e+002 -3.1772591e+001
+1.0000000e+003 -6.7098404e+001
+1.0020000e+003 -5.9132057e+001
+1.0040000e+003 +2.7496893e+001
+1.0060000e+003 +4.7773067e+001
+1.0080000e+003 +4.7351105e+001
+1.0100000e+003 +1.0042298e+001
+1.0120000e+003 -5.5102348e+001
+1.0140000e+003 -6.4250908e+001
+1.0160000e+003 -9.8382423e+001
+1.0180000e+003 +1.7675357e+002
+1.0200000e+003 +1.2780265e+002
+1.0220000e+003 +1.0860335e+002
+1.0240000e+003 +9.1930000e+001
+1.0260000e+003 +8.4109932e+001
+1.0280000e+003 +9.1420692e+001
+1.0300000e+003 +1.1001878e+002
+1.0320000e+003 +8.5597603e+001
+1.0340000e+003 +1.0108539e+002
+1.0360000e+003 +1.2218060e+002
+1.0380000e+003 +1.2945937e+002
+1.0400000e+003 +1.3783519e+002
+1.0420000e+003 +8.3555450e+001
+1.0440000e+003 +5.1157060e+000
+1.0460000e+003 -3.3538433e+001
+1.0480000e+003 -7.4358253e+001
+1.0500000e+003 -1.0422746e+002
+1.0520000e+003 -1.1629852e+002
+1.0540000e+003 -9.0206627e+001
+1.0560000e+003 -4.8421005e+001
+1.0580000e+003 -1.2865780e+001
+1.0600000e+003 +1.1842804e+002
+1.0620000e+003 +1.4756807e+002
+1.0640000e+003 +1.6140010e+002
+1.0660000e+003 -1.7121835e+002
+1.0680000e+003 +1.0411400e+002
+1.0700000e+003 +1.0248717e+002
+1.0720000e+003 +2.4298830e+001
+1.0740000e+003 -4.7016766e+001
+1.0760000e+003 -5.0049641e+001
+1.0780000e+003 -2.6693502e+001
+1.0800000e+003 +5.1182980e+001
+1.0820000e+003 +9.2949165e+001
+1.0840000e+003 +3.0645981e+001
+1.0860000e+003 -1.0339355e+001
+1.0880000e+003 -2.1863672e+001
+1.0900000e+003 -4.1782078e+001
+1.0920000e+003 -6.1081974e+001
+1.0940000e+003 -6.0632725e+001
+1.0960000e+003 -6.0158104e+001
+1.0980000e+003 -6.0022984e+001
+1.1000000e+003 -1.3710031e+002
+1.1020000e+003 -1.7120930e+002
+1.1040000e+003 -1.6906230e+002
+1.1060000e+003 -1.4056558e+002
+1.1080000e+003 -2.0616306e+001
+1.1100000e+003 +3.6952599e+001
+1.1120000e+003 +1.0557646e+002
+1.1140000e+003 +1.1217081e+002
+1.1160000e+003 +1.0682934e+002
+1.1180000e+003 +1.1184035e+002
+1.1200000e+003 -1.6460551e+002
+1.1220000e+003 -1.2412667e+002
+1.1240000e+003 -1.2119836e+002
+1.1260000e+003 -1.1766364e+002
+1.1280000e+003 -1.1706344e+002
+1.1300000e+003 -1.5590022e+002
+1.1320000e+003 -1.4305302e+002
+1.1340000e+003 -4.5599174e+001
+1.1360000e+003 -4.8716114e+001
+1.1380000e+003 +1.7165762e+002
+1.1400000e+003 -1.7672609e+002
+1.1420000e+003 -1.6161951e+002
+1.1440000e+003 -1.5295505e+002
+1.1460000e+003 +2.7571089e+001
+1.1480000e+003 +4.8850048e+001
+1.1500000e+003 +4.8994522e+001
+1.1520000e+003 +3.5998711e+001
+1.1540000e+003 -8.9384911e+001
+1.1560000e+003 -1.1327052e+002
+1.1580000e+003 -1.3656314e+002
+1.1600000e+003 -1.1389048e+002
+1.1620000e+003 -9.7585800e+001
+1.1640000e+003 -8.2376854e+001
+1.1660000e+003 -6.3388905e+001
+1.1680000e+003 -3.6063553e+001
+1.1700000e+003 +1.5695286e+001
+1.1720000e+003 +1.6778418e+002
+1.1740000e+003 -1.1902901e+002
+1.1760000e+003 -3.9944561e+001
+1.1780000e+003 -1.0033303e+001
+1.1800000e+003 +9.7315083e+000
+1.1820000e+003 +4.1752388e+001
+1.1840000e+003 +3.3436142e+001
+1.1860000e+003 -6.1403431e+001
+1.1880000e+003 -6.3472958e+001
+1.1900000e+003 -6.0932320e+001
+1.1920000e+003 -6.4157494e+001
+1.1940000e+003 -3.0082901e+001
+1.1960000e+003 -1.3164876e+002
+1.1980000e+003 -1.5480333e+002
+1.2000000e+003 -1.5979463e+002
+1.2020000e+003 -1.7542505e+002
+1.2040000e+003 -1.6561459e+002
+1.2060000e+003 -9.8798813e+001
+1.2080000e+003 -6.8448402e+001
+1.2100000e+003 -7.1889740e+001
+1.2120000e+003 -5.4375458e+001
+1.2140000e+003 -3.7133530e+001
+1.2160000e+003 -1.3807838e+001
+1.2180000e+003 +1.5649836e+001
+1.2200000e+003 +3.0829771e+001
+1.2220000e+003 +1.0613580e+002
+1.2240000e+003 +1.5996646e+002
+1.2260000e+003 +1.6722697e+002
+1.2280000e+003 -1.6725093e+002
+1.2300000e+003 -1.4626804e+002
+1.2320000e+003 -1.5035983e+002
+1.2340000e+003 -1.4941911e+002
+1.2360000e+003 -1.1929120e+002
+1.2380000e+003 -1.0166176e+002
+1.2400000e+003 -1.5667839e+002
+1.2420000e+003 +1.7988295e+002
+1.2440000e+003 +1.5439793e+002
+1.2460000e+003 +1.4080785e+002
+1.2480000e+003 +1.3256915e+002
+1.2500000e+003 +1.2450163e+002
+1.2520000e+003 +3.0103395e+001
+1.2540000e+003 -9.7285748e+000
+1.2560000e+003 -6.9704051e+000
+1.2580000e+003 -2.5017601e+001
+1.2600000e+003 -4.2269901e+001
+1.2620000e+003 -5.9510792e+001
+1.2640000e+003 -8.8903404e+001
+1.2660000e+003 -1.0408749e+002
+1.2680000e+003 -8.3029434e+001
+1.2700000e+003 -9.8131958e+001
+1.2720000e+003 -6.6250275e+001
+1.2740000e+003 +6.1361919e+001
+1.2760000e+003 +8.4902740e+001
+1.2780000e+003 +6.2567284e+001
+1.2800000e+003 +4.1832493e+001
+1.2820000e+003 +1.7303812e+001
+1.2840000e+003 +4.5772161e+000
+1.2860000e+003 -3.1303217e+000
+1.2880000e+003 -1.6741908e-001
+1.2900000e+003 +1.4482480e+001
+1.2920000e+003 -7.1180874e-001
+1.2940000e+003 -1.1163345e+001
+1.2960000e+003 -1.8408742e+000
+1.2980000e+003 +4.7151241e+001
+1.3000000e+003 +6.8868256e+001
+1.3020000e+003 -8.8870781e+001
+1.3040000e+003 -7.9483437e+001
+1.3060000e+003 -9.6782867e+001
+1.3080000e+003 -1.3079205e+002
+1.3100000e+003 -8.7131889e+001
+1.3120000e+003 -6.9089226e+001
+1.3140000e+003 -7.3054070e+001
+1.3160000e+003 -8.3795273e+001
+1.3180000e+003 -1.0794838e+002
+1.3200000e+003 -1.3783130e+002
+1.3220000e+003 +1.7197803e+002
+1.3240000e+003 +1.4705113e+002
+1.3260000e+003 +1.1793971e+002
+1.3280000e+003 +9.0410683e+001
+1.3300000e+003 +6.4004265e+001
+1.3320000e+003 +3.8631618e+001
+1.3340000e+003 +1.0771228e+001
+1.3360000e+003 +1.0152520e+001
+1.3380000e+003 +6.1343563e+001
+1.3400000e+003 +1.6178976e+002
+1.3420000e+003 -1.2292760e+002
+1.3440000e+003 -1.0025270e+002
+1.3460000e+003 +1.1480466e+002
+1.3480000e+003 +9.3944550e+001
+1.3500000e+003 +8.6824127e+001
+1.3520000e+003 +8.1722122e+001
+1.3540000e+003 -6.7600456e+001
+1.3560000e+003 -1.1521883e+002
+1.3580000e+003 -1.4761914e+002
+1.3600000e+003 -1.6431026e+002
+1.3620000e+003 +1.6243034e+002
+1.3640000e+003 +1.3711766e+002
+1.3660000e+003 +1.3373399e+002
+1.3680000e+003 +1.5892674e+002
+1.3700000e+003 -1.2780928e+002
+1.3720000e+003 -5.1280315e+001
+1.3740000e+003 -4.6023518e+001
+1.3760000e+003 -5.8441071e+001
+1.3780000e+003 -7.8093369e+001
+1.3800000e+003 -8.3485077e+001
+1.3820000e+003 -9.0038872e+001
+1.3840000e+003 -1.1869971e+002
+1.3860000e+003 +1.3771765e+002
+1.3880000e+003 +9.1433739e+001
+1.3900000e+003 +1.1033640e+002
+1.3920000e+003 +1.4554559e+002
+1.3940000e+003 -1.7611732e+002
+1.3960000e+003 -1.6508000e+002
+1.3980000e+003 -1.6960483e+002
+1.4000000e+003 -1.7590300e+002
+1.4020000e+003 +1.1362089e+002
+1.4040000e+003 +1.6151814e+001
+1.4060000e+003 +2.9933798e+001
+1.4080000e+003 +2.4328718e+001
+1.4100000e+003 +1.0378330e+001
+1.4120000e+003 -2.7529192e-001
+1.4140000e+003 +2.6494411e+001
+1.4160000e+003 +7.9530251e+001
+1.4180000e+003 +1.2325141e+002
+1.4200000e+003 +1.0668095e+002
+1.4220000e+003 +7.5096077e+001
+1.4240000e+003 +7.5045944e+001
+1.4260000e+003 +7.8387703e+001
+1.4280000e+003 +7.8016235e+001
+1.4300000e+003 +6.6545738e+001
+1.4320000e+003 -2.9654100e+001
+1.4340000e+003 -3.1201982e+001
+1.4360000e+003 -4.1965036e+000
+1.4380000e+003 +3.4905449e+001
+1.4400000e+003 +7.2091011e+001
+1.4420000e+003 +1.3388419e+002
+1.4440000e+003 +1.2974690e+002
+1.4460000e+003 +1.1667213e+002
+1.4480000e+003 +1.3981303e+002
+1.4500000e+003 +1.7001407e+002
+1.4520000e+003 -1.5317267e+002
+1.4540000e+003 -1.3419301e+002
+1.4560000e+003 -1.2799435e+002
+1.4580000e+003 +1.7015848e+002
+1.4600000e+003 +9.7457542e+001
+1.4620000e+003 +8.5573334e+001
+1.4640000e+003 +6.6083054e+001
+1.4660000e+003 +3.2357243e+001
+1.4680000e+003 -2.7995050e+001
+1.4700000e+003 +2.7580500e+001
+1.4720000e+003 +5.4926479e+001
+1.4740000e+003 +5.5240253e+001
+1.4760000e+003 -6.4463120e+001
+1.4780000e+003 -9.4481087e+001
+1.4800000e+003 -9.4949554e+001
+1.4820000e+003 -8.0950554e+001
+1.4840000e+003 -1.8514538e+001
+1.4860000e+003 -1.0094161e+000
+1.4880000e+003 -1.1458020e+001
+1.4900000e+003 +1.0834214e+002
+1.4920000e+003 +1.1997565e+002
+1.4940000e+003 +1.2831284e+002
+1.4960000e+003 +1.4750026e+002
+1.4980000e+003 +1.5816837e+002
+1.5000000e+003 -2.1768496e+001
+1.5020000e+003 -1.8434626e+001
+1.5040000e+003 -2.1713758e+001
+1.5060000e+003 -4.6531189e+001
+1.5080000e+003 -5.5451099e+001
+1.5100000e+003 -5.5462440e+001
+1.5120000e+003 -5.5070667e+001
+1.5140000e+003 -5.6141380e+001
+1.5160000e+003 -7.3069084e+001
+1.5180000e+003 -1.3979968e+002
+1.5200000e+003 +8.3060036e+001
+1.5220000e+003 -2.7589361e+001
+1.5240000e+003 -2.3556887e+001
+1.5260000e+003 +2.0575378e+000
+1.5280000e+003 -4.3096085e+001
+1.5300000e+003 -1.5230473e+002
+1.5320000e+003 +1.6603944e+002
+1.5340000e+003 +1.3398703e+002
+1.5360000e+003 +1.1607104e+002
+1.5380000e+003 +1.0438819e+002
+1.5400000e+003 +1.0371689e+002
+1.5420000e+003 +9.7834236e+001
+1.5440000e+003 +7.4322433e+001
+1.5460000e+003 +4.8625916e+001
+1.5480000e+003 +4.8947453e+001
+1.5500000e+003 +5.8070148e+001
+1.5520000e+003 +8.2046387e+001
+1.5540000e+003 +7.7572319e+001
+1.5560000e+003 +5.6198410e+001
+1.5580000e+003 +1.2286735e+002
+1.5600000e+003 -1.5176897e+002
+1.5620000e+003 -1.1988351e+002
+1.5640000e+003 +1.5748524e+001
+1.5660000e+003 +2.9888393e+001
+1.5680000e+003 +3.2456741e+001
+1.5700000e+003 +3.2485146e+001
+1.5720000e+003 +4.5483192e+001
+1.5740000e+003 +8.6283188e+001
+1.5760000e+003 +1.3118250e+002
+1.5780000e+003 -1.0829291e+002
+1.5800000e+003 -8.2143417e+001
+1.5820000e+003 +1.2946967e+000
+1.5840000e+003 +4.9111431e+001
+1.5860000e+003 +1.0302247e+002
+1.5880000e+003 +1.5267027e+002
+1.5900000e+003 +1.2260246e+002
+1.5920000e+003 +4.0611229e+001
+1.5940000e+003 -1.5722417e+001
+1.5960000e+003 -5.8684635e+001
+1.5980000e+003 -7.3943512e+001
+1.6000000e+003 -6.6224495e+001
