# Channel 1
+1.00000000000000E+001, +9.934562E-009
+1.25998800000000E+003, +1.032466E-010
+2.50997500000000E+003, +2.322576E-010
+3.75996300000000E+003, +1.018783E-010
+5.00995000000000E+003, +4.211072E-010
+6.25993800000000E+003, +3.456108E-010
+7.50992500000000E+003, +6.461516E-011
+8.75991300000000E+003, +1.022737E-010
+1.00099000000000E+004, +8.530959E-011
+1.12598880000000E+004, +7.499461E-011
+1.25098750000000E+004, +9.465369E-011
+1.37598630000000E+004, +1.150278E-010
+1.50098500000000E+004, +2.754223E-010
+1.62598380000000E+004, +3.171879E-010
+1.75098250000000E+004, +6.615266E-010
+1.87598130000000E+004, +3.403465E-010
+2.00098000000000E+004, +1.328340E-010
+2.12597880000000E+004, +3.285377E-010
+2.25097750000000E+004, +3.406470E-010
+2.37597630000000E+004, +5.344934E-010
+2.50097500000000E+004, +2.028946E-010
+2.62597380000000E+004, +3.726295E-010
+2.75097250000000E+004, +1.528453E-009
+2.87597130000000E+004, +4.678759E-010
+3.00097000000000E+004, +1.458011E-010
+3.12596880000000E+004, +6.675137E-010
+3.25096750000000E+004, +2.915072E-010
+3.37596630000000E+004, +4.385897E-010
+3.50096500000000E+004, +2.174736E-010
+3.62596380000000E+004, +4.753900E-010
+3.75096250000000E+004, +9.416424E-010
+3.87596130000000E+004, +6.900993E-010
+4.00096000000000E+004, +3.043011E-010
+4.12595880000000E+004, +1.944258E-010
+4.25095750000000E+004, +6.745821E-010
+4.37595630000000E+004, +5.723599E-010
+4.50095500000000E+004, +1.851033E-010
+4.62595380000000E+004, +2.364288E-010
+4.75095250000000E+004, +2.226923E-010
+4.87595130000000E+004, +5.038316E-009
+5.00095000000000E+004, +5.823859E-009
+5.12594880000000E+004, +3.087983E-010
+5.25094750000000E+004, +1.295859E-010
+5.37594630000000E+004, +4.733140E-010
+5.50094500000000E+004, +2.223388E-010
+5.62594380000000E+004, +6.869723E-010
+5.75094250000000E+004, +2.886557E-010
+5.87594130000000E+004, +1.349498E-010
+6.00094000000000E+004, +1.096859E-010
+6.12593880000000E+004, +5.004224E-011
+6.25093750000000E+004, +7.042129E-011
+6.37593630000000E+004, +2.069975E-011
+6.50093500000000E+004, +8.065691E-011
+6.62593380000000E+004, +2.239326E-010
+6.75093250000000E+004, +1.371487E-009
+6.87593130000000E+004, +2.577071E-009
+7.00093000000000E+004, +3.200388E-011
+7.12592880000000E+004, +7.819650E-011
+7.25092750000000E+004, +1.045261E-010
+7.37592630000000E+004, +2.316328E-010
+7.50092500000000E+004, +2.895969E-010
+7.62592380000000E+004, +2.872220E-011
+7.75092250000000E+004, +6.025604E-011
+7.87592130000000E+004, +1.197527E-011
+8.00092000000000E+004, +7.870100E-011
+8.12591880000000E+004, +7.305380E-011
+8.25091750000000E+004, +7.934243E-011
+8.37591630000000E+004, +2.910348E-011
+8.50091500000000E+004, +1.129192E-011
+8.62591380000000E+004, +5.236548E-011
+8.75091250000000E+004, +3.574205E-011
+8.87591130000000E+004, +4.071433E-011
+9.00091000000000E+004, +4.716430E-011
+9.12590880000000E+004, +6.127725E-011
+9.25090750000000E+004, +3.478822E-011
+9.37590630000000E+004, +5.631906E-011
+9.50090500000000E+004, +4.763049E-011
+9.62590380000000E+004, +3.894287E-011
+9.75090250000000E+004, +3.494682E-011
+9.87590130000000E+004, +1.957131E-010
+1.00009000000000E+005, +2.694591E-011
+1.01258988000000E+005, +8.375020E-012
+1.02508975000000E+005, +4.162406E-011
+1.03758963000000E+005, +8.780311E-011
+1.05008950000000E+005, +8.140721E-011
+1.06258938000000E+005, +7.657155E-012
+1.07508925000000E+005, +2.003750E-011
+1.08758913000000E+005, +7.393666E-011
+1.10008900000000E+005, +5.342658E-011
+1.11258888000000E+005, +3.010674E-011
+1.12508875000000E+005, +3.268581E-011
+1.13758863000000E+005, +4.391330E-011
+1.15008850000000E+005, +7.657472E-012
+1.16258838000000E+005, +3.920385E-011
+1.17508825000000E+005, +6.076469E-011
+1.18758813000000E+005, +6.693279E-011
+1.20008800000000E+005, +2.859737E-011
+1.21258788000000E+005, +4.442151E-011
+1.22508775000000E+005, +5.100727E-011
+1.23758763000000E+005, +7.968566E-012
+1.25008750000000E+005, +1.614170E-011
+1.26258738000000E+005, +1.852433E-010
+1.27508725000000E+005, +1.790415E-010
+1.28758713000000E+005, +8.099698E-011
+1.30008700000000E+005, +1.408932E-011
+1.31258688000000E+005, +7.955194E-011
+1.32508675000000E+005, +1.353691E-010
+1.33758663000000E+005, +2.043672E-010
+1.35008650000000E+005, +2.382657E-010
+1.36258638000000E+005, +2.050357E-010
+1.37508625000000E+005, +1.576999E-010
+1.38758613000000E+005, +3.629858E-010
+1.40008600000000E+005, +7.833754E-011
+1.41258588000000E+005, +6.950634E-011
+1.42508575000000E+005, +1.206129E-010
+1.43758563000000E+005, +7.903152E-011
+1.45008550000000E+005, +5.962865E-011
+1.46258538000000E+005, +1.847007E-010
+1.47508525000000E+005, +3.647890E-010
+1.48758513000000E+005, +2.143562E-008
+1.50008500000000E+005, +1.970540E-009
+1.51258488000000E+005, +3.204639E-010
+1.52508475000000E+005, +1.023614E-010
+1.53758463000000E+005, +8.306988E-011
+1.55008450000000E+005, +8.593740E-011
+1.56258438000000E+005, +8.913318E-011
+1.57508425000000E+005, +2.290076E-011
+1.58758413000000E+005, +3.330057E-011
+1.60008400000000E+005, +2.656501E-011
+1.61258388000000E+005, +2.344610E-011
+1.62508375000000E+005, +1.137069E-010
+1.63758363000000E+005, +1.397280E-010
+1.65008350000000E+005, +6.269751E-011
+1.66258338000000E+005, +5.663891E-011
+1.67508325000000E+005, +2.424965E-011
+1.68758313000000E+005, +1.785923E-011
+1.70008300000000E+005, +4.522568E-011
+1.71258288000000E+005, +3.922893E-011
+1.72508275000000E+005, +6.812697E-012
+1.73758263000000E+005, +7.207908E-012
+1.75008250000000E+005, +4.136351E-012
+1.76258238000000E+005, +6.040929E-012
+1.77508225000000E+005, +1.789202E-011
+1.78758213000000E+005, +1.650962E-011
+1.80008200000000E+005, +2.346635E-011
+1.81258188000000E+005, +8.822082E-011
+1.82508175000000E+005, +6.836672E-011
+1.83758163000000E+005, +1.001933E-010
+1.85008150000000E+005, +7.685833E-011
+1.86258138000000E+005, +1.020412E-010
+1.87508125000000E+005, +1.338021E-011
+1.88758113000000E+005, +1.413881E-011
+1.90008100000000E+005, +3.894927E-011
+1.91258088000000E+005, +6.955630E-011
+1.92508075000000E+005, +4.186232E-011
+1.93758063000000E+005, +3.917397E-011
+1.95008050000000E+005, +5.153412E-011
+1.96258038000000E+005, +3.912005E-012
+1.97508025000000E+005, +2.418815E-010
+1.98758013000000E+005, +2.658265E-010
+2.00008000000000E+005, +4.126103E-011
+2.01257988000000E+005, +1.833294E-011
+2.02507975000000E+005, +1.933609E-011
+2.03757963000000E+005, +2.508133E-011
+2.05007950000000E+005, +9.642072E-011
+2.06257938000000E+005, +1.220169E-010
+2.07507925000000E+005, +7.754571E-011
+2.08757913000000E+005, +6.085363E-010
+2.10007900000000E+005, +8.768878E-010
+2.11257888000000E+005, +2.668221E-010
+2.12507875000000E+005, +4.486748E-010
+2.13757863000000E+005, +4.807814E-010
+2.15007850000000E+005, +6.539866E-010
+2.16257838000000E+005, +2.111054E-010
+2.17507825000000E+005, +7.547599E-011
+2.18757813000000E+005, +2.865596E-011
+2.20007800000000E+005, +4.456713E-011
+2.21257788000000E+005, +2.532124E-010
+2.22507775000000E+005, +4.078591E-010
+2.23757763000000E+005, +5.426385E-010
+2.25007750000000E+005, +1.116187E-010
+2.26257738000000E+005, +1.297879E-009
+2.27507725000000E+005, +2.300470E-010
+2.28757713000000E+005, +2.173228E-010
+2.30007700000000E+005, +5.773475E-011
+2.31257688000000E+005, +5.398832E-010
+2.32507675000000E+005, +6.994582E-010
+2.33757663000000E+005, +2.649824E-010
+2.35007650000000E+005, +5.884252E-011
+2.36257638000000E+005, +1.505964E-010
+2.37507625000000E+005, +2.472873E-010
+2.38757613000000E+005, +6.676137E-011
+2.40007600000000E+005, +2.557047E-010
+2.41257588000000E+005, +7.915101E-011
+2.42507575000000E+005, +7.791454E-011
+2.43757563000000E+005, +2.999884E-011
+2.45007550000000E+005, +1.113937E-010
+2.46257538000000E+005, +7.480274E-011
+2.47507525000000E+005, +2.559143E-008
+2.48757513000000E+005, +1.907834E-008
+2.50007500000000E+005, +1.495263E-010
+2.51257488000000E+005, +1.588557E-010
+2.52507475000000E+005, +5.795045E-011
+2.53757463000000E+005, +1.249429E-010
+2.55007450000000E+005, +8.062211E-011
+2.56257438000000E+005, +6.397267E-011
+2.57507425000000E+005, +8.461988E-011
+2.58757413000000E+005, +1.777769E-010
+2.60007400000000E+005, +5.040325E-011
+2.61257388000000E+005, +5.422958E-011
+2.62507375000000E+005, +7.007162E-011
+2.63757363000000E+005, +1.282036E-010
+2.65007350000000E+005, +1.836207E-010
+2.66257338000000E+005, +1.905725E-010
+2.67507325000000E+005, +1.617639E-010
+2.68757313000000E+005, +1.911689E-010
+2.70007300000000E+005, +2.429510E-010
+2.71257288000000E+005, +4.905393E-010
+2.72507275000000E+005, +3.141057E-010
+2.73757263000000E+005, +4.057123E-010
+2.75007250000000E+005, +8.687498E-011
+2.76257238000000E+005, +1.028736E-010
+2.77507225000000E+005, +1.475638E-010
+2.78757213000000E+005, +2.907980E-010
+2.80007200000000E+005, +2.649345E-010
+2.81257188000000E+005, +4.168608E-010
+2.82507175000000E+005, +7.063733E-010
+2.83757163000000E+005, +3.441138E-010
+2.85007150000000E+005, +1.091591E-010
+2.86257138000000E+005, +2.454652E-010
+2.87507125000000E+005, +4.701443E-010
+2.88757113000000E+005, +1.301472E-010
+2.90007100000000E+005, +1.126677E-010
+2.91257088000000E+005, +3.773565E-010
+2.92507075000000E+005, +1.646240E-010
+2.93757063000000E+005, +2.280450E-011
+2.95007050000000E+005, +4.593085E-011
+2.96257038000000E+005, +2.368405E-010
+2.97507025000000E+005, +4.315428E-009
+2.98757013000000E+005, +2.091467E-010
+3.00007000000000E+005, +1.461406E-010
+3.01256988000000E+005, +1.609185E-010
+3.02506975000000E+005, +1.216915E-010
+3.03756963000000E+005, +3.345078E-011
+3.05006950000000E+005, +4.689582E-011
+3.06256938000000E+005, +2.567488E-011
+3.07506925000000E+005, +1.404183E-010
+3.08756913000000E+005, +5.400149E-011
+3.10006900000000E+005, +6.289078E-011
+3.11256888000000E+005, +2.216229E-010
+3.12506875000000E+005, +7.438310E-011
+3.13756863000000E+005, +2.453649E-011
+3.15006850000000E+005, +1.340012E-011
+3.16256838000000E+005, +7.763551E-011
+3.17506825000000E+005, +2.578261E-011
+3.18756813000000E+005, +1.916604E-011
+3.20006800000000E+005, +4.598662E-011
+3.21256788000000E+005, +6.109981E-011
+3.22506775000000E+005, +6.118556E-011
+3.23756763000000E+005, +1.957762E-011
+3.25006750000000E+005, +5.151383E-011
+3.26256738000000E+005, +2.227415E-011
+3.27506725000000E+005, +1.669542E-011
+3.28756713000000E+005, +1.831190E-011
+3.30006700000000E+005, +1.933647E-011
+3.31256688000000E+005, +2.028403E-011
+3.32506675000000E+005, +3.475201E-012
+3.33756663000000E+005, +1.060970E-011
+3.35006650000000E+005, +2.807689E-011
+3.36256638000000E+005, +3.742731E-011
+3.37506625000000E+005, +1.177345E-012
+3.38756613000000E+005, +2.460124E-012
+3.40006600000000E+005, +1.894889E-011
+3.41256588000000E+005, +1.949151E-011
+3.42506575000000E+005, +6.067346E-012
+3.43756563000000E+005, +6.140616E-012
+3.45006550000000E+005, +9.522415E-012
+3.46256538000000E+005, +1.168350E-009
+3.47506525000000E+005, +1.286118E-009
+3.48756513000000E+005, +1.276017E-010
+3.50006500000000E+005, +8.981126E-011
+3.51256488000000E+005, +3.439632E-012
+3.52506475000000E+005, +3.173751E-012
+3.53756463000000E+005, +2.960798E-012
+3.55006450000000E+005, +2.530705E-012
+3.56256438000000E+005, +2.333774E-012
+3.57506425000000E+005, +3.185629E-012
+3.58756413000000E+005, +1.885719E-012
+3.60006400000000E+005, +3.060829E-013
+3.61256388000000E+005, +9.914704E-013
+3.62506375000000E+005, +4.274800E-013
+3.63756363000000E+005, +3.666371E-012
+3.65006350000000E+005, +1.634757E-012
+3.66256338000000E+005, +9.271066E-013
+3.67506325000000E+005, +1.912855E-012
+3.68756313000000E+005, +1.973890E-012
+3.70006300000000E+005, +1.879749E-012
+3.71256288000000E+005, +3.471633E-012
+3.72506275000000E+005, +7.901781E-012
+3.73756263000000E+005, +5.595067E-012
+3.75006250000000E+005, +1.458922E-012
+3.76256238000000E+005, +7.949820E-012
+3.77506225000000E+005, +7.322673E-012
+3.78756213000000E+005, +1.528583E-012
+3.80006200000000E+005, +2.945983E-012
+3.81256188000000E+005, +3.393937E-012
+3.82506175000000E+005, +1.223469E-012
+3.83756163000000E+005, +5.099792E-012
+3.85006150000000E+005, +6.031139E-012
+3.86256138000000E+005, +1.721716E-012
+3.87506125000000E+005, +2.390470E-012
+3.88756113000000E+005, +3.225720E-012
+3.90006100000000E+005, +1.662832E-012
+3.91256088000000E+005, +3.020015E-012
+3.92506075000000E+005, +1.258135E-012
+3.93756063000000E+005, +5.813827E-012
+3.95006050000000E+005, +3.836126E-012
+3.96256038000000E+005, +1.515681E-010
+3.97506025000000E+005, +1.456966E-010
+3.98756013000000E+005, +2.233402E-012
+4.00006000000000E+005, +2.192622E-012
+4.01255988000000E+005, +1.253343E-012
+4.02505975000000E+005, +1.670752E-012
+4.03755963000000E+005, +2.033314E-012
+4.05005950000000E+005, +1.429609E-012
+4.06255938000000E+005, +7.246174E-013
+4.07505925000000E+005, +2.852673E-012
+4.08755913000000E+005, +1.763125E-012
+4.10005900000000E+005, +6.326955E-011
+4.11255888000000E+005, +5.993651E-011
+4.12505875000000E+005, +1.006060E-012
+4.13755863000000E+005, +3.086664E-012
+4.15005850000000E+005, +1.909166E-011
+4.16255838000000E+005, +1.689649E-011
+4.17505825000000E+005, +1.130923E-011
+4.18755813000000E+005, +8.890667E-012
+4.20005800000000E+005, +3.814367E-011
+4.21255788000000E+005, +1.695506E-011
+4.22505775000000E+005, +3.439265E-012
+4.23755763000000E+005, +4.286013E-012
+4.25005750000000E+005, +1.816420E-012
+4.26255738000000E+005, +1.745139E-012
+4.27505725000000E+005, +8.947409E-013
+4.28755713000000E+005, +2.324348E-012
+4.30005700000000E+005, +1.821483E-012
+4.31255688000000E+005, +2.103118E-012
+4.32505675000000E+005, +2.511639E-012
+4.33755663000000E+005, +3.036339E-012
+4.35005650000000E+005, +1.283177E-012
+4.36255638000000E+005, +1.757348E-012
+4.37505625000000E+005, +7.961034E-013
+4.38755613000000E+005, +5.871195E-013
+4.40005600000000E+005, +6.266078E-013
+4.41255588000000E+005, +1.297490E-012
+4.42505575000000E+005, +1.254641E-012
+4.43755563000000E+005, +1.506243E-012
+4.45005550000000E+005, +1.952971E-012
+4.46255538000000E+005, +5.264105E-011
+4.47505525000000E+005, +1.123152E-011
+4.48755513000000E+005, +2.979622E-013
+4.50005500000000E+005, +1.213220E-012
+4.51255488000000E+005, +1.255969E-012
+4.52505475000000E+005, +4.011033E-013
+4.53755463000000E+005, +2.606188E-012
+4.55005450000000E+005, +3.357613E-013
+4.56255438000000E+005, +7.500980E-013
+4.57505425000000E+005, +5.198657E-013
+4.58755413000000E+005, +6.003377E-013
+4.60005400000000E+005, +8.424870E-013
+4.61255388000000E+005, +8.909356E-013
+4.62505375000000E+005, +1.345509E-012
+4.63755363000000E+005, +1.096800E-012
+4.65005350000000E+005, +1.925969E-012
+4.66255338000000E+005, +1.444560E-012
+4.67505325000000E+005, +1.150495E-012
+4.68755313000000E+005, +6.716122E-013
+4.70005300000000E+005, +2.537927E-013
+4.71255288000000E+005, +4.123862E-013
+4.72505275000000E+005, +2.429334E-013
+4.73755263000000E+005, +3.335698E-013
+4.75005250000000E+005, +1.278106E-012
+4.76255238000000E+005, +2.462762E-012
+4.77505225000000E+005, +1.276557E-012
+4.78755213000000E+005, +1.179479E-012
+4.80005200000000E+005, +5.675756E-013
+4.81255188000000E+005, +4.304491E-013
+4.82505175000000E+005, +4.004951E-013
+4.83755163000000E+005, +5.939439E-013
+4.85005150000000E+005, +3.207378E-013
+4.86255138000000E+005, +3.255981E-013
+4.87505125000000E+005, +7.491136E-013
+4.88755113000000E+005, +4.149372E-013
+4.90005100000000E+005, +1.523635E-013
+4.91255088000000E+005, +6.107698E-013
+4.92505075000000E+005, +2.130719E-012
+4.93755063000000E+005, +2.083965E-012
+4.95005050000000E+005, +3.147036E-012
+4.96255038000000E+005, +7.559140E-012
+4.97505025000000E+005, +1.017070E-012
+4.98755013000000E+005, +1.210532E-012
+5.00005000000000E+005, +1.448463E-012
+5.01254988000000E+005, +2.057476E-012
+5.02504975000000E+005, +7.476438E-013
+5.03754963000000E+005, +5.857077E-013
+5.05004950000000E+005, +3.187600E-013
+5.06254938000000E+005, +2.460422E-013
+5.07504925000000E+005, +1.650711E-013
+5.08754913000000E+005, +1.087388E-012
+5.10004900000000E+005, +2.063462E-013
+5.11254888000000E+005, +8.898463E-013
+5.12504875000000E+005, +9.540271E-013
+5.13754863000000E+005, +8.833265E-013
+5.15004850000000E+005, +7.058145E-013
+5.16254838000000E+005, +4.029557E-013
+5.17504825000000E+005, +1.433532E-012
+5.18754813000000E+005, +1.202146E-012
+5.20004800000000E+005, +1.007749E-012
+5.21254788000000E+005, +2.748981E-013
+5.22504775000000E+005, +3.193887E-013
+5.23754763000000E+005, +5.243941E-013
+5.25004750000000E+005, +2.101066E-013
+5.26254738000000E+005, +6.572230E-013
+5.27504725000000E+005, +8.819020E-013
+5.28754713000000E+005, +4.462284E-013
+5.30004700000000E+005, +6.588745E-013
+5.31254688000000E+005, +9.622561E-013
+5.32504675000000E+005, +1.024330E-012
+5.33754663000000E+005, +4.335094E-013
+5.35004650000000E+005, +4.637524E-013
+5.36254638000000E+005, +3.872387E-012
+5.37504625000000E+005, +3.559073E-012
+5.38754613000000E+005, +5.125063E-013
+5.40004600000000E+005, +2.060451E-013
+5.41254588000000E+005, +7.686091E-013
+5.42504575000000E+005, +2.687256E-013
+5.43754563000000E+005, +9.332845E-014
+5.45004550000000E+005, +3.403225E-012
+5.46254538000000E+005, +3.894763E-012
+5.47504525000000E+005, +5.044370E-012
+5.48754513000000E+005, +1.932508E-012
+5.50004500000000E+005, +2.747917E-013
+5.51254488000000E+005, +1.641808E-013
+5.52504475000000E+005, +3.831264E-013
+5.53754463000000E+005, +3.850092E-013
+5.55004450000000E+005, +9.467498E-014
+5.56254438000000E+005, +2.827197E-013
+5.57504425000000E+005, +1.405586E-013
+5.58754413000000E+005, +1.574132E-013
+5.60004400000000E+005, +3.417952E-013
+5.61254388000000E+005, +2.803246E-013
+5.62504375000000E+005, +3.881565E-013
+5.63754363000000E+005, +1.066052E-012
+5.65004350000000E+005, +7.917663E-013
+5.66254338000000E+005, +1.535037E-012
+5.67504325000000E+005, +1.399343E-012
+5.68754313000000E+005, +2.621772E-011
+5.70004300000000E+005, +2.937406E-011
+5.71254288000000E+005, +2.211349E-012
+5.72504275000000E+005, +2.326153E-012
+5.73754263000000E+005, +7.800776E-013
+5.75004250000000E+005, +2.592463E-013
+5.76254238000000E+005, +6.165200E-013
+5.77504225000000E+005, +3.365896E-013
+5.78754213000000E+005, +2.935584E-013
+5.80004200000000E+005, +1.760550E-012
+5.81254188000000E+005, +2.292989E-012
+5.82504175000000E+005, +1.045091E-013
+5.83754163000000E+005, +3.496537E-013
+5.85004150000000E+005, +2.867461E-013
+5.86254138000000E+005, +5.211936E-013
+5.87504125000000E+005, +3.513614E-013
+5.88754113000000E+005, +4.411602E-013
+5.90004100000000E+005, +7.242336E-014
+5.91254088000000E+005, +1.306743E-013
+5.92504075000000E+005, +1.507049E-013
+5.93754063000000E+005, +3.557490E-013
+5.95004050000000E+005, +1.451458E-012
+5.96254038000000E+005, +5.173826E-013
+5.97504025000000E+005, +1.993512E-013
+5.98754013000000E+005, +7.537684E-014
+6.00004000000000E+005, +1.739715E-013
+6.01253988000000E+005, +4.486114E-013
+6.02503975000000E+005, +3.505788E-013
+6.03753963000000E+005, +3.494541E-013
+6.05003950000000E+005, +2.219025E-013
+6.06253938000000E+005, +3.118688E-013
+6.07503925000000E+005, +8.303098E-013
+6.08753913000000E+005, +1.046965E-013
+6.10003900000000E+005, +1.822030E-013
+6.11253888000000E+005, +2.371796E-013
+6.12503875000000E+005, +1.250677E-013
+6.13753863000000E+005, +2.685558E-013
+6.15003850000000E+005, +4.000417E-013
+6.16253838000000E+005, +8.614070E-013
+6.17503825000000E+005, +2.037710E-013
+6.18753813000000E+005, +2.858678E-013
+6.20003800000000E+005, +8.806047E-014
+6.21253788000000E+005, +3.019031E-013
+6.22503775000000E+005, +3.730094E-013
+6.23753763000000E+005, +8.622305E-014
+6.25003750000000E+005, +6.426026E-014
+6.26253738000000E+005, +9.217178E-014
+6.27503725000000E+005, +4.745371E-013
+6.28753713000000E+005, +6.105417E-013
+6.30003700000000E+005, +5.466042E-014
+6.31253688000000E+005, +4.537024E-014
+6.32503675000000E+005, +2.461050E-013
+6.33753663000000E+005, +1.707440E-013
+6.35003650000000E+005, +1.790739E-013
+6.36253638000000E+005, +2.409578E-013
+6.37503625000000E+005, +1.498106E-013
+6.38753613000000E+005, +1.214992E-013
+6.40003600000000E+005, +1.491450E-012
+6.41253588000000E+005, +7.107768E-013
+6.42503575000000E+005, +2.788834E-013
+6.43753563000000E+005, +4.441510E-013
+6.45003550000000E+005, +1.103788E-012
+6.46253538000000E+005, +5.497022E-013
+6.47503525000000E+005, +2.904532E-013
+6.48753513000000E+005, +9.343677E-014
+6.50003500000000E+005, +3.171978E-013
+6.51253488000000E+005, +5.027699E-014
+6.52503475000000E+005, +1.250988E-013
+6.53753463000000E+005, +1.005421E-013
+6.55003450000000E+005, +4.341145E-013
+6.56253438000000E+005, +1.825685E-013
+6.57503425000000E+005, +6.253974E-014
+6.58753413000000E+005, +2.266699E-013
+6.60003400000000E+005, +1.457950E-013
+6.61253388000000E+005, +1.037817E-013
+6.62503375000000E+005, +2.322743E-013
+6.63753363000000E+005, +3.396795E-013
+6.65003350000000E+005, +2.847802E-013
+6.66253338000000E+005, +1.142204E-013
+6.67503325000000E+005, +1.181765E-013
+6.68753313000000E+005, +9.792197E-014
+6.70003300000000E+005, +3.270854E-014
+6.71253288000000E+005, +7.976198E-014
+6.72503275000000E+005, +1.602658E-013
+6.73753263000000E+005, +8.381886E-014
+6.75003250000000E+005, +5.642918E-014
+6.76253238000000E+005, +4.230658E-014
+6.77503225000000E+005, +3.867943E-013
+6.78753213000000E+005, +2.827406E-013
+6.80003200000000E+005, +2.705861E-013
+6.81253188000000E+005, +2.168186E-013
+6.82503175000000E+005, +1.178369E-013
+6.83753163000000E+005, +4.730663E-013
+6.85003150000000E+005, +8.167879E-013
+6.86253138000000E+005, +3.148837E-013
+6.87503125000000E+005, +3.322675E-014
+6.88753113000000E+005, +1.694972E-014
+6.90003100000000E+005, +1.771976E-014
+6.91253088000000E+005, +4.784554E-014
+6.92503075000000E+005, +9.708378E-014
+6.93753063000000E+005, +3.211982E-013
+6.95003050000000E+005, +3.699540E-013
+6.96253038000000E+005, +6.949880E-013
+6.97503025000000E+005, +3.909433E-013
+6.98753013000000E+005, +4.693072E-013
+7.00003000000000E+005, +2.675851E-013
+7.01252988000000E+005, +1.566423E-013
+7.02502975000000E+005, +1.563613E-013
+7.03752963000000E+005, +9.753458E-014
+7.05002950000000E+005, +2.081000E-013
+7.06252938000000E+005, +1.539226E-013
+7.07502925000000E+005, +7.585772E-014
+7.08752913000000E+005, +2.614792E-013
+7.10002900000000E+005, +4.187821E-013
+7.11252888000000E+005, +1.441115E-012
+7.12502875000000E+005, +1.721656E-012
+7.13752863000000E+005, +1.633296E-013
+7.15002850000000E+005, +5.658907E-013
+7.16252838000000E+005, +9.025006E-013
+7.17502825000000E+005, +1.571397E-013
+7.18752813000000E+005, +5.658671E-014
+7.20002800000000E+005, +2.238461E-014
+7.21252788000000E+005, +5.118171E-014
+7.22502775000000E+005, +2.214186E-014
+7.23752763000000E+005, +2.693224E-013
+7.25002750000000E+005, +1.859935E-013
+7.26252738000000E+005, +2.240915E-013
+7.27502725000000E+005, +1.913895E-013
+7.28752713000000E+005, +2.176519E-013
+7.30002700000000E+005, +5.797445E-014
+7.31252688000000E+005, +2.214407E-013
+7.32502675000000E+005, +5.130505E-014
+7.33752663000000E+005, +9.056832E-015
+7.35002650000000E+005, +5.482371E-014
+7.36252638000000E+005, +1.316426E-013
+7.37502625000000E+005, +1.740550E-013
+7.38752613000000E+005, +1.652695E-013
+7.40002600000000E+005, +1.343037E-013
+7.41252588000000E+005, +1.396395E-013
+7.42502575000000E+005, +4.016923E-014
+7.43752563000000E+005, +3.767574E-013
+7.45002550000000E+005, +2.573296E-013
+7.46252538000000E+005, +8.571978E-014
+7.47502525000000E+005, +1.279314E-013
+7.48752513000000E+005, +1.586513E-013
+7.50002500000000E+005, +5.596356E-014
+7.51252488000000E+005, +2.173992E-013
+7.52502475000000E+005, +7.041816E-014
+7.53752463000000E+005, +1.790976E-013
+7.55002450000000E+005, +7.649940E-014
+7.56252438000000E+005, +1.395887E-013
+7.57502425000000E+005, +1.874212E-013
+7.58752413000000E+005, +1.052387E-013
+7.60002400000000E+005, +1.898776E-013
+7.61252388000000E+005, +3.082588E-013
+7.62502375000000E+005, +1.045351E-013
+7.63752363000000E+005, +5.942093E-014
+7.65002350000000E+005, +6.378480E-014
+7.66252338000000E+005, +6.478151E-014
+7.67502325000000E+005, +7.598073E-014
+7.68752313000000E+005, +5.378352E-014
+7.70002300000000E+005, +9.208015E-014
+7.71252288000000E+005, +1.424697E-013
+7.72502275000000E+005, +2.475030E-013
+7.73752263000000E+005, +4.491352E-013
+7.75002250000000E+005, +2.705245E-013
+7.76252238000000E+005, +2.570102E-013
+7.77502225000000E+005, +1.170069E-013
+7.78752213000000E+005, +1.259272E-013
+7.80002200000000E+005, +6.751574E-014
+7.81252188000000E+005, +1.284405E-013
+7.82502175000000E+005, +3.337862E-013
+7.83752163000000E+005, +4.502183E-013
+7.85002150000000E+005, +1.747972E-013
+7.86252138000000E+005, +1.259486E-013
+7.87502125000000E+005, +3.105443E-013
+7.88752113000000E+005, +8.247198E-014
+7.90002100000000E+005, +9.802855E-014
+7.91252088000000E+005, +2.035273E-014
+7.92502075000000E+005, +1.456221E-013
+7.93752063000000E+005, +9.683955E-013
+7.95002050000000E+005, +1.646751E-013
+7.96252038000000E+005, +1.419688E-013
+7.97502025000000E+005, +1.008209E-013
+7.98752013000000E+005, +6.929716E-014
+8.00002000000000E+005, +1.409984E-013
+8.01251988000000E+005, +1.570798E-013
+8.02501975000000E+005, +1.850818E-013
+8.03751963000000E+005, +5.389451E-014
+8.05001950000000E+005, +1.087032E-013
+8.06251938000000E+005, +2.233087E-013
+8.07501925000000E+005, +1.604550E-013
+8.08751913000000E+005, +1.632542E-013
+8.10001900000000E+005, +2.232260E-014
+8.11251888000000E+005, +2.325528E-013
+8.12501875000000E+005, +9.790569E-014
+8.13751863000000E+005, +3.417623E-013
+8.15001850000000E+005, +6.291407E-013
+8.16251838000000E+005, +2.696777E-013
+8.17501825000000E+005, +2.951370E-013
+8.18751813000000E+005, +1.032795E-013
+8.20001800000000E+005, +1.796547E-013
+8.21251788000000E+005, +1.284766E-013
+8.22501775000000E+005, +1.276091E-013
+8.23751763000000E+005, +2.894431E-013
+8.25001750000000E+005, +1.791332E-013
+8.26251738000000E+005, +3.039804E-013
+8.27501725000000E+005, +1.910697E-013
+8.28751713000000E+005, +1.167735E-013
+8.30001700000000E+005, +1.908221E-013
+8.31251688000000E+005, +2.072396E-013
+8.32501675000000E+005, +1.856573E-013
+8.33751663000000E+005, +1.667953E-013
+8.35001650000000E+005, +6.380783E-014
+8.36251638000000E+005, +1.708236E-013
+8.37501625000000E+005, +4.300452E-014
+8.38751613000000E+005, +8.917546E-014
+8.40001600000000E+005, +2.841213E-013
+8.41251588000000E+005, +9.625916E-014
+8.42501575000000E+005, +3.962683E-013
+8.43751563000000E+005, +5.281746E-013
+8.45001550000000E+005, +1.326891E-013
+8.46251538000000E+005, +5.016777E-014
+8.47501525000000E+005, +2.056307E-013
+8.48751513000000E+005, +3.811966E-013
+8.50001500000000E+005, +1.326187E-013
+8.51251488000000E+005, +1.934655E-014
+8.52501475000000E+005, +6.212887E-014
+8.53751463000000E+005, +2.555640E-013
+8.55001450000000E+005, +9.609061E-014
+8.56251438000000E+005, +1.992258E-013
+8.57501425000000E+005, +5.490117E-013
+8.58751413000000E+005, +5.478208E-013
+8.60001400000000E+005, +4.107055E-014
+8.61251388000000E+005, +9.054199E-014
+8.62501375000000E+005, +8.423073E-014
+8.63751363000000E+005, +5.636783E-014
+8.65001350000000E+005, +1.933345E-014
+8.66251338000000E+005, +4.824406E-014
+8.67501325000000E+005, +5.414719E-014
+8.68751313000000E+005, +3.074057E-014
+8.70001300000000E+005, +2.777515E-012
+8.71251288000000E+005, +2.802305E-012
+8.72501275000000E+005, +1.058088E-013
+8.73751263000000E+005, +4.728239E-014
+8.75001250000000E+005, +2.723475E-014
+8.76251238000000E+005, +4.381731E-014
+8.77501225000000E+005, +1.448682E-013
+8.78751213000000E+005, +6.377681E-014
+8.80001200000000E+005, +2.946242E-013
+8.81251188000000E+005, +3.161749E-013
+8.82501175000000E+005, +8.522291E-014
+8.83751163000000E+005, +2.897830E-013
+8.85001150000000E+005, +5.582529E-013
+8.86251138000000E+005, +1.454611E-013
+8.87501125000000E+005, +4.719841E-014
+8.88751113000000E+005, +8.073387E-014
+8.90001100000000E+005, +1.007593E-013
+8.91251088000000E+005, +2.085494E-014
+8.92501075000000E+005, +6.547486E-013
+8.93751063000000E+005, +7.544331E-013
+8.95001050000000E+005, +1.663938E-013
+8.96251038000000E+005, +1.014106E-013
+8.97501025000000E+005, +1.524184E-013
+8.98751013000000E+005, +1.336718E-013
+9.00001000000000E+005, +3.071924E-013
+9.01250988000000E+005, +1.959614E-013
+9.02500975000000E+005, +2.147209E-014
+9.03750963000000E+005, +7.388558E-014
+9.05000950000000E+005, +1.138379E-013
+9.06250938000000E+005, +2.354536E-014
+9.07500925000000E+005, +1.162844E-013
+9.08750913000000E+005, +1.126157E-013
+9.10000900000000E+005, +9.752245E-014
+9.11250888000000E+005, +7.841610E-014
+9.12500875000000E+005, +1.702867E-013
+9.13750863000000E+005, +1.793941E-013
+9.15000850000000E+005, +2.183272E-013
+9.16250838000000E+005, +1.809998E-013
+9.17500825000000E+005, +1.961188E-013
+9.18750813000000E+005, +2.509983E-013
+9.20000800000000E+005, +2.472972E-013
+9.21250788000000E+005, +4.451762E-014
+9.22500775000000E+005, +8.655672E-014
+9.23750763000000E+005, +1.187697E-013
+9.25000750000000E+005, +5.544954E-013
+9.26250738000000E+005, +4.224860E-013
+9.27500725000000E+005, +1.563772E-013
+9.28750713000000E+005, +3.132633E-013
+9.30000700000000E+005, +7.961573E-013
+9.31250688000000E+005, +7.281986E-013
+9.32500675000000E+005, +2.261000E-013
+9.33750663000000E+005, +1.780566E-013
+9.35000650000000E+005, +9.977632E-014
+9.36250638000000E+005, +2.158347E-013
+9.37500625000000E+005, +7.498466E-013
+9.38750613000000E+005, +4.218021E-013
+9.40000600000000E+005, +1.270246E-013
+9.41250588000000E+005, +1.237321E-013
+9.42500575000000E+005, +4.630391E-013
+9.43750563000000E+005, +2.700587E-013
+9.45000550000000E+005, +2.722760E-013
+9.46250538000000E+005, +3.238919E-014
+9.47500525000000E+005, +5.876196E-014
+9.48750513000000E+005, +1.169519E-013
+9.50000500000000E+005, +2.346402E-014
+9.51250488000000E+005, +1.477399E-013
+9.52500475000000E+005, +1.288072E-013
+9.53750463000000E+005, +4.336262E-014
+9.55000450000000E+005, +6.649678E-014
+9.56250438000000E+005, +3.524917E-013
+9.57500425000000E+005, +4.024934E-013
+9.58750413000000E+005, +3.095386E-013
+9.60000400000000E+005, +2.983773E-013
+9.61250388000000E+005, +4.552249E-013
+9.62500375000000E+005, +3.438188E-013
+9.63750363000000E+005, +2.572952E-013
+9.65000350000000E+005, +2.256080E-013
+9.66250338000000E+005, +5.622830E-014
+9.67500325000000E+005, +3.606280E-013
+9.68750313000000E+005, +2.865173E-013
+9.70000300000000E+005, +1.277636E-013
+9.71250288000000E+005, +9.097969E-014
+9.72500275000000E+005, +1.001258E-013
+9.73750263000000E+005, +3.711581E-013
+9.75000250000000E+005, +3.769496E-013
+9.76250238000000E+005, +3.188334E-013
+9.77500225000000E+005, +2.684062E-013
+9.78750213000000E+005, +1.242597E-013
+9.80000200000000E+005, +6.043294E-012
+9.81250188000000E+005, +6.753916E-012
+9.82500175000000E+005, +4.850158E-013
+9.83750163000000E+005, +1.349347E-012
+9.85000150000000E+005, +1.872351E-012
+9.86250138000000E+005, +1.474500E-013
+9.87500125000000E+005, +2.017512E-013
+9.88750113000000E+005, +3.685785E-013
+9.90000100000000E+005, +2.543085E-013
+9.91250088000000E+005, +7.311462E-014
+9.92500075000000E+005, +1.095222E-012
+9.93750063000000E+005, +5.621862E-013
+9.95000050000000E+005, +1.471039E-013
+9.96250038000000E+005, +1.831567E-012
+9.97500025000000E+005, +1.296277E-012
+9.98750013000000E+005, +7.636140E-014
+1.00000000000000E+006, +1.304945E-013
