# Channel 1
+1.00000000000000E+003, +4.878628E-008
+1.34987500000000E+004, +5.435404E-008
+2.59975000000000E+004, +1.035051E-007
+3.84962500000000E+004, +1.491556E-007
+5.09950000000000E+004, +2.044016E-007
+6.34937500000000E+004, +1.917234E-007
+7.59925000000000E+004, +1.415063E-007
+8.84912500000000E+004, +4.716837E-008
+1.00990000000000E+005, +2.165433E-008
+1.13488750000000E+005, +2.545998E-008
+1.25987500000000E+005, +8.042105E-008
+1.38486250000000E+005, +1.615508E-007
+1.50985000000000E+005, +1.716460E-007
+1.63483750000000E+005, +1.054778E-007
+1.75982500000000E+005, +2.002575E-008
+1.88481250000000E+005, +1.235520E-008
+2.00980000000000E+005, +1.910803E-008
+2.13478750000000E+005, +2.639038E-008
+2.25977500000000E+005, +3.904006E-008
+2.38476250000000E+005, +1.015036E-007
+2.50975000000000E+005, +1.111145E-007
+2.63473750000000E+005, +8.789510E-008
+2.75972500000000E+005, +3.916604E-008
+2.88471250000000E+005, +3.219154E-008
+3.00970000000000E+005, +2.799359E-008
+3.13468750000000E+005, +1.437977E-008
+3.25967500000000E+005, +4.088897E-009
+3.38466250000000E+005, +7.328430E-009
+3.50965000000000E+005, +7.167211E-009
+3.63463750000000E+005, +4.440091E-009
+3.75962500000000E+005, +7.315081E-010
+3.88461250000000E+005, +1.032079E-009
+4.00960000000000E+005, +1.143895E-009
+4.13458750000000E+005, +8.534811E-010
+4.25957500000000E+005, +3.986843E-010
+4.38456250000000E+005, +5.810707E-010
+4.50955000000000E+005, +5.590448E-010
+4.63453750000000E+005, +3.740705E-010
+4.75952500000000E+005, +1.026317E-010
+4.88451250000000E+005, +1.026250E-010
+5.00950000000000E+005, +1.119027E-010
+5.13448750000000E+005, +9.403856E-011
+5.25947500000000E+005, +6.289624E-011
+5.38446250000000E+005, +6.560678E-011
+5.50945000000000E+005, +8.165342E-011
+5.63443750000000E+005, +7.584777E-011
+5.75942500000000E+005, +6.317000E-011
+5.88441250000000E+005, +4.515396E-011
+6.00940000000000E+005, +2.988541E-011
+6.13438750000000E+005, +2.514059E-011
+6.25937500000000E+005, +2.427298E-011
+6.38436250000000E+005, +2.488086E-011
+6.50935000000000E+005, +2.517593E-011
+6.63433750000000E+005, +1.767227E-011
+6.75932500000000E+005, +1.346440E-011
+6.88431250000000E+005, +1.394370E-011
+7.00930000000000E+005, +1.302484E-011
+7.13428750000000E+005, +1.218568E-011
+7.25927500000000E+005, +1.121783E-011
+7.38426250000000E+005, +1.042571E-011
+7.50925000000000E+005, +1.168866E-011
+7.63423750000000E+005, +1.202630E-011
+7.75922500000000E+005, +1.218903E-011
+7.88421250000000E+005, +1.280587E-011
+8.00920000000000E+005, +1.470427E-011
+8.13418750000000E+005, +1.594220E-011
+8.25917500000000E+005, +1.507711E-011
+8.38416250000000E+005, +1.297042E-011
+8.50915000000000E+005, +1.264631E-011
+8.63413750000000E+005, +1.058071E-011
+8.75912500000000E+005, +9.122612E-012
+8.88411250000000E+005, +6.941256E-012
+9.00910000000000E+005, +7.857806E-012
+9.13408750000000E+005, +8.678886E-012
+9.25907500000000E+005, +9.298336E-012
+9.38406250000000E+005, +1.301663E-011
+9.50905000000000E+005, +1.852992E-011
+9.63403750000000E+005, +2.732215E-011
+9.75902500000000E+005, +3.386472E-011
+9.88401250000000E+005, +3.368462E-011
+1.00090000000000E+006, +2.821645E-011
+1.01339875000000E+006, +2.303133E-011
+1.02589750000000E+006, +3.881324E-011
+1.03839625000000E+006, +7.031137E-011
+1.05089500000000E+006, +1.052568E-010
+1.06339375000000E+006, +9.857225E-011
+1.07589250000000E+006, +8.468664E-011
+1.08839125000000E+006, +8.409864E-011
+1.10089000000000E+006, +1.039129E-010
+1.11338875000000E+006, +8.980055E-011
+1.12588750000000E+006, +7.084798E-011
+1.13838625000000E+006, +6.782049E-011
+1.15088500000000E+006, +9.886214E-011
+1.16338375000000E+006, +6.822431E-011
+1.17588250000000E+006, +5.257085E-011
+1.18838125000000E+006, +5.957428E-011
+1.20088000000000E+006, +6.090903E-011
+1.21337875000000E+006, +3.622928E-011
+1.22587750000000E+006, +2.484789E-011
+1.23837625000000E+006, +2.058136E-011
+1.25087500000000E+006, +1.790800E-011
+1.26337375000000E+006, +1.593108E-011
+1.27587250000000E+006, +1.590183E-011
+1.28837125000000E+006, +1.361117E-011
+1.30087000000000E+006, +1.462404E-011
+1.31336875000000E+006, +1.420283E-011
+1.32586750000000E+006, +1.299760E-011
+1.33836625000000E+006, +1.320531E-011
+1.35086500000000E+006, +1.168714E-011
+1.36336375000000E+006, +8.986168E-012
+1.37586250000000E+006, +8.986822E-012
+1.38836125000000E+006, +7.881600E-012
+1.40086000000000E+006, +8.419601E-012
+1.41335875000000E+006, +9.579360E-012
+1.42585750000000E+006, +1.224990E-011
+1.43835625000000E+006, +9.870603E-012
+1.45085500000000E+006, +7.237941E-012
+1.46335375000000E+006, +7.586512E-012
+1.47585250000000E+006, +6.152084E-012
+1.48835125000000E+006, +5.859179E-012
+1.50085000000000E+006, +6.991819E-012
+1.51334875000000E+006, +8.477963E-012
+1.52584750000000E+006, +8.968977E-012
+1.53834625000000E+006, +8.909543E-012
+1.55084500000000E+006, +8.045084E-012
+1.56334375000000E+006, +6.936630E-012
+1.57584250000000E+006, +5.724753E-012
+1.58834125000000E+006, +6.536799E-012
+1.60084000000000E+006, +7.422413E-012
+1.61333875000000E+006, +7.395271E-012
+1.62583750000000E+006, +6.827989E-012
+1.63833625000000E+006, +6.026573E-012
+1.65083500000000E+006, +6.302441E-012
+1.66333375000000E+006, +5.937806E-012
+1.67583250000000E+006, +4.815592E-012
+1.68833125000000E+006, +5.046605E-012
+1.70083000000000E+006, +5.221808E-012
+1.71332875000000E+006, +4.504020E-012
+1.72582750000000E+006, +4.374666E-012
+1.73832625000000E+006, +4.993768E-012
+1.75082500000000E+006, +5.413109E-012
+1.76332375000000E+006, +5.598608E-012
+1.77582250000000E+006, +5.360097E-012
+1.78832125000000E+006, +5.105377E-012
+1.80082000000000E+006, +4.245437E-012
+1.81331875000000E+006, +3.832825E-012
+1.82581750000000E+006, +4.191626E-012
+1.83831625000000E+006, +4.915133E-012
+1.85081500000000E+006, +5.652074E-012
+1.86331375000000E+006, +6.693728E-012
+1.87581250000000E+006, +6.866559E-012
+1.88831125000000E+006, +6.291885E-012
+1.90081000000000E+006, +6.122323E-012
+1.91330875000000E+006, +5.553320E-012
+1.92580750000000E+006, +5.199093E-012
+1.93830625000000E+006, +4.248065E-012
+1.95080500000000E+006, +3.649461E-012
+1.96330375000000E+006, +3.398709E-012
+1.97580250000000E+006, +4.743147E-012
+1.98830125000000E+006, +5.954041E-012
+2.00080000000000E+006, +5.845308E-012
+2.01329875000000E+006, +5.647865E-012
+2.02579750000000E+006, +5.991688E-012
+2.03829625000000E+006, +7.322603E-012
+2.05079500000000E+006, +8.395966E-012
+2.06329375000000E+006, +6.984210E-012
+2.07579250000000E+006, +5.297003E-012
+2.08829125000000E+006, +5.328828E-012
+2.10079000000000E+006, +4.451735E-012
+2.11328875000000E+006, +3.254592E-012
+2.12578750000000E+006, +3.430763E-012
+2.13828625000000E+006, +3.737477E-012
+2.15078500000000E+006, +3.265335E-012
+2.16328375000000E+006, +2.842564E-012
+2.17578250000000E+006, +3.358970E-012
+2.18828125000000E+006, +3.909038E-012
+2.20078000000000E+006, +4.431028E-012
+2.21327875000000E+006, +3.866146E-012
+2.22577750000000E+006, +3.877117E-012
+2.23827625000000E+006, +3.496039E-012
+2.25077500000000E+006, +3.797268E-012
+2.26327375000000E+006, +3.813091E-012
+2.27577250000000E+006, +3.352693E-012
+2.28827125000000E+006, +3.034094E-012
+2.30077000000000E+006, +2.669563E-012
+2.31326875000000E+006, +3.503579E-012
+2.32576750000000E+006, +3.393635E-012
+2.33826625000000E+006, +3.506329E-012
+2.35076500000000E+006, +3.437316E-012
+2.36326375000000E+006, +3.099418E-012
+2.37576250000000E+006, +3.029002E-012
+2.38826125000000E+006, +3.589809E-012
+2.40076000000000E+006, +3.813865E-012
+2.41325875000000E+006, +3.051071E-012
+2.42575750000000E+006, +2.958248E-012
+2.43825625000000E+006, +3.462958E-012
+2.45075500000000E+006, +2.740778E-012
+2.46325375000000E+006, +2.442712E-012
+2.47575250000000E+006, +3.420343E-012
+2.48825125000000E+006, +3.265409E-012
+2.50075000000000E+006, +3.303514E-012
+2.51324875000000E+006, +3.044977E-012
+2.52574750000000E+006, +2.896422E-012
+2.53824625000000E+006, +2.279075E-012
+2.55074500000000E+006, +1.722395E-012
+2.56324375000000E+006, +2.154871E-012
+2.57574250000000E+006, +2.335179E-012
+2.58824125000000E+006, +2.694861E-012
+2.60074000000000E+006, +2.571929E-012
+2.61323875000000E+006, +2.514627E-012
+2.62573750000000E+006, +2.481422E-012
+2.63823625000000E+006, +2.574488E-012
+2.65073500000000E+006, +2.445023E-012
+2.66323375000000E+006, +2.679904E-012
+2.67573250000000E+006, +2.561706E-012
+2.68823125000000E+006, +2.433378E-012
+2.70073000000000E+006, +2.323437E-012
+2.71322875000000E+006, +1.975121E-012
+2.72572750000000E+006, +2.535154E-012
+2.73822625000000E+006, +3.062749E-012
+2.75072500000000E+006, +2.940373E-012
+2.76322375000000E+006, +2.991393E-012
+2.77572250000000E+006, +2.316388E-012
+2.78822125000000E+006, +2.497548E-012
+2.80072000000000E+006, +2.800559E-012
+2.81321875000000E+006, +2.434894E-012
+2.82571750000000E+006, +2.173342E-012
+2.83821625000000E+006, +2.134408E-012
+2.85071500000000E+006, +2.397622E-012
+2.86321375000000E+006, +2.442519E-012
+2.87571250000000E+006, +2.069591E-012
+2.88821125000000E+006, +1.625688E-012
+2.90071000000000E+006, +1.345540E-012
+2.91320875000000E+006, +1.479635E-012
+2.92570750000000E+006, +1.674092E-012
+2.93820625000000E+006, +1.794827E-012
+2.95070500000000E+006, +1.899884E-012
+2.96320375000000E+006, +2.352335E-012
+2.97570250000000E+006, +2.283656E-012
+2.98820125000000E+006, +2.054627E-012
+3.00070000000000E+006, +2.016914E-012
+3.01319875000000E+006, +2.602742E-012
+3.02569750000000E+006, +2.364836E-012
+3.03819625000000E+006, +2.388783E-012
+3.05069500000000E+006, +1.908071E-012
+3.06319375000000E+006, +1.614717E-012
+3.07569250000000E+006, +1.707439E-012
+3.08819125000000E+006, +1.498869E-012
+3.10069000000000E+006, +1.708033E-012
+3.11318875000000E+006, +1.976247E-012
+3.12568750000000E+006, +2.007238E-012
+3.13818625000000E+006, +1.828254E-012
+3.15068500000000E+006, +1.599610E-012
+3.16318375000000E+006, +1.581661E-012
+3.17568250000000E+006, +1.603120E-012
+3.18818125000000E+006, +2.013213E-012
+3.20068000000000E+006, +2.023255E-012
+3.21317875000000E+006, +1.597791E-012
+3.22567750000000E+006, +1.196818E-012
+3.23817625000000E+006, +1.428518E-012
+3.25067500000000E+006, +1.600034E-012
+3.26317375000000E+006, +1.314736E-012
+3.27567250000000E+006, +1.297508E-012
+3.28817125000000E+006, +1.177015E-012
+3.30067000000000E+006, +1.106617E-012
+3.31316875000000E+006, +1.389619E-012
+3.32566750000000E+006, +1.403753E-012
+3.33816625000000E+006, +1.350498E-012
+3.35066500000000E+006, +1.234555E-012
+3.36316375000000E+006, +1.308401E-012
+3.37566250000000E+006, +1.251910E-012
+3.38816125000000E+006, +1.034043E-012
+3.40066000000000E+006, +9.039666E-013
+3.41315875000000E+006, +1.022224E-012
+3.42565750000000E+006, +1.003446E-012
+3.43815625000000E+006, +9.208237E-013
+3.45065500000000E+006, +1.089552E-012
+3.46315375000000E+006, +1.724075E-012
+3.47565250000000E+006, +1.323698E-012
+3.48815125000000E+006, +1.612821E-012
+3.50065000000000E+006, +1.512034E-012
+3.51314875000000E+006, +1.493700E-012
+3.52564750000000E+006, +1.867339E-012
+3.53814625000000E+006, +1.895682E-012
+3.55064500000000E+006, +1.505419E-012
+3.56314375000000E+006, +1.293738E-012
+3.57564250000000E+006, +1.147388E-012
+3.58814125000000E+006, +1.303717E-012
+3.60064000000000E+006, +9.287266E-013
+3.61313875000000E+006, +1.178532E-012
+3.62563750000000E+006, +1.182376E-011
+3.63813625000000E+006, +2.125598E-011
+3.65063500000000E+006, +2.121377E-011
+3.66313375000000E+006, +9.646459E-012
+3.67563250000000E+006, +1.178969E-012
+3.68813125000000E+006, +2.200379E-012
+3.70063000000000E+006, +1.000595E-010
+3.71312875000000E+006, +2.011587E-010
+3.72562750000000E+006, +2.008846E-010
+3.73812625000000E+006, +9.572181E-011
+3.75062500000000E+006, +2.329626E-012
+3.76312375000000E+006, +8.840680E-013
+3.77562250000000E+006, +9.503679E-013
+3.78812125000000E+006, +1.180980E-012
+3.80062000000000E+006, +1.106994E-012
+3.81311875000000E+006, +1.053685E-012
+3.82561750000000E+006, +1.059062E-012
+3.83811625000000E+006, +9.451589E-013
+3.85061500000000E+006, +8.090059E-013
+3.86311375000000E+006, +1.007086E-012
+3.87561250000000E+006, +9.711470E-013
+3.88811125000000E+006, +1.013464E-012
+3.90061000000000E+006, +1.157567E-012
+3.91310875000000E+006, +9.425780E-013
+3.92560750000000E+006, +6.826368E-013
+3.93810625000000E+006, +6.134022E-013
+3.95060500000000E+006, +7.502271E-013
+3.96310375000000E+006, +9.680441E-013
+3.97560250000000E+006, +1.172616E-012
+3.98810125000000E+006, +1.083443E-012
+4.00060000000000E+006, +1.023126E-012
+4.01309875000000E+006, +9.874810E-013
+4.02559750000000E+006, +1.126360E-012
+4.03809625000000E+006, +1.011566E-012
+4.05059500000000E+006, +7.042815E-013
+4.06309375000000E+006, +4.936761E-013
+4.07559250000000E+006, +6.109844E-013
+4.08809125000000E+006, +8.685847E-013
+4.10059000000000E+006, +1.017484E-012
+4.11308875000000E+006, +1.034896E-012
+4.12558750000000E+006, +9.571081E-013
+4.13808625000000E+006, +9.445387E-013
+4.15058500000000E+006, +6.062713E-013
+4.16308375000000E+006, +7.037626E-013
+4.17558250000000E+006, +8.087878E-013
+4.18808125000000E+006, +7.594704E-013
+4.20058000000000E+006, +7.174152E-013
+4.21307875000000E+006, +7.261690E-013
+4.22557750000000E+006, +7.049801E-013
+4.23807625000000E+006, +5.861638E-013
+4.25057500000000E+006, +5.888319E-013
+4.26307375000000E+006, +6.445495E-013
+4.27557250000000E+006, +6.504238E-013
+4.28807125000000E+006, +6.262080E-013
+4.30057000000000E+006, +7.239102E-013
+4.31306875000000E+006, +7.716073E-013
+4.32556750000000E+006, +7.879285E-013
+4.33806625000000E+006, +8.955075E-013
+4.35056500000000E+006, +7.973931E-013
+4.36306375000000E+006, +6.673044E-013
+4.37556250000000E+006, +8.213148E-013
+4.38806125000000E+006, +9.033407E-013
+4.40056000000000E+006, +7.416062E-013
+4.41305875000000E+006, +6.604783E-013
+4.42555750000000E+006, +4.575643E-013
+4.43805625000000E+006, +5.237610E-013
+4.45055500000000E+006, +7.201696E-013
+4.46305375000000E+006, +8.886337E-013
+4.47555250000000E+006, +8.908748E-013
+4.48805125000000E+006, +8.650700E-013
+4.50055000000000E+006, +7.900865E-013
+4.51304875000000E+006, +6.967350E-013
+4.52554750000000E+006, +6.567366E-013
+4.53804625000000E+006, +7.258077E-013
+4.55054500000000E+006, +5.819446E-013
+4.56304375000000E+006, +5.357016E-013
+4.57554250000000E+006, +4.677603E-013
+4.58804125000000E+006, +4.797906E-013
+4.60054000000000E+006, +5.349067E-013
+4.61303875000000E+006, +6.833454E-013
+4.62553750000000E+006, +5.625015E-013
+4.63803625000000E+006, +6.405910E-013
+4.65053500000000E+006, +6.838312E-013
+4.66303375000000E+006, +6.320332E-013
+4.67553250000000E+006, +5.574476E-013
+4.68803125000000E+006, +6.496630E-013
+4.70053000000000E+006, +5.005580E-013
+4.71302875000000E+006, +7.118504E-013
+4.72552750000000E+006, +7.398248E-013
+4.73802625000000E+006, +5.518912E-013
+4.75052500000000E+006, +5.289726E-013
+4.76302375000000E+006, +4.868724E-013
+4.77552250000000E+006, +4.381418E-013
+4.78802125000000E+006, +3.996195E-013
+4.80052000000000E+006, +5.011387E-013
+4.81301875000000E+006, +5.207576E-013
+4.82551750000000E+006, +4.538500E-013
+4.83801625000000E+006, +4.851814E-013
+4.85051500000000E+006, +6.159522E-013
+4.86301375000000E+006, +7.881414E-013
+4.87551250000000E+006, +7.889259E-013
+4.88801125000000E+006, +6.589041E-013
+4.90051000000000E+006, +5.883544E-013
+4.91300875000000E+006, +6.049084E-013
+4.92550750000000E+006, +6.226562E-013
+4.93800625000000E+006, +6.517501E-013
+4.95050500000000E+006, +5.973311E-013
+4.96300375000000E+006, +4.474298E-013
+4.97550250000000E+006, +3.888010E-013
+4.98800125000000E+006, +5.543433E-013
+5.00050000000000E+006, +6.406236E-013
+5.01299875000000E+006, +6.890914E-013
+5.02549750000000E+006, +7.275239E-013
+5.03799625000000E+006, +6.631057E-013
+5.05049500000000E+006, +5.249151E-013
+5.06299375000000E+006, +4.901686E-013
+5.07549250000000E+006, +4.409645E-013
+5.08799125000000E+006, +4.525515E-013
+5.10049000000000E+006, +5.430253E-013
+5.11298875000000E+006, +5.559934E-013
+5.12548750000000E+006, +4.613186E-013
+5.13798625000000E+006, +4.377343E-013
+5.15048500000000E+006, +4.584977E-013
+5.16298375000000E+006, +3.996896E-013
+5.17548250000000E+006, +3.149261E-013
+5.18798125000000E+006, +3.995189E-013
+5.20048000000000E+006, +4.841313E-013
+5.21297875000000E+006, +4.894882E-013
+5.22547750000000E+006, +3.599354E-013
+5.23797625000000E+006, +4.502958E-013
+5.25047500000000E+006, +5.499023E-013
+5.26297375000000E+006, +5.441114E-013
+5.27547250000000E+006, +5.217469E-013
+5.28797125000000E+006, +4.821198E-013
+5.30047000000000E+006, +4.164541E-013
+5.31296875000000E+006, +4.333237E-013
+5.32546750000000E+006, +5.101803E-013
+5.33796625000000E+006, +5.673419E-013
+5.35046500000000E+006, +4.858288E-013
+5.36296375000000E+006, +3.093017E-013
+5.37546250000000E+006, +3.073825E-013
+5.38796125000000E+006, +3.780837E-013
+5.40046000000000E+006, +4.655064E-013
+5.41295875000000E+006, +4.805582E-013
+5.42545750000000E+006, +4.383300E-013
+5.43795625000000E+006, +3.477008E-013
+5.45045500000000E+006, +3.745341E-013
+5.46295375000000E+006, +5.511920E-013
+5.47545250000000E+006, +7.331280E-013
+5.48795125000000E+006, +7.502605E-013
+5.50045000000000E+006, +5.837599E-013
+5.51294875000000E+006, +4.033707E-013
+5.52544750000000E+006, +3.916278E-013
+5.53794625000000E+006, +3.675474E-013
+5.55044500000000E+006, +4.356008E-013
+5.56294375000000E+006, +4.083711E-013
+5.57544250000000E+006, +3.813096E-013
+5.58794125000000E+006, +3.666459E-013
+5.60044000000000E+006, +2.966432E-013
+5.61293875000000E+006, +2.780932E-013
+5.62543750000000E+006, +3.163537E-013
+5.63793625000000E+006, +3.073167E-013
+5.65043500000000E+006, +3.373943E-013
+5.66293375000000E+006, +4.328375E-013
+5.67543250000000E+006, +5.251934E-013
+5.68793125000000E+006, +5.898159E-013
+5.70043000000000E+006, +4.682572E-013
+5.71292875000000E+006, +4.685937E-013
+5.72542750000000E+006, +5.123716E-013
+5.73792625000000E+006, +4.620106E-013
+5.75042500000000E+006, +3.957933E-013
+5.76292375000000E+006, +5.861838E-013
+5.77542250000000E+006, +7.619152E-013
+5.78792125000000E+006, +5.686512E-013
+5.80042000000000E+006, +5.910951E-013
+5.81291875000000E+006, +4.286600E-013
+5.82541750000000E+006, +2.963429E-013
+5.83791625000000E+006, +2.926352E-013
+5.85041500000000E+006, +3.752609E-013
+5.86291375000000E+006, +6.668473E-013
+5.87541250000000E+006, +9.379674E-013
+5.88791125000000E+006, +1.001152E-012
+5.90041000000000E+006, +7.265457E-013
+5.91290875000000E+006, +4.481522E-013
+5.92540750000000E+006, +3.633705E-013
+5.93790625000000E+006, +3.870675E-013
+5.95040500000000E+006, +6.067104E-013
+5.96290375000000E+006, +7.884024E-013
+5.97540250000000E+006, +7.668416E-013
+5.98790125000000E+006, +5.616916E-013
+6.00040000000000E+006, +3.788804E-013
+6.01289875000000E+006, +4.292527E-013
+6.02539750000000E+006, +5.190680E-013
+6.03789625000000E+006, +5.173422E-013
+6.05039500000000E+006, +4.099938E-013
+6.06289375000000E+006, +6.733749E-013
+6.07539250000000E+006, +8.933974E-013
+6.08789125000000E+006, +4.704457E-013
+6.10039000000000E+006, +3.649374E-013
+6.11288875000000E+006, +3.070490E-013
+6.12538750000000E+006, +2.279092E-013
+6.13788625000000E+006, +2.881529E-013
+6.15038500000000E+006, +4.668298E-013
+6.16288375000000E+006, +5.615938E-013
+6.17538250000000E+006, +4.993243E-013
+6.18788125000000E+006, +3.302668E-013
+6.20038000000000E+006, +2.937599E-013
+6.21287875000000E+006, +3.357092E-013
+6.22537750000000E+006, +3.213468E-013
+6.23787625000000E+006, +3.581694E-013
+6.25037500000000E+006, +3.302504E-013
+6.26287375000000E+006, +3.281547E-013
+6.27537250000000E+006, +3.685427E-013
+6.28787125000000E+006, +3.377111E-013
+6.30037000000000E+006, +3.378343E-013
+6.31286875000000E+006, +3.089020E-013
+6.32536750000000E+006, +3.324790E-013
+6.33786625000000E+006, +3.044855E-013
+6.35036500000000E+006, +2.884652E-013
+6.36286375000000E+006, +3.194654E-013
+6.37536250000000E+006, +4.400085E-013
+6.38786125000000E+006, +5.417108E-013
+6.40036000000000E+006, +5.289152E-013
+6.41285875000000E+006, +4.239977E-013
+6.42535750000000E+006, +3.679049E-013
+6.43785625000000E+006, +3.817702E-013
+6.45035500000000E+006, +3.785406E-013
+6.46285375000000E+006, +3.101604E-013
+6.47535250000000E+006, +2.592140E-013
+6.48785125000000E+006, +2.862007E-013
+6.50035000000000E+006, +3.332775E-013
+6.51284875000000E+006, +3.680370E-013
+6.52534750000000E+006, +3.404182E-013
+6.53784625000000E+006, +3.236663E-013
+6.55034500000000E+006, +2.752323E-013
+6.56284375000000E+006, +1.993109E-013
+6.57534250000000E+006, +2.166980E-013
+6.58784125000000E+006, +2.944760E-013
+6.60034000000000E+006, +3.447199E-013
+6.61283875000000E+006, +4.023560E-013
+6.62533750000000E+006, +4.938915E-013
+6.63783625000000E+006, +3.613823E-013
+6.65033500000000E+006, +2.213273E-013
+6.66283375000000E+006, +2.055951E-013
+6.67533250000000E+006, +2.945764E-013
+6.68783125000000E+006, +3.395821E-013
+6.70033000000000E+006, +2.734840E-013
+6.71282875000000E+006, +2.798060E-013
+6.72532750000000E+006, +2.996202E-013
+6.73782625000000E+006, +2.187212E-013
+6.75032500000000E+006, +2.558872E-013
+6.76282375000000E+006, +4.210426E-013
+6.77532250000000E+006, +5.830104E-013
+6.78782125000000E+006, +5.636877E-013
+6.80032000000000E+006, +4.792699E-013
+6.81281875000000E+006, +3.525791E-013
+6.82531750000000E+006, +3.510718E-013
+6.83781625000000E+006, +3.611484E-013
+6.85031500000000E+006, +2.839931E-013
+6.86281375000000E+006, +3.074062E-013
+6.87531250000000E+006, +3.008734E-013
+6.88781125000000E+006, +2.659073E-013
+6.90031000000000E+006, +2.718368E-013
+6.91280875000000E+006, +2.302367E-013
+6.92530750000000E+006, +4.639835E-013
+6.93780625000000E+006, +3.558560E-013
+6.95030500000000E+006, +3.345692E-013
+6.96280375000000E+006, +4.337004E-013
+6.97530250000000E+006, +3.821009E-013
+6.98780125000000E+006, +2.821987E-013
+7.00030000000000E+006, +2.900963E-013
+7.01279875000000E+006, +3.194803E-013
+7.02529750000000E+006, +3.563921E-013
+7.03779625000000E+006, +3.288529E-013
+7.05029500000000E+006, +3.686312E-013
+7.06279375000000E+006, +3.672435E-013
+7.07529250000000E+006, +3.723694E-013
+7.08779125000000E+006, +3.199894E-013
+7.10029000000000E+006, +2.643613E-013
+7.11278875000000E+006, +2.608698E-013
+7.12528750000000E+006, +3.283056E-013
+7.13778625000000E+006, +4.060148E-013
+7.15028500000000E+006, +4.861896E-013
+7.16278375000000E+006, +4.985795E-013
+7.17528250000000E+006, +4.628634E-013
+7.18778125000000E+006, +2.739813E-013
+7.20028000000000E+006, +2.064739E-013
+7.21277875000000E+006, +2.155713E-013
+7.22527750000000E+006, +2.611956E-013
+7.23777625000000E+006, +2.819833E-013
+7.25027500000000E+006, +2.232282E-013
+7.26277375000000E+006, +2.931320E-013
+7.27527250000000E+006, +3.021876E-013
+7.28777125000000E+006, +3.023566E-013
+7.30027000000000E+006, +3.038781E-013
+7.31276875000000E+006, +2.789134E-013
+7.32526750000000E+006, +2.582215E-013
+7.33776625000000E+006, +2.736358E-013
+7.35026500000000E+006, +4.864121E-013
+7.36276375000000E+006, +5.554252E-013
+7.37526250000000E+006, +5.261429E-013
+7.38776125000000E+006, +3.328752E-013
+7.40026000000000E+006, +3.352958E-013
+7.41275875000000E+006, +3.434183E-013
+7.42525750000000E+006, +2.706374E-013
+7.43775625000000E+006, +2.832932E-013
+7.45025500000000E+006, +3.469852E-013
+7.46275375000000E+006, +2.519885E-013
+7.47525250000000E+006, +2.651612E-013
+7.48775125000000E+006, +2.067499E-013
+7.50025000000000E+006, +1.614182E-013
+7.51274875000000E+006, +2.195482E-013
+7.52524750000000E+006, +2.917166E-013
+7.53774625000000E+006, +3.242502E-013
+7.55024500000000E+006, +3.597056E-013
+7.56274375000000E+006, +3.457505E-013
+7.57524250000000E+006, +2.914488E-013
+7.58774125000000E+006, +2.896930E-013
+7.60024000000000E+006, +2.324169E-013
+7.61273875000000E+006, +2.093764E-013
+7.62523750000000E+006, +2.438886E-013
+7.63773625000000E+006, +2.858846E-013
+7.65023500000000E+006, +2.754580E-013
+7.66273375000000E+006, +2.206168E-013
+7.67523250000000E+006, +1.393918E-013
+7.68773125000000E+006, +1.435371E-013
+7.70023000000000E+006, +1.967964E-013
+7.71272875000000E+006, +1.981072E-013
+7.72522750000000E+006, +3.074951E-013
+7.73772625000000E+006, +3.214198E-013
+7.75022500000000E+006, +3.632742E-013
+7.76272375000000E+006, +3.337803E-013
+7.77522250000000E+006, +2.406016E-013
+7.78772125000000E+006, +1.960377E-013
+7.80022000000000E+006, +2.140789E-013
+7.81271875000000E+006, +2.884285E-013
+7.82521750000000E+006, +3.217244E-013
+7.83771625000000E+006, +3.545027E-013
+7.85021500000000E+006, +3.355080E-013
+7.86271375000000E+006, +2.990597E-013
+7.87521250000000E+006, +2.645155E-013
+7.88771125000000E+006, +1.982856E-013
+7.90021000000000E+006, +2.030217E-013
+7.91270875000000E+006, +2.614397E-013
+7.92520750000000E+006, +2.533273E-013
+7.93770625000000E+006, +2.982593E-013
+7.95020500000000E+006, +3.379402E-013
+7.96270375000000E+006, +2.905463E-013
+7.97520250000000E+006, +2.562225E-013
+7.98770125000000E+006, +2.103701E-013
+8.00020000000000E+006, +2.238275E-013
+8.01269875000000E+006, +3.042422E-013
+8.02519750000000E+006, +2.346995E-013
+8.03769625000000E+006, +2.303151E-013
+8.05019500000000E+006, +2.728833E-013
+8.06269375000000E+006, +3.130834E-013
+8.07519250000000E+006, +2.902965E-013
+8.08769125000000E+006, +2.131358E-013
+8.10019000000000E+006, +2.281118E-013
+8.11268875000000E+006, +2.151451E-013
+8.12518750000000E+006, +2.765334E-013
+8.13768625000000E+006, +3.198742E-013
+8.15018500000000E+006, +2.679849E-013
+8.16268375000000E+006, +2.404012E-013
+8.17518250000000E+006, +2.339535E-013
+8.18768125000000E+006, +2.331426E-013
+8.20018000000000E+006, +2.182490E-013
+8.21267875000000E+006, +2.298193E-013
+8.22517750000000E+006, +2.136661E-013
+8.23767625000000E+006, +2.341397E-013
+8.25017500000000E+006, +2.433937E-013
+8.26267375000000E+006, +2.462606E-013
+8.27517250000000E+006, +2.298279E-013
+8.28767125000000E+006, +2.573119E-013
+8.30017000000000E+006, +2.393441E-013
+8.31266875000000E+006, +2.321247E-013
+8.32516750000000E+006, +2.648890E-013
+8.33766625000000E+006, +2.469631E-013
+8.35016500000000E+006, +2.750822E-013
+8.36266375000000E+006, +2.815875E-013
+8.37516250000000E+006, +2.777719E-013
+8.38766125000000E+006, +2.450413E-013
+8.40016000000000E+006, +2.281266E-013
+8.41265875000000E+006, +2.106615E-013
+8.42515750000000E+006, +2.831586E-013
+8.43765625000000E+006, +2.945515E-013
+8.45015500000000E+006, +2.621938E-013
+8.46265375000000E+006, +2.420104E-013
+8.47515250000000E+006, +2.306413E-013
+8.48765125000000E+006, +2.750861E-013
+8.50015000000000E+006, +2.592695E-013
+8.51264875000000E+006, +1.958781E-013
+8.52514750000000E+006, +1.853974E-013
+8.53764625000000E+006, +2.257838E-013
+8.55014500000000E+006, +2.424671E-013
+8.56264375000000E+006, +2.844191E-013
+8.57514250000000E+006, +2.729270E-013
+8.58764125000000E+006, +2.146840E-013
+8.60014000000000E+006, +1.875701E-013
+8.61263875000000E+006, +1.893034E-013
+8.62513750000000E+006, +2.174723E-013
+8.63763625000000E+006, +2.791969E-013
+8.65013500000000E+006, +3.264132E-013
+8.66263375000000E+006, +3.045156E-013
+8.67513250000000E+006, +2.224265E-013
+8.68763125000000E+006, +1.821672E-013
+8.70013000000000E+006, +2.078816E-013
+8.71262875000000E+006, +2.210530E-013
+8.72512750000000E+006, +1.747322E-013
+8.73762625000000E+006, +1.573923E-013
+8.75012500000000E+006, +1.341582E-013
+8.76262375000000E+006, +1.967488E-013
+8.77512250000000E+006, +2.333722E-013
+8.78762125000000E+006, +2.303608E-013
+8.80012000000000E+006, +1.928572E-013
+8.81261875000000E+006, +2.096824E-013
+8.82511750000000E+006, +2.258404E-013
+8.83761625000000E+006, +2.341914E-013
+8.85011500000000E+006, +2.050933E-013
+8.86261375000000E+006, +1.514388E-013
+8.87511250000000E+006, +1.550319E-013
+8.88761125000000E+006, +1.936211E-013
+8.90011000000000E+006, +2.014441E-013
+8.91260875000000E+006, +2.202280E-013
+8.92510750000000E+006, +2.219202E-013
+8.93760625000000E+006, +2.180623E-013
+8.95010500000000E+006, +1.874532E-013
+8.96260375000000E+006, +1.821622E-013
+8.97510250000000E+006, +2.137921E-013
+8.98760125000000E+006, +2.384796E-013
+9.00010000000000E+006, +2.057666E-013
+9.01259875000000E+006, +1.993941E-013
+9.02509750000000E+006, +2.159290E-013
+9.03759625000000E+006, +2.246001E-013
+9.05009500000000E+006, +2.159111E-013
+9.06259375000000E+006, +1.937129E-013
+9.07509250000000E+006, +1.822788E-013
+9.08759125000000E+006, +1.576601E-013
+9.10009000000000E+006, +1.756605E-013
+9.11258875000000E+006, +2.315944E-013
+9.12508750000000E+006, +2.341850E-013
+9.13758625000000E+006, +2.576416E-013
+9.15008500000000E+006, +2.306523E-013
+9.16258375000000E+006, +2.415187E-013
+9.17508250000000E+006, +2.337204E-013
+9.18758125000000E+006, +2.498428E-013
+9.20008000000000E+006, +2.455229E-013
+9.21257875000000E+006, +2.615512E-013
+9.22507750000000E+006, +2.599755E-013
+9.23757625000000E+006, +3.237101E-013
+9.25007500000000E+006, +2.222421E-013
+9.26257375000000E+006, +1.793159E-013
+9.27507250000000E+006, +1.562899E-013
+9.28757125000000E+006, +1.487715E-013
+9.30007000000000E+006, +1.785395E-013
+9.31256875000000E+006, +1.908916E-013
+9.32506750000000E+006, +1.567096E-013
+9.33756625000000E+006, +1.418507E-013
+9.35006500000000E+006, +2.039716E-013
+9.36256375000000E+006, +2.457943E-013
+9.37506250000000E+006, +2.370018E-013
+9.38756125000000E+006, +3.018199E-013
+9.40006000000000E+006, +2.290270E-013
+9.41255875000000E+006, +2.094872E-013
+9.42505750000000E+006, +2.011346E-013
+9.43755625000000E+006, +2.699742E-013
+9.45005500000000E+006, +2.998916E-013
+9.46255375000000E+006, +3.008116E-013
+9.47505250000000E+006, +2.845472E-013
+9.48755125000000E+006, +2.158236E-013
+9.50005000000000E+006, +2.086126E-013
+9.51254875000000E+006, +2.514888E-013
+9.52504750000000E+006, +2.432275E-013
+9.53754625000000E+006, +2.180911E-013
+9.55004500000000E+006, +2.108304E-013
+9.56254375000000E+006, +2.841407E-013
+9.57504250000000E+006, +3.123963E-013
+9.58754125000000E+006, +2.404635E-013
+9.60004000000000E+006, +2.378467E-013
+9.61253875000000E+006, +2.109385E-013
+9.62503750000000E+006, +2.295236E-013
+9.63753625000000E+006, +2.093808E-013
+9.65003500000000E+006, +1.847668E-013
+9.66253375000000E+006, +2.221307E-013
+9.67503250000000E+006, +2.608637E-013
+9.68753125000000E+006, +2.837924E-013
+9.70003000000000E+006, +3.018755E-013
+9.71252875000000E+006, +2.238688E-013
+9.72502750000000E+006, +1.787121E-013
+9.73752625000000E+006, +2.225759E-013
+9.75002500000000E+006, +2.241686E-013
+9.76252375000000E+006, +2.245962E-013
+9.77502250000000E+006, +2.475035E-013
+9.78752125000000E+006, +2.841896E-013
+9.80002000000000E+006, +2.645888E-013
+9.81251875000000E+006, +2.888852E-013
+9.82501750000000E+006, +2.789443E-013
+9.83751625000000E+006, +2.496343E-013
+9.85001500000000E+006, +1.999252E-013
+9.86251375000000E+006, +1.816796E-013
+9.87501250000000E+006, +1.795173E-013
+9.88751125000000E+006, +1.956391E-013
+9.90001000000000E+006, +1.971653E-013
+9.91250875000000E+006, +1.982603E-013
+9.92500750000000E+006, +2.570296E-013
+9.93750625000000E+006, +2.588211E-013
+9.95000500000000E+006, +2.615881E-013
+9.96250375000000E+006, +2.375209E-013
+9.97500250000000E+006, +1.913216E-013
+9.98750125000000E+006, +2.461939E-013
+1.00000000000000E+007, +2.876935E-013
